Longitude,Latitude,individual-local-identifier,Date,timeAPM,Time,Season,DateTime
15.88925578,-18.60671997,LA12,2010-01-01,12:00:00 AM,00:00:00,Hot-Wet,2010-01-01 00:00:00
15.88831278,-18.61441243,LA12,2010-01-01,12:20:00 AM,00:20:00,Hot-Wet,2010-01-01 00:20:00
15.88518982,-18.61973063,LA12,2010-01-01,12:40:00 AM,00:40:00,Hot-Wet,2010-01-01 00:40:00
15.8793925,-18.62334188,LA12,2010-01-01,01:00:00 AM,01:00:00,Hot-Wet,2010-01-01 01:00:00
15.87517497,-18.62299805,LA12,2010-01-01,01:20:00 AM,01:20:00,Hot-Wet,2010-01-01 01:20:00
15.86919352,-18.62304484,LA12,2010-01-01,01:40:00 AM,01:40:00,Hot-Wet,2010-01-01 01:40:00
15.86622518,-18.62233683,LA12,2010-01-01,02:00:00 AM,02:00:00,Hot-Wet,2010-01-01 02:00:00
15.86230774,-18.62145996,LA12,2010-01-01,02:20:00 AM,02:20:00,Hot-Wet,2010-01-01 02:20:00
15.86264445,-18.62248739,LA12,2010-01-01,02:40:00 AM,02:40:00,Hot-Wet,2010-01-01 02:40:00
15.86334025,-18.62212931,LA12,2010-01-01,03:00:00 AM,03:00:00,Hot-Wet,2010-01-01 03:00:00
15.8637441,-18.62248332,LA12,2010-01-01,03:20:00 AM,03:20:00,Hot-Wet,2010-01-01 03:20:00
15.86375427,-18.6224467,LA12,2010-01-01,03:40:00 AM,03:40:00,Hot-Wet,2010-01-01 03:40:00
15.86373393,-18.62246908,LA12,2010-01-01,04:00:00 AM,04:00:00,Hot-Wet,2010-01-01 04:00:00
15.86387126,-18.62234904,LA12,2010-01-01,04:20:00 AM,04:20:00,Hot-Wet,2010-01-01 04:20:00
15.86453451,-18.62071533,LA12,2010-01-01,04:40:00 AM,04:40:00,Hot-Wet,2010-01-01 04:40:00
15.86010234,-18.61582031,LA12,2010-01-01,05:00:00 AM,05:00:00,Hot-Wet,2010-01-01 05:00:00
15.85898539,-18.61119995,LA12,2010-01-01,05:20:00 AM,05:20:00,Hot-Wet,2010-01-01 05:20:00
15.85774638,-18.60761922,LA12,2010-01-01,05:40:00 AM,05:40:00,Hot-Wet,2010-01-01 05:40:00
15.86153463,-18.60144246,LA12,2010-01-01,06:00:00 AM,06:00:00,Hot-Wet,2010-01-01 06:00:00
15.86316325,-18.59783732,LA12,2010-01-01,06:20:00 AM,06:20:00,Hot-Wet,2010-01-01 06:20:00
15.86409912,-18.59823201,LA12,2010-01-01,06:40:00 AM,06:40:00,Hot-Wet,2010-01-01 06:40:00
15.86407064,-18.59824015,LA12,2010-01-01,07:00:00 AM,07:00:00,Hot-Wet,2010-01-01 07:00:00
15.86420797,-18.59795736,LA12,2010-01-01,07:20:00 AM,07:20:00,Hot-Wet,2010-01-01 07:20:00
15.86287537,-18.59563192,LA12,2010-01-01,07:40:00 AM,07:40:00,Hot-Wet,2010-01-01 07:40:00
15.86214396,-18.59469808,LA12,2010-01-01,08:00:00 AM,08:00:00,Hot-Wet,2010-01-01 08:00:00
15.86125183,-18.59177246,LA12,2010-01-01,08:20:00 AM,08:20:00,Hot-Wet,2010-01-01 08:20:00
15.86151021,-18.58916016,LA12,2010-01-01,08:40:00 AM,08:40:00,Hot-Wet,2010-01-01 08:40:00
15.86129557,-18.58917643,LA12,2010-01-01,09:00:00 AM,09:00:00,Hot-Wet,2010-01-01 09:00:00
15.86095886,-18.58914795,LA12,2010-01-01,09:20:00 AM,09:20:00,Hot-Wet,2010-01-01 09:20:00
15.86102905,-18.58891195,LA12,2010-01-01,09:40:00 AM,09:40:00,Hot-Wet,2010-01-01 09:40:00
15.861026,-18.58892008,LA12,2010-01-01,10:00:00 AM,10:00:00,Hot-Wet,2010-01-01 10:00:00
15.86103007,-18.58891398,LA12,2010-01-01,10:20:00 AM,10:20:00,Hot-Wet,2010-01-01 10:20:00
15.86088257,-18.58893636,LA12,2010-01-01,10:40:00 AM,10:40:00,Hot-Wet,2010-01-01 10:40:00
15.86175741,-18.587618,LA12,2010-01-01,11:00:00 AM,11:00:00,Hot-Wet,2010-01-01 11:00:00
15.86231689,-18.58757121,LA12,2010-01-01,11:20:00 AM,11:20:00,Hot-Wet,2010-01-01 11:20:00
15.86305033,-18.58661296,LA12,2010-01-01,11:40:00 AM,11:40:00,Hot-Wet,2010-01-01 11:40:00
15.86307983,-18.58662923,LA12,2010-01-01,12:00:00 PM,12:00:00,Hot-Wet,2010-01-01 12:00:00
15.86306661,-18.58665568,LA12,2010-01-01,12:20:00 PM,12:20:00,Hot-Wet,2010-01-01 12:20:00
15.8630839,-18.58666178,LA12,2010-01-01,12:40:00 PM,12:40:00,Hot-Wet,2010-01-01 12:40:00
15.86305135,-18.58665771,LA12,2010-01-01,01:00:00 PM,13:00:00,Hot-Wet,2010-01-01 13:00:00
15.86306661,-18.58666585,LA12,2010-01-01,01:20:00 PM,13:20:00,Hot-Wet,2010-01-01 13:20:00
15.86327515,-18.58647461,LA12,2010-01-01,01:40:00 PM,13:40:00,Hot-Wet,2010-01-01 13:40:00
15.86417745,-18.58545329,LA12,2010-01-01,02:00:00 PM,14:00:00,Hot-Wet,2010-01-01 14:00:00
15.86182149,-18.58422648,LA12,2010-01-01,02:20:00 PM,14:20:00,Hot-Wet,2010-01-01 14:20:00
15.8623881,-18.58443807,LA12,2010-01-01,02:40:00 PM,14:40:00,Hot-Wet,2010-01-01 14:40:00
15.86065063,-18.5824117,LA12,2010-01-01,03:00:00 PM,15:00:00,Hot-Wet,2010-01-01 15:00:00
15.85940552,-18.58075562,LA12,2010-01-01,03:20:00 PM,15:20:00,Hot-Wet,2010-01-01 15:20:00
15.85810242,-18.58006592,LA12,2010-01-01,03:40:00 PM,15:40:00,Hot-Wet,2010-01-01 15:40:00
15.85813395,-18.57294108,LA12,2010-01-01,04:00:00 PM,16:00:00,Hot-Wet,2010-01-01 16:00:00
15.85797221,-18.56810913,LA12,2010-01-01,04:20:00 PM,16:20:00,Hot-Wet,2010-01-01 16:20:00
15.85445455,-18.56074219,LA12,2010-01-01,04:40:00 PM,16:40:00,Hot-Wet,2010-01-01 16:40:00
15.85224711,-18.55750122,LA12,2010-01-01,05:00:00 PM,17:00:00,Hot-Wet,2010-01-01 17:00:00
15.84919535,-18.55751343,LA12,2010-01-01,05:20:00 PM,17:20:00,Hot-Wet,2010-01-01 17:20:00
15.84917297,-18.55329386,LA12,2010-01-01,05:40:00 PM,17:40:00,Hot-Wet,2010-01-01 17:40:00
15.85313314,-18.55054932,LA12,2010-01-01,06:00:00 PM,18:00:00,Hot-Wet,2010-01-01 18:00:00
15.86078186,-18.55422363,LA12,2010-01-01,06:20:00 PM,18:20:00,Hot-Wet,2010-01-01 18:20:00
15.86398112,-18.55697021,LA12,2010-01-01,06:40:00 PM,18:40:00,Hot-Wet,2010-01-01 18:40:00
15.87139587,-18.5572998,LA12,2010-01-01,07:00:00 PM,19:00:00,Hot-Wet,2010-01-01 19:00:00
15.8752655,-18.55421753,LA12,2010-01-01,07:20:00 PM,19:20:00,Hot-Wet,2010-01-01 19:20:00
15.87966309,-18.55441284,LA12,2010-01-01,07:40:00 PM,19:40:00,Hot-Wet,2010-01-01 19:40:00
15.88131104,-18.55380656,LA12,2010-01-01,08:00:00 PM,20:00:00,Hot-Wet,2010-01-01 20:00:00
15.8877889,-18.55724894,LA12,2010-01-01,08:20:00 PM,20:20:00,Hot-Wet,2010-01-01 20:20:00
15.89083761,-18.56158447,LA12,2010-01-01,08:40:00 PM,20:40:00,Hot-Wet,2010-01-01 20:40:00
15.89171549,-18.56512248,LA12,2010-01-01,09:00:00 PM,21:00:00,Hot-Wet,2010-01-01 21:00:00
15.89189453,-18.56586711,LA12,2010-01-01,09:20:00 PM,21:20:00,Hot-Wet,2010-01-01 21:20:00
15.89183553,-18.56638387,LA12,2010-01-01,09:40:00 PM,21:40:00,Hot-Wet,2010-01-01 21:40:00
15.89251302,-18.56838786,LA12,2010-01-01,10:00:00 PM,22:00:00,Hot-Wet,2010-01-01 22:00:00
15.89249573,-18.56992798,LA12,2010-01-01,10:20:00 PM,22:20:00,Hot-Wet,2010-01-01 22:20:00
15.89168701,-18.57094727,LA12,2010-01-01,10:40:00 PM,22:40:00,Hot-Wet,2010-01-01 22:40:00
15.89187012,-18.57093302,LA12,2010-01-01,11:00:00 PM,23:00:00,Hot-Wet,2010-01-01 23:00:00
15.891863,-18.57162069,LA12,2010-01-01,11:20:00 PM,23:20:00,Hot-Wet,2010-01-01 23:20:00
15.89235636,-18.57555135,LA12,2010-01-01,11:40:00 PM,23:40:00,Hot-Wet,2010-01-01 23:40:00
15.89340922,-18.57734172,LA12,2010-01-02,12:00:00 AM,00:00:00,Hot-Wet,2010-01-02 00:00:00
15.88822734,-18.57885742,LA12,2010-01-02,12:20:00 AM,00:20:00,Hot-Wet,2010-01-02 00:20:00
15.87947998,-18.58169352,LA12,2010-01-02,12:40:00 AM,00:40:00,Hot-Wet,2010-01-02 00:40:00
15.87041219,-18.58201294,LA12,2010-01-02,01:00:00 AM,01:00:00,Hot-Wet,2010-01-02 01:00:00
15.86804708,-18.58338623,LA12,2010-01-02,01:20:00 AM,01:20:00,Hot-Wet,2010-01-02 01:20:00
15.86913554,-18.58413696,LA12,2010-01-02,01:40:00 AM,01:40:00,Hot-Wet,2010-01-02 01:40:00
15.86898397,-18.58429769,LA12,2010-01-02,02:00:00 AM,02:00:00,Hot-Wet,2010-01-02 02:00:00
15.86907247,-18.58422038,LA12,2010-01-02,02:20:00 AM,02:20:00,Hot-Wet,2010-01-02 02:20:00
15.86907756,-18.58421021,LA12,2010-01-02,02:40:00 AM,02:40:00,Hot-Wet,2010-01-02 02:40:00
15.86905111,-18.58422038,LA12,2010-01-02,03:00:00 AM,03:00:00,Hot-Wet,2010-01-02 03:00:00
15.86907857,-18.58420614,LA12,2010-01-02,03:20:00 AM,03:20:00,Hot-Wet,2010-01-02 03:20:00
15.86907247,-18.58423665,LA12,2010-01-02,03:40:00 AM,03:40:00,Hot-Wet,2010-01-02 03:40:00
15.86903687,-18.58421631,LA12,2010-01-02,04:00:00 AM,04:00:00,Hot-Wet,2010-01-02 04:00:00
15.86870626,-18.58512166,LA12,2010-01-02,04:20:00 AM,04:20:00,Hot-Wet,2010-01-02 04:20:00
15.86528219,-18.59042358,LA12,2010-01-02,04:40:00 AM,04:40:00,Hot-Wet,2010-01-02 04:40:00
15.86361186,-18.59409587,LA12,2010-01-02,05:00:00 AM,05:00:00,Hot-Wet,2010-01-02 05:00:00
15.86467082,-18.59630941,LA12,2010-01-02,05:20:00 AM,05:20:00,Hot-Wet,2010-01-02 05:20:00
15.86541748,-18.59771932,LA12,2010-01-02,05:40:00 AM,05:40:00,Hot-Wet,2010-01-02 05:40:00
15.86374003,-18.59741618,LA12,2010-01-02,06:00:00 AM,06:00:00,Hot-Wet,2010-01-02 06:00:00
15.86287028,-18.59655762,LA12,2010-01-02,06:20:00 AM,06:20:00,Hot-Wet,2010-01-02 06:20:00
15.86109517,-18.59430542,LA12,2010-01-02,06:40:00 AM,06:40:00,Hot-Wet,2010-01-02 06:40:00
15.85774028,-18.59415894,LA12,2010-01-02,07:00:00 AM,07:00:00,Hot-Wet,2010-01-02 07:00:00
15.8549469,-18.59511719,LA12,2010-01-02,07:21:00 AM,07:21:00,Hot-Wet,2010-01-02 07:21:00
15.85576477,-18.59429118,LA12,2010-01-02,07:40:00 AM,07:40:00,Hot-Wet,2010-01-02 07:40:00
15.85462443,-18.59254557,LA12,2010-01-02,08:00:00 AM,08:00:00,Hot-Wet,2010-01-02 08:00:00
15.85408223,-18.59261271,LA12,2010-01-02,08:20:00 AM,08:20:00,Hot-Wet,2010-01-02 08:20:00
15.85384115,-18.59221395,LA12,2010-01-02,08:40:00 AM,08:40:00,Hot-Wet,2010-01-02 08:40:00
15.85351461,-18.59183146,LA12,2010-01-02,09:00:00 AM,09:00:00,Hot-Wet,2010-01-02 09:00:00
15.85351868,-18.59185181,LA12,2010-01-02,09:20:00 AM,09:20:00,Hot-Wet,2010-01-02 09:20:00
15.85347595,-18.59183757,LA12,2010-01-02,09:40:00 AM,09:40:00,Hot-Wet,2010-01-02 09:40:00
15.85346273,-18.59190063,LA12,2010-01-02,10:00:00 AM,10:00:00,Hot-Wet,2010-01-02 10:00:00
15.85348307,-18.59189453,LA12,2010-01-02,10:20:00 AM,10:20:00,Hot-Wet,2010-01-02 10:20:00
15.85446981,-18.59126383,LA12,2010-01-02,10:40:00 AM,10:40:00,Hot-Wet,2010-01-02 10:40:00
15.85790812,-18.58975016,LA12,2010-01-02,11:00:00 AM,11:00:00,Hot-Wet,2010-01-02 11:00:00
15.86134338,-18.58802897,LA12,2010-01-02,11:20:00 AM,11:20:00,Hot-Wet,2010-01-02 11:20:00
15.8611674,-18.58800049,LA12,2010-01-02,11:40:00 AM,11:40:00,Hot-Wet,2010-01-02 11:40:00
15.8608846,-18.58811035,LA12,2010-01-02,12:00:00 PM,12:00:00,Hot-Wet,2010-01-02 12:00:00
15.86153056,-18.58722331,LA12,2010-01-02,12:20:00 PM,12:20:00,Hot-Wet,2010-01-02 12:20:00
15.86216125,-18.58651326,LA12,2010-01-02,12:40:00 PM,12:40:00,Hot-Wet,2010-01-02 12:40:00
15.86188354,-18.58594564,LA12,2010-01-02,01:00:00 PM,13:00:00,Hot-Wet,2010-01-02 13:00:00
15.86248983,-18.58577067,LA12,2010-01-02,01:20:00 PM,13:20:00,Hot-Wet,2010-01-02 13:20:00
15.85938416,-18.58085531,LA12,2010-01-02,01:40:00 PM,13:40:00,Hot-Wet,2010-01-02 13:40:00
15.85224915,-18.58008626,LA12,2010-01-02,02:00:00 PM,14:00:00,Hot-Wet,2010-01-02 14:00:00
15.84705709,-18.57754517,LA12,2010-01-02,02:20:00 PM,14:20:00,Hot-Wet,2010-01-02 14:20:00
15.84116618,-18.5740153,LA12,2010-01-02,02:40:00 PM,14:40:00,Hot-Wet,2010-01-02 14:40:00
15.83964233,-18.5686971,LA12,2010-01-02,03:00:00 PM,15:00:00,Hot-Wet,2010-01-02 15:00:00
15.83962809,-18.56707764,LA12,2010-01-02,03:20:00 PM,15:20:00,Hot-Wet,2010-01-02 15:20:00
15.83621419,-18.56716715,LA12,2010-01-02,03:40:00 PM,15:40:00,Hot-Wet,2010-01-02 15:40:00
15.83484904,-18.56702474,LA12,2010-01-02,04:00:00 PM,16:00:00,Hot-Wet,2010-01-02 16:00:00
15.83317261,-18.56647135,LA12,2010-01-02,04:20:00 PM,16:20:00,Hot-Wet,2010-01-02 16:20:00
15.83226217,-18.56624146,LA12,2010-01-02,04:40:00 PM,16:40:00,Hot-Wet,2010-01-02 16:40:00
15.8302887,-18.56865234,LA12,2010-01-02,05:00:00 PM,17:00:00,Hot-Wet,2010-01-02 17:00:00
15.82890828,-18.57459717,LA12,2010-01-02,05:20:00 PM,17:20:00,Hot-Wet,2010-01-02 17:20:00
15.83041077,-18.57960612,LA12,2010-01-02,05:40:00 PM,17:40:00,Hot-Wet,2010-01-02 17:40:00
15.82666626,-18.58528849,LA12,2010-01-02,06:00:00 PM,18:00:00,Hot-Wet,2010-01-02 18:00:00
15.82499186,-18.5927124,LA12,2010-01-02,06:20:00 PM,18:20:00,Hot-Wet,2010-01-02 18:20:00
15.82347921,-18.60017904,LA12,2010-01-02,06:40:00 PM,18:40:00,Hot-Wet,2010-01-02 18:40:00
15.82351278,-18.60277507,LA12,2010-01-02,07:00:00 PM,19:00:00,Hot-Wet,2010-01-02 19:00:00
15.82305196,-18.60310669,LA12,2010-01-02,07:20:00 PM,19:20:00,Hot-Wet,2010-01-02 19:20:00
15.8234314,-18.60357259,LA12,2010-01-02,07:40:00 PM,19:40:00,Hot-Wet,2010-01-02 19:40:00
15.82195943,-18.60452271,LA12,2010-01-02,08:00:00 PM,20:00:00,Hot-Wet,2010-01-02 20:00:00
15.82169393,-18.60465495,LA12,2010-01-02,08:20:00 PM,20:20:00,Hot-Wet,2010-01-02 20:20:00
15.81929626,-18.6052124,LA12,2010-01-02,08:40:00 PM,20:40:00,Hot-Wet,2010-01-02 20:40:00
15.81917419,-18.60434163,LA12,2010-01-02,09:00:00 PM,21:00:00,Hot-Wet,2010-01-02 21:00:00
15.81813151,-18.603302,LA12,2010-01-02,09:20:00 PM,21:20:00,Hot-Wet,2010-01-02 21:20:00
15.81698303,-18.60286458,LA12,2010-01-02,09:40:00 PM,21:40:00,Hot-Wet,2010-01-02 21:40:00
15.81600545,-18.60358887,LA12,2010-01-02,10:00:00 PM,22:00:00,Hot-Wet,2010-01-02 22:00:00
15.81476542,-18.6056722,LA12,2010-01-02,10:20:00 PM,22:20:00,Hot-Wet,2010-01-02 22:20:00
15.81657308,-18.60855713,LA12,2010-01-02,10:40:00 PM,22:40:00,Hot-Wet,2010-01-02 22:40:00
15.81881409,-18.61530151,LA12,2010-01-02,11:00:00 PM,23:00:00,Hot-Wet,2010-01-02 23:00:00
15.81855164,-18.61941528,LA12,2010-01-02,11:20:00 PM,23:20:00,Hot-Wet,2010-01-02 23:20:00
15.82132263,-18.6236674,LA12,2010-01-02,11:40:00 PM,23:40:00,Hot-Wet,2010-01-02 23:40:00
15.8212616,-18.62454834,LA12,2010-01-03,12:00:00 AM,00:00:00,Hot-Wet,2010-01-03 00:00:00
15.82130432,-18.62463582,LA12,2010-01-03,12:20:00 AM,00:20:00,Hot-Wet,2010-01-03 00:20:00
15.8214681,-18.62454224,LA12,2010-01-03,12:40:00 AM,00:40:00,Hot-Wet,2010-01-03 00:40:00
15.82136332,-18.62437134,LA12,2010-01-03,01:00:00 AM,01:00:00,Hot-Wet,2010-01-03 01:00:00
15.8213623,-18.62483927,LA12,2010-01-03,01:20:00 AM,01:20:00,Hot-Wet,2010-01-03 01:20:00
15.82138265,-18.62468262,LA12,2010-01-03,01:40:00 AM,01:40:00,Hot-Wet,2010-01-03 01:40:00
15.82130432,-18.62455037,LA12,2010-01-03,02:00:00 AM,02:00:00,Hot-Wet,2010-01-03 02:00:00
15.8213328,-18.6245992,LA12,2010-01-03,02:20:00 AM,02:20:00,Hot-Wet,2010-01-03 02:20:00
15.82131755,-18.62457479,LA12,2010-01-03,02:40:00 AM,02:40:00,Hot-Wet,2010-01-03 02:40:00
15.82125753,-18.62457682,LA12,2010-01-03,03:00:00 AM,03:00:00,Hot-Wet,2010-01-03 03:00:00
15.82125753,-18.624587,LA12,2010-01-03,03:20:00 AM,03:20:00,Hot-Wet,2010-01-03 03:20:00
15.82128092,-18.62458903,LA12,2010-01-03,03:40:00 AM,03:40:00,Hot-Wet,2010-01-03 03:40:00
15.8212738,-18.62458293,LA12,2010-01-03,04:00:00 AM,04:00:00,Hot-Wet,2010-01-03 04:00:00
15.82352295,-18.62804565,LA12,2010-01-03,04:20:00 AM,04:20:00,Hot-Wet,2010-01-03 04:20:00
15.8256602,-18.62973429,LA12,2010-01-03,04:40:00 AM,04:40:00,Hot-Wet,2010-01-03 04:40:00
15.82972921,-18.6317749,LA12,2010-01-03,05:00:00 AM,05:00:00,Hot-Wet,2010-01-03 05:00:00
15.83451131,-18.63366699,LA12,2010-01-03,05:20:00 AM,05:20:00,Hot-Wet,2010-01-03 05:20:00
15.84096781,-18.63266805,LA12,2010-01-03,05:40:00 AM,05:40:00,Hot-Wet,2010-01-03 05:40:00
15.84548645,-18.63203939,LA12,2010-01-03,06:00:00 AM,06:00:00,Hot-Wet,2010-01-03 06:00:00
15.8495992,-18.63464559,LA12,2010-01-03,06:20:00 AM,06:20:00,Hot-Wet,2010-01-03 06:20:00
15.85472412,-18.64144491,LA12,2010-01-03,06:40:00 AM,06:40:00,Hot-Wet,2010-01-03 06:40:00
15.85525614,-18.64255981,LA12,2010-01-03,07:00:00 AM,07:00:00,Hot-Wet,2010-01-03 07:00:00
15.85500793,-18.64769491,LA12,2010-01-03,07:20:00 AM,07:20:00,Hot-Wet,2010-01-03 07:20:00
15.85550435,-18.64871216,LA12,2010-01-03,07:40:00 AM,07:40:00,Hot-Wet,2010-01-03 07:40:00
15.85583598,-18.64927979,LA12,2010-01-03,08:00:00 AM,08:00:00,Hot-Wet,2010-01-03 08:00:00
15.85671488,-18.64952596,LA12,2010-01-03,08:20:00 AM,08:20:00,Hot-Wet,2010-01-03 08:20:00
15.85863139,-18.65102743,LA12,2010-01-03,08:40:00 AM,08:40:00,Hot-Wet,2010-01-03 08:40:00
15.86152344,-18.65188802,LA12,2010-01-03,09:00:00 AM,09:00:00,Hot-Wet,2010-01-03 09:00:00
15.86242981,-18.65289917,LA12,2010-01-03,09:20:00 AM,09:20:00,Hot-Wet,2010-01-03 09:20:00
15.86446025,-18.65310669,LA12,2010-01-03,09:40:00 AM,09:40:00,Hot-Wet,2010-01-03 09:40:00
15.86521912,-18.6543396,LA12,2010-01-03,10:00:00 AM,10:00:00,Hot-Wet,2010-01-03 10:00:00
15.86511841,-18.65455933,LA12,2010-01-03,10:20:00 AM,10:20:00,Hot-Wet,2010-01-03 10:20:00
15.86626383,-18.65521851,LA12,2010-01-03,10:40:00 AM,10:40:00,Hot-Wet,2010-01-03 10:40:00
15.86686503,-18.65553589,LA12,2010-01-03,11:00:00 AM,11:00:00,Hot-Wet,2010-01-03 11:00:00
15.86930949,-18.6555603,LA12,2010-01-03,11:20:00 AM,11:20:00,Hot-Wet,2010-01-03 11:20:00
15.8705719,-18.65513509,LA12,2010-01-03,11:40:00 AM,11:40:00,Hot-Wet,2010-01-03 11:40:00
15.87070923,-18.65542806,LA12,2010-01-03,12:00:00 PM,12:00:00,Hot-Wet,2010-01-03 12:00:00
15.87065633,-18.6556193,LA12,2010-01-03,12:20:00 PM,12:20:00,Hot-Wet,2010-01-03 12:20:00
15.86990865,-18.65507202,LA12,2010-01-03,12:40:00 PM,12:40:00,Hot-Wet,2010-01-03 12:40:00
15.87025146,-18.65491943,LA12,2010-01-03,01:00:00 PM,13:00:00,Hot-Wet,2010-01-03 13:00:00
15.87024129,-18.65492554,LA12,2010-01-03,01:20:00 PM,13:20:00,Hot-Wet,2010-01-03 13:20:00
15.87004903,-18.65506999,LA12,2010-01-03,01:40:00 PM,13:40:00,Hot-Wet,2010-01-03 13:40:00
15.86941325,-18.65498454,LA12,2010-01-03,02:00:00 PM,14:00:00,Hot-Wet,2010-01-03 14:00:00
15.87035014,-18.65358276,LA12,2010-01-03,02:20:00 PM,14:20:00,Hot-Wet,2010-01-03 14:20:00
15.87187195,-18.6520752,LA12,2010-01-03,02:40:00 PM,14:40:00,Hot-Wet,2010-01-03 14:40:00
15.8728892,-18.65127563,LA12,2010-01-03,03:00:00 PM,15:00:00,Hot-Wet,2010-01-03 15:00:00
15.87550354,-18.64735107,LA12,2010-01-03,03:20:00 PM,15:20:00,Hot-Wet,2010-01-03 15:20:00
15.87749023,-18.64549561,LA12,2010-01-03,03:40:00 PM,15:40:00,Hot-Wet,2010-01-03 15:40:00
15.87793172,-18.64628703,LA12,2010-01-03,04:00:00 PM,16:00:00,Hot-Wet,2010-01-03 16:00:00
15.88178813,-18.64584757,LA12,2010-01-03,04:20:00 PM,16:20:00,Hot-Wet,2010-01-03 16:20:00
15.8864268,-18.64824829,LA12,2010-01-03,04:40:00 PM,16:40:00,Hot-Wet,2010-01-03 16:40:00
15.89048157,-18.65178223,LA12,2010-01-03,05:00:00 PM,17:00:00,Hot-Wet,2010-01-03 17:00:00
15.89202372,-18.65232747,LA12,2010-01-03,05:20:00 PM,17:20:00,Hot-Wet,2010-01-03 17:20:00
15.89455058,-18.65524495,LA12,2010-01-03,05:40:00 PM,17:40:00,Hot-Wet,2010-01-03 17:40:00
15.89520772,-18.65639038,LA12,2010-01-03,06:00:00 PM,18:00:00,Hot-Wet,2010-01-03 18:00:00
15.8980011,-18.65676676,LA12,2010-01-03,06:20:00 PM,18:20:00,Hot-Wet,2010-01-03 18:20:00
15.90164693,-18.65967611,LA12,2010-01-03,06:40:00 PM,18:40:00,Hot-Wet,2010-01-03 18:40:00
15.90289205,-18.66223348,LA12,2010-01-03,07:00:00 PM,19:00:00,Hot-Wet,2010-01-03 19:00:00
15.9030721,-18.66384888,LA12,2010-01-03,07:20:00 PM,19:20:00,Hot-Wet,2010-01-03 19:20:00
15.90365092,-18.66546224,LA12,2010-01-03,07:40:00 PM,19:40:00,Hot-Wet,2010-01-03 19:40:00
15.90352071,-18.66768392,LA12,2010-01-03,08:00:00 PM,20:00:00,Hot-Wet,2010-01-03 20:00:00
15.90103353,-18.67016602,LA12,2010-01-03,08:20:00 PM,20:20:00,Hot-Wet,2010-01-03 20:20:00
15.90038961,-18.6764506,LA12,2010-01-03,08:40:00 PM,20:40:00,Hot-Wet,2010-01-03 20:40:00
15.89962565,-18.68104858,LA12,2010-01-03,09:00:00 PM,21:00:00,Hot-Wet,2010-01-03 21:00:00
15.89916077,-18.68256632,LA12,2010-01-03,09:20:00 PM,21:20:00,Hot-Wet,2010-01-03 21:20:00
15.89861552,-18.68312988,LA12,2010-01-03,09:40:00 PM,21:40:00,Hot-Wet,2010-01-03 21:40:00
15.89775594,-18.68394979,LA12,2010-01-03,10:00:00 PM,22:00:00,Hot-Wet,2010-01-03 22:00:00
15.89770915,-18.68421631,LA12,2010-01-03,10:20:00 PM,22:20:00,Hot-Wet,2010-01-03 22:20:00
15.89555257,-18.68566691,LA12,2010-01-03,10:40:00 PM,22:40:00,Hot-Wet,2010-01-03 22:40:00
15.89406637,-18.68683879,LA12,2010-01-03,11:00:00 PM,23:00:00,Hot-Wet,2010-01-03 23:00:00
15.89112549,-18.6874939,LA12,2010-01-03,11:20:00 PM,23:20:00,Hot-Wet,2010-01-03 23:20:00
15.88495687,-18.68622233,LA12,2010-01-03,11:40:00 PM,23:40:00,Hot-Wet,2010-01-03 23:40:00
15.88385925,-18.68477376,LA12,2010-01-04,12:00:00 AM,00:00:00,Hot-Wet,2010-01-04 00:00:00
15.8786967,-18.68815511,LA12,2010-01-04,12:20:00 AM,00:20:00,Hot-Wet,2010-01-04 00:20:00
15.87541606,-18.69232178,LA12,2010-01-04,12:40:00 AM,00:40:00,Hot-Wet,2010-01-04 00:40:00
15.87700297,-18.69253337,LA12,2010-01-04,01:00:00 AM,01:00:00,Hot-Wet,2010-01-04 01:00:00
15.87784322,-18.69507243,LA12,2010-01-04,01:20:00 AM,01:20:00,Hot-Wet,2010-01-04 01:20:00
15.87790222,-18.69515991,LA12,2010-01-04,01:40:00 AM,01:40:00,Hot-Wet,2010-01-04 01:40:00
15.87790324,-18.69517008,LA12,2010-01-04,02:00:00 AM,02:00:00,Hot-Wet,2010-01-04 02:00:00
15.8778595,-18.69515381,LA12,2010-01-04,02:20:00 AM,02:20:00,Hot-Wet,2010-01-04 02:20:00
15.87788289,-18.6952006,LA12,2010-01-04,02:40:00 AM,02:40:00,Hot-Wet,2010-01-04 02:40:00
15.87788595,-18.69520264,LA12,2010-01-04,03:00:00 AM,03:00:00,Hot-Wet,2010-01-04 03:00:00
15.87789001,-18.69517822,LA12,2010-01-04,03:20:00 AM,03:20:00,Hot-Wet,2010-01-04 03:20:00
15.87787374,-18.69516602,LA12,2010-01-04,03:40:00 AM,03:40:00,Hot-Wet,2010-01-04 03:40:00
15.87792664,-18.69514364,LA12,2010-01-04,04:00:00 AM,04:00:00,Hot-Wet,2010-01-04 04:00:00
15.87818807,-18.69662679,LA12,2010-01-04,04:20:00 AM,04:20:00,Hot-Wet,2010-01-04 04:20:00
15.87809245,-18.696993,LA12,2010-01-04,04:40:00 AM,04:40:00,Hot-Wet,2010-01-04 04:40:00
15.87783101,-18.6976766,LA12,2010-01-04,05:00:00 AM,05:00:00,Hot-Wet,2010-01-04 05:00:00
15.8751709,-18.70377604,LA12,2010-01-04,05:20:00 AM,05:20:00,Hot-Wet,2010-01-04 05:20:00
15.87390238,-18.7095988,LA12,2010-01-04,05:40:00 AM,05:40:00,Hot-Wet,2010-01-04 05:40:00
15.87311096,-18.71061401,LA12,2010-01-04,06:00:00 AM,06:00:00,Hot-Wet,2010-01-04 06:00:00
15.87262472,-18.7112854,LA12,2010-01-04,06:20:00 AM,06:20:00,Hot-Wet,2010-01-04 06:20:00
15.87082113,-18.712559,LA12,2010-01-04,06:40:00 AM,06:40:00,Hot-Wet,2010-01-04 06:40:00
15.87019552,-18.71213379,LA12,2010-01-04,07:00:00 AM,07:00:00,Hot-Wet,2010-01-04 07:00:00
15.86971537,-18.71174113,LA12,2010-01-04,07:20:00 AM,07:20:00,Hot-Wet,2010-01-04 07:20:00
15.86870321,-18.71149089,LA12,2010-01-04,07:40:00 AM,07:40:00,Hot-Wet,2010-01-04 07:40:00
15.86672363,-18.70971883,LA12,2010-01-04,08:00:00 AM,08:00:00,Hot-Wet,2010-01-04 08:00:00
15.86398519,-18.70530802,LA12,2010-01-04,08:20:00 AM,08:20:00,Hot-Wet,2010-01-04 08:20:00
15.86496379,-18.70081584,LA12,2010-01-04,08:40:00 AM,08:40:00,Hot-Wet,2010-01-04 08:40:00
15.86434937,-18.69554443,LA12,2010-01-04,09:00:00 AM,09:00:00,Hot-Wet,2010-01-04 09:00:00
15.86922302,-18.69023031,LA12,2010-01-04,09:20:00 AM,09:20:00,Hot-Wet,2010-01-04 09:20:00
15.87228394,-18.68758952,LA12,2010-01-04,09:40:00 AM,09:40:00,Hot-Wet,2010-01-04 09:40:00
15.87429301,-18.68165894,LA12,2010-01-04,10:00:00 AM,10:00:00,Hot-Wet,2010-01-04 10:00:00
15.87491353,-18.67252401,LA12,2010-01-04,10:20:00 AM,10:20:00,Hot-Wet,2010-01-04 10:20:00
15.87388,-18.66581014,LA12,2010-01-04,10:40:00 AM,10:40:00,Hot-Wet,2010-01-04 10:40:00
15.87066752,-18.66259766,LA12,2010-01-04,11:00:00 AM,11:00:00,Hot-Wet,2010-01-04 11:00:00
15.86713969,-18.65954183,LA12,2010-01-04,11:20:00 AM,11:20:00,Hot-Wet,2010-01-04 11:20:00
15.86562703,-18.65909627,LA12,2010-01-04,11:40:00 AM,11:40:00,Hot-Wet,2010-01-04 11:40:00
15.86479899,-18.65730387,LA12,2010-01-04,12:00:00 PM,12:00:00,Hot-Wet,2010-01-04 12:00:00
15.86544189,-18.65596313,LA12,2010-01-04,12:20:00 PM,12:20:00,Hot-Wet,2010-01-04 12:20:00
15.86577352,-18.65508626,LA12,2010-01-04,12:40:00 PM,12:40:00,Hot-Wet,2010-01-04 12:40:00
15.86674906,-18.65415649,LA12,2010-01-04,01:00:00 PM,13:00:00,Hot-Wet,2010-01-04 13:00:00
15.86661479,-18.65223796,LA12,2010-01-04,01:20:00 PM,13:20:00,Hot-Wet,2010-01-04 13:20:00
15.86713562,-18.6505717,LA12,2010-01-04,01:40:00 PM,13:40:00,Hot-Wet,2010-01-04 13:40:00
15.86664734,-18.64949951,LA12,2010-01-04,02:00:00 PM,14:00:00,Hot-Wet,2010-01-04 14:00:00
15.86636963,-18.64958293,LA12,2010-01-04,02:20:00 PM,14:20:00,Hot-Wet,2010-01-04 14:20:00
15.86646118,-18.64937134,LA12,2010-01-04,02:40:00 PM,14:40:00,Hot-Wet,2010-01-04 14:40:00
15.86673177,-18.64922689,LA12,2010-01-04,03:00:00 PM,15:00:00,Hot-Wet,2010-01-04 15:00:00
15.86645406,-18.64925944,LA12,2010-01-04,03:20:00 PM,15:20:00,Hot-Wet,2010-01-04 15:20:00
15.8670929,-18.6491394,LA12,2010-01-04,03:40:00 PM,15:40:00,Hot-Wet,2010-01-04 15:40:00
15.8675293,-18.64879354,LA12,2010-01-04,04:00:00 PM,16:00:00,Hot-Wet,2010-01-04 16:00:00
15.86737366,-18.64753418,LA12,2010-01-04,04:20:00 PM,16:20:00,Hot-Wet,2010-01-04 16:20:00
15.86756592,-18.6439209,LA12,2010-01-04,04:40:00 PM,16:40:00,Hot-Wet,2010-01-04 16:40:00
15.86889038,-18.63773193,LA12,2010-01-04,05:00:00 PM,17:00:00,Hot-Wet,2010-01-04 17:00:00
15.86931966,-18.63133748,LA12,2010-01-04,05:20:00 PM,17:20:00,Hot-Wet,2010-01-04 17:20:00
15.86785685,-18.62479655,LA12,2010-01-04,05:40:00 PM,17:40:00,Hot-Wet,2010-01-04 17:40:00
15.86540527,-18.6211792,LA12,2010-01-04,06:00:00 PM,18:00:00,Hot-Wet,2010-01-04 18:00:00
15.86081543,-18.6168457,LA12,2010-01-04,06:20:00 PM,18:20:00,Hot-Wet,2010-01-04 18:20:00
15.85795288,-18.6081665,LA12,2010-01-04,06:40:00 PM,18:40:00,Hot-Wet,2010-01-04 18:40:00
15.85539144,-18.60228882,LA12,2010-01-04,07:00:00 PM,19:00:00,Hot-Wet,2010-01-04 19:00:00
15.85376383,-18.59934082,LA12,2010-01-04,07:20:00 PM,19:20:00,Hot-Wet,2010-01-04 19:20:00
15.85540466,-18.59780884,LA12,2010-01-04,07:40:00 PM,19:40:00,Hot-Wet,2010-01-04 19:40:00
15.85658671,-18.5972229,LA12,2010-01-04,08:00:00 PM,20:00:00,Hot-Wet,2010-01-04 20:00:00
15.85797628,-18.59324544,LA12,2010-01-04,08:20:00 PM,20:20:00,Hot-Wet,2010-01-04 20:20:00
15.86058655,-18.59072062,LA12,2010-01-04,08:40:00 PM,20:40:00,Hot-Wet,2010-01-04 20:40:00
15.86131388,-18.58880412,LA12,2010-01-04,09:00:00 PM,21:00:00,Hot-Wet,2010-01-04 21:00:00
15.86064758,-18.58273519,LA12,2010-01-04,09:20:00 PM,21:20:00,Hot-Wet,2010-01-04 21:20:00
15.86015625,-18.57984619,LA12,2010-01-04,09:40:00 PM,21:40:00,Hot-Wet,2010-01-04 21:40:00
15.86120911,-18.5730367,LA12,2010-01-04,10:00:00 PM,22:00:00,Hot-Wet,2010-01-04 22:00:00
15.8600769,-18.57033895,LA12,2010-01-04,10:20:00 PM,22:20:00,Hot-Wet,2010-01-04 22:20:00
15.85542806,-18.56248779,LA12,2010-01-04,10:40:00 PM,22:40:00,Hot-Wet,2010-01-04 22:40:00
15.85261637,-18.56019694,LA12,2010-01-04,11:00:00 PM,23:00:00,Hot-Wet,2010-01-04 23:00:00
15.85040995,-18.5600118,LA12,2010-01-04,11:20:00 PM,23:20:00,Hot-Wet,2010-01-04 23:20:00
15.84706014,-18.55891317,LA12,2010-01-04,11:40:00 PM,23:40:00,Hot-Wet,2010-01-04 23:40:00
15.84703776,-18.55892131,LA12,2010-01-05,12:00:00 AM,00:00:00,Hot-Wet,2010-01-05 00:00:00
15.84706726,-18.55890503,LA12,2010-01-05,12:20:00 AM,00:20:00,Hot-Wet,2010-01-05 00:20:00
15.84702352,-18.55893555,LA12,2010-01-05,12:40:00 AM,00:40:00,Hot-Wet,2010-01-05 00:40:00
15.84701945,-18.55894165,LA12,2010-01-05,01:00:00 AM,01:00:00,Hot-Wet,2010-01-05 01:00:00
15.84635111,-18.55822957,LA12,2010-01-05,01:20:00 AM,01:20:00,Hot-Wet,2010-01-05 01:20:00
15.84460347,-18.55641276,LA12,2010-01-05,01:40:00 AM,01:40:00,Hot-Wet,2010-01-05 01:40:00
15.8446818,-18.55637207,LA12,2010-01-05,02:00:00 AM,02:00:00,Hot-Wet,2010-01-05 02:00:00
15.84465535,-18.55637817,LA12,2010-01-05,02:20:00 AM,02:20:00,Hot-Wet,2010-01-05 02:20:00
15.84469198,-18.55633341,LA12,2010-01-05,02:40:00 AM,02:40:00,Hot-Wet,2010-01-05 02:40:00
15.84463298,-18.55639242,LA12,2010-01-05,03:00:00 AM,03:00:00,Hot-Wet,2010-01-05 03:00:00
15.84468079,-18.5564209,LA12,2010-01-05,03:20:00 AM,03:20:00,Hot-Wet,2010-01-05 03:20:00
15.84460449,-18.55643921,LA12,2010-01-05,03:40:00 AM,03:40:00,Hot-Wet,2010-01-05 03:40:00
15.84457601,-18.55646159,LA12,2010-01-05,04:00:00 AM,04:00:00,Hot-Wet,2010-01-05 04:00:00
15.84456991,-18.55640462,LA12,2010-01-05,04:20:00 AM,04:20:00,Hot-Wet,2010-01-05 04:20:00
15.84463298,-18.55641683,LA12,2010-01-05,04:40:00 AM,04:40:00,Hot-Wet,2010-01-05 04:40:00
15.84275106,-18.55658773,LA12,2010-01-05,05:00:00 AM,05:00:00,Hot-Wet,2010-01-05 05:00:00
15.84101664,-18.5557373,LA12,2010-01-05,05:20:00 AM,05:20:00,Hot-Wet,2010-01-05 05:20:00
15.83916524,-18.55820109,LA12,2010-01-05,05:40:00 AM,05:40:00,Hot-Wet,2010-01-05 05:40:00
15.83593445,-18.55909017,LA12,2010-01-05,06:00:00 AM,06:00:00,Hot-Wet,2010-01-05 06:00:00
15.83437093,-18.55867716,LA12,2010-01-05,06:20:00 AM,06:20:00,Hot-Wet,2010-01-05 06:20:00
15.8337026,-18.56103923,LA12,2010-01-05,06:40:00 AM,06:40:00,Hot-Wet,2010-01-05 06:40:00
15.83329163,-18.5641154,LA12,2010-01-05,07:00:00 AM,07:00:00,Hot-Wet,2010-01-05 07:00:00
15.83326721,-18.56442261,LA12,2010-01-05,07:20:00 AM,07:20:00,Hot-Wet,2010-01-05 07:20:00
15.82865499,-18.56716309,LA12,2010-01-05,07:40:00 AM,07:40:00,Hot-Wet,2010-01-05 07:40:00
15.82687785,-18.56775309,LA12,2010-01-05,08:00:00 AM,08:00:00,Hot-Wet,2010-01-05 08:00:00
15.82749837,-18.56875,LA12,2010-01-05,08:20:00 AM,08:20:00,Hot-Wet,2010-01-05 08:20:00
15.82764282,-18.56802165,LA12,2010-01-05,08:40:00 AM,08:40:00,Hot-Wet,2010-01-05 08:40:00
15.82755229,-18.56808675,LA12,2010-01-05,09:00:00 AM,09:00:00,Hot-Wet,2010-01-05 09:00:00
15.82756856,-18.5680542,LA12,2010-01-05,09:20:00 AM,09:20:00,Hot-Wet,2010-01-05 09:20:00
15.82755839,-18.56786296,LA12,2010-01-05,09:40:00 AM,09:40:00,Hot-Wet,2010-01-05 09:40:00
15.82716166,-18.56772054,LA12,2010-01-05,10:00:00 AM,10:00:00,Hot-Wet,2010-01-05 10:00:00
15.82723694,-18.56751709,LA12,2010-01-05,10:20:00 AM,10:20:00,Hot-Wet,2010-01-05 10:20:00
15.82713216,-18.56723633,LA12,2010-01-05,10:40:00 AM,10:40:00,Hot-Wet,2010-01-05 10:40:00
15.82735697,-18.56627197,LA12,2010-01-05,11:00:00 AM,11:00:00,Hot-Wet,2010-01-05 11:00:00
15.8267395,-18.56444295,LA12,2010-01-05,11:20:00 AM,11:20:00,Hot-Wet,2010-01-05 11:20:00
15.82480367,-18.56321004,LA12,2010-01-05,11:40:00 AM,11:40:00,Hot-Wet,2010-01-05 11:40:00
15.82437642,-18.56175944,LA12,2010-01-05,12:00:00 PM,12:00:00,Hot-Wet,2010-01-05 12:00:00
15.82485453,-18.55939738,LA12,2010-01-05,12:20:00 PM,12:20:00,Hot-Wet,2010-01-05 12:20:00
15.82145487,-18.55679932,LA12,2010-01-05,12:40:00 PM,12:40:00,Hot-Wet,2010-01-05 12:40:00
15.82169291,-18.55303548,LA12,2010-01-05,01:00:00 PM,13:00:00,Hot-Wet,2010-01-05 13:00:00
15.82362874,-18.55119019,LA12,2010-01-05,01:20:00 PM,13:20:00,Hot-Wet,2010-01-05 13:20:00
15.82342122,-18.55097656,LA12,2010-01-05,01:40:00 PM,13:40:00,Hot-Wet,2010-01-05 13:40:00
15.82274272,-18.55208333,LA12,2010-01-05,02:00:00 PM,14:00:00,Hot-Wet,2010-01-05 14:00:00
15.82205302,-18.55205078,LA12,2010-01-05,02:20:00 PM,14:20:00,Hot-Wet,2010-01-05 14:20:00
15.82177022,-18.55246785,LA12,2010-01-05,02:40:00 PM,14:40:00,Hot-Wet,2010-01-05 14:40:00
15.8202301,-18.55153198,LA12,2010-01-05,03:00:00 PM,15:00:00,Hot-Wet,2010-01-05 15:00:00
15.82005819,-18.55198975,LA12,2010-01-05,03:20:00 PM,15:20:00,Hot-Wet,2010-01-05 15:20:00
15.81906128,-18.55233358,LA12,2010-01-05,03:40:00 PM,15:40:00,Hot-Wet,2010-01-05 15:40:00
15.81725972,-18.55256551,LA12,2010-01-05,04:00:00 PM,16:00:00,Hot-Wet,2010-01-05 16:00:00
15.81699219,-18.55242513,LA12,2010-01-05,04:20:00 PM,16:20:00,Hot-Wet,2010-01-05 16:20:00
15.81754252,-18.55214844,LA12,2010-01-05,04:40:00 PM,16:40:00,Hot-Wet,2010-01-05 16:40:00
15.81964213,-18.55213216,LA12,2010-01-05,05:00:00 PM,17:00:00,Hot-Wet,2010-01-05 17:00:00
15.81964925,-18.55253906,LA12,2010-01-05,05:20:00 PM,17:20:00,Hot-Wet,2010-01-05 17:20:00
15.8198171,-18.55302531,LA12,2010-01-05,05:40:00 PM,17:40:00,Hot-Wet,2010-01-05 17:40:00
15.81892802,-18.55311076,LA12,2010-01-05,06:00:00 PM,18:00:00,Hot-Wet,2010-01-05 18:00:00
15.81847941,-18.55358887,LA12,2010-01-05,06:20:00 PM,18:20:00,Hot-Wet,2010-01-05 18:20:00
15.81741638,-18.55590617,LA12,2010-01-05,06:40:00 PM,18:40:00,Hot-Wet,2010-01-05 18:40:00
15.81857402,-18.55706991,LA12,2010-01-05,07:00:00 PM,19:00:00,Hot-Wet,2010-01-05 19:00:00
15.82011108,-18.56032918,LA12,2010-01-05,07:20:00 PM,19:20:00,Hot-Wet,2010-01-05 19:20:00
15.82342021,-18.56129354,LA12,2010-01-05,07:40:00 PM,19:40:00,Hot-Wet,2010-01-05 19:40:00
15.82503153,-18.56119995,LA12,2010-01-05,08:00:00 PM,20:00:00,Hot-Wet,2010-01-05 20:00:00
15.82556254,-18.56233114,LA12,2010-01-05,08:20:00 PM,20:20:00,Hot-Wet,2010-01-05 20:20:00
15.82938334,-18.56412964,LA12,2010-01-05,08:40:00 PM,20:40:00,Hot-Wet,2010-01-05 20:40:00
15.83332113,-18.56642863,LA12,2010-01-05,09:00:00 PM,21:00:00,Hot-Wet,2010-01-05 21:00:00
15.83803406,-18.5671936,LA12,2010-01-05,09:20:00 PM,21:20:00,Hot-Wet,2010-01-05 21:20:00
15.84085693,-18.5706075,LA12,2010-01-05,09:40:00 PM,21:40:00,Hot-Wet,2010-01-05 21:40:00
15.8434255,-18.57674967,LA12,2010-01-05,10:00:00 PM,22:00:00,Hot-Wet,2010-01-05 22:00:00
15.84827576,-18.57576497,LA12,2010-01-05,10:20:00 PM,22:20:00,Hot-Wet,2010-01-05 22:20:00
15.85638835,-18.57501831,LA12,2010-01-05,10:40:00 PM,22:40:00,Hot-Wet,2010-01-05 22:40:00
15.86132813,-18.57202962,LA12,2010-01-05,11:00:00 PM,23:00:00,Hot-Wet,2010-01-05 23:00:00
15.86347555,-18.57084757,LA12,2010-01-05,11:20:00 PM,23:20:00,Hot-Wet,2010-01-05 23:20:00
15.86409403,-18.57264811,LA12,2010-01-05,11:40:00 PM,23:40:00,Hot-Wet,2010-01-05 23:40:00
15.86374207,-18.57299398,LA12,2010-01-06,12:00:00 AM,00:00:00,Hot-Wet,2010-01-06 00:00:00
15.86530253,-18.57341105,LA12,2010-01-06,12:20:00 AM,00:20:00,Hot-Wet,2010-01-06 00:20:00
15.8677124,-18.57353516,LA12,2010-01-06,12:40:00 AM,00:40:00,Hot-Wet,2010-01-06 00:40:00
15.86649679,-18.57194621,LA12,2010-01-06,01:00:00 AM,01:00:00,Hot-Wet,2010-01-06 01:00:00
15.86499736,-18.57076213,LA12,2010-01-06,01:20:00 AM,01:20:00,Hot-Wet,2010-01-06 01:20:00
15.86525981,-18.57072754,LA12,2010-01-06,01:40:00 AM,01:40:00,Hot-Wet,2010-01-06 01:40:00
15.86545715,-18.57047933,LA12,2010-01-06,02:00:00 AM,02:00:00,Hot-Wet,2010-01-06 02:00:00
15.86546529,-18.57044474,LA12,2010-01-06,02:20:00 AM,02:20:00,Hot-Wet,2010-01-06 02:20:00
15.86546122,-18.57045492,LA12,2010-01-06,02:40:00 AM,02:40:00,Hot-Wet,2010-01-06 02:40:00
15.865448,-18.57049764,LA12,2010-01-06,03:00:00 AM,03:00:00,Hot-Wet,2010-01-06 03:00:00
15.86502584,-18.57065837,LA12,2010-01-06,03:20:00 AM,03:20:00,Hot-Wet,2010-01-06 03:20:00
15.86382751,-18.57107137,LA12,2010-01-06,03:40:00 AM,03:40:00,Hot-Wet,2010-01-06 03:40:00
15.86040853,-18.5756897,LA12,2010-01-06,04:00:00 AM,04:00:00,Hot-Wet,2010-01-06 04:00:00
15.86669922,-18.57925008,LA12,2010-01-06,04:20:00 AM,04:20:00,Hot-Wet,2010-01-06 04:20:00
15.87027283,-18.57791748,LA12,2010-01-06,04:40:00 AM,04:40:00,Hot-Wet,2010-01-06 04:40:00
15.87039185,-18.57766113,LA12,2010-01-06,05:00:00 AM,05:00:00,Hot-Wet,2010-01-06 05:00:00
15.87072042,-18.57768758,LA12,2010-01-06,05:20:00 AM,05:20:00,Hot-Wet,2010-01-06 05:20:00
15.87217814,-18.57855632,LA12,2010-01-06,05:40:00 AM,05:40:00,Hot-Wet,2010-01-06 05:40:00
15.87467346,-18.58202515,LA12,2010-01-06,06:00:00 AM,06:00:00,Hot-Wet,2010-01-06 06:00:00
15.87590027,-18.58705241,LA12,2010-01-06,06:20:00 AM,06:20:00,Hot-Wet,2010-01-06 06:20:00
15.87311198,-18.58952637,LA12,2010-01-06,06:40:00 AM,06:40:00,Hot-Wet,2010-01-06 06:40:00
15.87279154,-18.58980713,LA12,2010-01-06,07:00:00 AM,07:00:00,Hot-Wet,2010-01-06 07:00:00
15.87286072,-18.58956299,LA12,2010-01-06,07:20:00 AM,07:20:00,Hot-Wet,2010-01-06 07:20:00
15.87144165,-18.58983154,LA12,2010-01-06,07:40:00 AM,07:40:00,Hot-Wet,2010-01-06 07:40:00
15.8707133,-18.58970337,LA12,2010-01-06,08:00:00 AM,08:00:00,Hot-Wet,2010-01-06 08:00:00
15.87113749,-18.58929036,LA12,2010-01-06,08:20:00 AM,08:20:00,Hot-Wet,2010-01-06 08:20:00
15.87081401,-18.58872681,LA12,2010-01-06,08:40:00 AM,08:40:00,Hot-Wet,2010-01-06 08:40:00
15.87060852,-18.5883077,LA12,2010-01-06,09:00:00 AM,09:00:00,Hot-Wet,2010-01-06 09:00:00
15.86995036,-18.58819784,LA12,2010-01-06,09:20:00 AM,09:20:00,Hot-Wet,2010-01-06 09:20:00
15.86806437,-18.58921102,LA12,2010-01-06,09:40:00 AM,09:40:00,Hot-Wet,2010-01-06 09:40:00
15.8688029,-18.59128418,LA12,2010-01-06,10:00:00 AM,10:00:00,Hot-Wet,2010-01-06 10:00:00
15.87074585,-18.59053345,LA12,2010-01-06,10:20:00 AM,10:20:00,Hot-Wet,2010-01-06 10:20:00
15.87372335,-18.58910319,LA12,2010-01-06,10:40:00 AM,10:40:00,Hot-Wet,2010-01-06 10:40:00
15.87627157,-18.58774211,LA12,2010-01-06,11:00:00 AM,11:00:00,Hot-Wet,2010-01-06 11:00:00
15.87829386,-18.5885437,LA12,2010-01-06,11:20:00 AM,11:20:00,Hot-Wet,2010-01-06 11:20:00
15.88032125,-18.58922933,LA12,2010-01-06,11:40:00 AM,11:40:00,Hot-Wet,2010-01-06 11:40:00
15.8797699,-18.58891602,LA12,2010-01-06,12:00:00 PM,12:00:00,Hot-Wet,2010-01-06 12:00:00
15.87921448,-18.58950806,LA12,2010-01-06,12:20:00 PM,12:20:00,Hot-Wet,2010-01-06 12:20:00
15.87883911,-18.59009806,LA12,2010-01-06,12:40:00 PM,12:40:00,Hot-Wet,2010-01-06 12:40:00
15.8784668,-18.59030965,LA12,2010-01-06,01:00:00 PM,13:00:00,Hot-Wet,2010-01-06 13:00:00
15.87847188,-18.59029541,LA12,2010-01-06,01:20:00 PM,13:20:00,Hot-Wet,2010-01-06 13:20:00
15.87847799,-18.59030355,LA12,2010-01-06,01:40:00 PM,13:40:00,Hot-Wet,2010-01-06 13:40:00
15.87849833,-18.59032796,LA12,2010-01-06,02:00:00 PM,14:00:00,Hot-Wet,2010-01-06 14:00:00
15.87848307,-18.59031779,LA12,2010-01-06,02:20:00 PM,14:20:00,Hot-Wet,2010-01-06 14:20:00
15.88025309,-18.59047852,LA12,2010-01-06,02:40:00 PM,14:40:00,Hot-Wet,2010-01-06 14:40:00
15.88628743,-18.59176025,LA12,2010-01-06,03:00:00 PM,15:00:00,Hot-Wet,2010-01-06 15:00:00
15.88938802,-18.59383748,LA12,2010-01-06,03:20:00 PM,15:20:00,Hot-Wet,2010-01-06 15:20:00
15.89437358,-18.59348348,LA12,2010-01-06,03:40:00 PM,15:40:00,Hot-Wet,2010-01-06 15:40:00
15.90108032,-18.59182129,LA12,2010-01-06,04:00:00 PM,16:00:00,Hot-Wet,2010-01-06 16:00:00
15.90360311,-18.59064941,LA12,2010-01-06,04:20:00 PM,16:20:00,Hot-Wet,2010-01-06 16:20:00
15.90738118,-18.59119873,LA12,2010-01-06,04:40:00 PM,16:40:00,Hot-Wet,2010-01-06 16:40:00
15.91002299,-18.59092814,LA12,2010-01-06,05:00:00 PM,17:00:00,Hot-Wet,2010-01-06 17:00:00
15.91009013,-18.59064331,LA12,2010-01-06,05:20:00 PM,17:20:00,Hot-Wet,2010-01-06 17:20:00
15.90996602,-18.59008993,LA12,2010-01-06,05:40:00 PM,17:40:00,Hot-Wet,2010-01-06 17:40:00
15.90923258,-18.58560181,LA12,2010-01-06,06:00:00 PM,18:00:00,Hot-Wet,2010-01-06 18:00:00
15.90981852,-18.57917684,LA12,2010-01-06,06:20:00 PM,18:20:00,Hot-Wet,2010-01-06 18:20:00
15.90939229,-18.57576701,LA12,2010-01-06,06:40:00 PM,18:40:00,Hot-Wet,2010-01-06 18:40:00
15.90881958,-18.57612915,LA12,2010-01-06,07:00:00 PM,19:00:00,Hot-Wet,2010-01-06 19:00:00
15.90848796,-18.57469889,LA12,2010-01-06,07:20:00 PM,19:20:00,Hot-Wet,2010-01-06 19:20:00
15.90880229,-18.57481689,LA12,2010-01-06,07:40:00 PM,19:40:00,Hot-Wet,2010-01-06 19:40:00
15.9083903,-18.57487793,LA12,2010-01-06,08:00:00 PM,20:00:00,Hot-Wet,2010-01-06 20:00:00
15.90826518,-18.57475789,LA12,2010-01-06,08:20:00 PM,20:20:00,Hot-Wet,2010-01-06 20:20:00
15.90806376,-18.57478638,LA12,2010-01-06,08:40:00 PM,20:40:00,Hot-Wet,2010-01-06 20:40:00
15.907842,-18.57469482,LA12,2010-01-06,09:00:00 PM,21:00:00,Hot-Wet,2010-01-06 21:00:00
15.90718384,-18.57481893,LA12,2010-01-06,09:20:00 PM,21:20:00,Hot-Wet,2010-01-06 21:20:00
15.90409953,-18.57315267,LA12,2010-01-06,09:40:00 PM,21:40:00,Hot-Wet,2010-01-06 21:40:00
15.90246582,-18.57228394,LA12,2010-01-06,10:00:00 PM,22:00:00,Hot-Wet,2010-01-06 22:00:00
15.90255432,-18.57260335,LA12,2010-01-06,10:20:00 PM,22:20:00,Hot-Wet,2010-01-06 22:20:00
15.90238241,-18.57281291,LA12,2010-01-06,10:40:00 PM,22:40:00,Hot-Wet,2010-01-06 22:40:00
15.90206909,-18.57259318,LA12,2010-01-06,11:00:00 PM,23:00:00,Hot-Wet,2010-01-06 23:00:00
15.90205688,-18.5725708,LA12,2010-01-06,11:20:00 PM,23:20:00,Hot-Wet,2010-01-06 23:20:00
15.90210673,-18.57241821,LA12,2010-01-06,11:40:00 PM,23:40:00,Hot-Wet,2010-01-06 23:40:00
15.90210266,-18.57183838,LA12,2010-01-07,12:00:00 AM,00:00:00,Hot-Wet,2010-01-07 00:00:00
15.90084025,-18.57115479,LA12,2010-01-07,12:20:00 AM,00:20:00,Hot-Wet,2010-01-07 00:20:00
15.9008372,-18.57122803,LA12,2010-01-07,12:40:00 AM,00:40:00,Hot-Wet,2010-01-07 00:40:00
15.90084635,-18.57125244,LA12,2010-01-07,01:00:00 AM,01:00:00,Hot-Wet,2010-01-07 01:00:00
15.90081889,-18.57121989,LA12,2010-01-07,01:21:00 AM,01:21:00,Hot-Wet,2010-01-07 01:21:00
15.90081482,-18.57121175,LA12,2010-01-07,01:40:00 AM,01:40:00,Hot-Wet,2010-01-07 01:40:00
15.90083313,-18.57121989,LA12,2010-01-07,02:00:00 AM,02:00:00,Hot-Wet,2010-01-07 02:00:00
15.90079651,-18.57128499,LA12,2010-01-07,02:20:00 AM,02:20:00,Hot-Wet,2010-01-07 02:20:00
15.90076396,-18.57128906,LA12,2010-01-07,02:40:00 AM,02:40:00,Hot-Wet,2010-01-07 02:40:00
15.9007782,-18.57128296,LA12,2010-01-07,03:00:00 AM,03:00:00,Hot-Wet,2010-01-07 03:00:00
15.90079651,-18.57126668,LA12,2010-01-07,03:20:00 AM,03:20:00,Hot-Wet,2010-01-07 03:20:00
15.90077108,-18.57124023,LA12,2010-01-07,03:40:00 AM,03:40:00,Hot-Wet,2010-01-07 03:40:00
15.90076497,-18.57124634,LA12,2010-01-07,04:00:00 AM,04:00:00,Hot-Wet,2010-01-07 04:00:00
15.90020345,-18.57171021,LA12,2010-01-07,04:20:00 AM,04:20:00,Hot-Wet,2010-01-07 04:20:00
15.89983927,-18.57060547,LA12,2010-01-07,04:40:00 AM,04:40:00,Hot-Wet,2010-01-07 04:40:00
15.90300802,-18.56935018,LA12,2010-01-07,05:00:00 AM,05:00:00,Hot-Wet,2010-01-07 05:00:00
15.90564473,-18.56864624,LA12,2010-01-07,05:20:00 AM,05:20:00,Hot-Wet,2010-01-07 05:20:00
15.91086121,-18.56742147,LA12,2010-01-07,05:40:00 AM,05:40:00,Hot-Wet,2010-01-07 05:40:00
15.91158447,-18.56899007,LA12,2010-01-07,06:00:00 AM,06:00:00,Hot-Wet,2010-01-07 06:00:00
15.91005147,-18.57255452,LA12,2010-01-07,06:20:00 AM,06:20:00,Hot-Wet,2010-01-07 06:20:00
15.90970764,-18.57253215,LA12,2010-01-07,06:40:00 AM,06:40:00,Hot-Wet,2010-01-07 06:40:00
15.90945435,-18.57261353,LA12,2010-01-07,07:00:00 AM,07:00:00,Hot-Wet,2010-01-07 07:00:00
15.90916646,-18.57292684,LA12,2010-01-07,07:20:00 AM,07:20:00,Hot-Wet,2010-01-07 07:20:00
15.90929972,-18.57368164,LA12,2010-01-07,07:40:00 AM,07:40:00,Hot-Wet,2010-01-07 07:40:00
15.90924479,-18.57554525,LA12,2010-01-07,08:00:00 AM,08:00:00,Hot-Wet,2010-01-07 08:00:00
15.90692647,-18.57478841,LA12,2010-01-07,08:20:00 AM,08:20:00,Hot-Wet,2010-01-07 08:20:00
15.90348206,-18.57452799,LA12,2010-01-07,08:40:00 AM,08:40:00,Hot-Wet,2010-01-07 08:40:00
15.90028483,-18.57330119,LA12,2010-01-07,09:00:00 AM,09:00:00,Hot-Wet,2010-01-07 09:00:00
15.89599813,-18.57260335,LA12,2010-01-07,09:20:00 AM,09:20:00,Hot-Wet,2010-01-07 09:20:00
15.89624736,-18.57208659,LA12,2010-01-07,09:40:00 AM,09:40:00,Hot-Wet,2010-01-07 09:40:00
15.89663798,-18.57191976,LA12,2010-01-07,10:00:00 AM,10:00:00,Hot-Wet,2010-01-07 10:00:00
15.89627279,-18.57195435,LA12,2010-01-07,10:20:00 AM,10:20:00,Hot-Wet,2010-01-07 10:20:00
15.89634705,-18.57174276,LA12,2010-01-07,10:40:00 AM,10:40:00,Hot-Wet,2010-01-07 10:40:00
15.8965271,-18.57243856,LA12,2010-01-07,11:00:00 AM,11:00:00,Hot-Wet,2010-01-07 11:00:00
15.8965271,-18.57293701,LA12,2010-01-07,11:20:00 AM,11:20:00,Hot-Wet,2010-01-07 11:20:00
15.89695638,-18.57271525,LA12,2010-01-07,11:40:00 AM,11:40:00,Hot-Wet,2010-01-07 11:40:00
15.89751689,-18.57268473,LA12,2010-01-07,12:00:00 PM,12:00:00,Hot-Wet,2010-01-07 12:00:00
15.89803467,-18.57294312,LA12,2010-01-07,12:20:00 PM,12:20:00,Hot-Wet,2010-01-07 12:20:00
15.897111,-18.57318726,LA12,2010-01-07,12:40:00 PM,12:40:00,Hot-Wet,2010-01-07 12:40:00
15.89576111,-18.57308553,LA12,2010-01-07,01:00:00 PM,13:00:00,Hot-Wet,2010-01-07 13:00:00
15.89475098,-18.57350057,LA12,2010-01-07,01:20:00 PM,13:20:00,Hot-Wet,2010-01-07 13:20:00
15.89529622,-18.57236938,LA12,2010-01-07,01:40:00 PM,13:40:00,Hot-Wet,2010-01-07 13:40:00
15.89516703,-18.57094116,LA12,2010-01-07,02:00:00 PM,14:00:00,Hot-Wet,2010-01-07 14:00:00
15.89413147,-18.56962484,LA12,2010-01-07,02:20:00 PM,14:20:00,Hot-Wet,2010-01-07 14:20:00
15.89312236,-18.57008667,LA12,2010-01-07,02:40:00 PM,14:40:00,Hot-Wet,2010-01-07 14:40:00
15.89321391,-18.56795044,LA12,2010-01-07,03:00:00 PM,15:00:00,Hot-Wet,2010-01-07 15:00:00
15.89230042,-18.56573283,LA12,2010-01-07,03:20:00 PM,15:20:00,Hot-Wet,2010-01-07 15:20:00
15.89259135,-18.56541748,LA12,2010-01-07,03:40:00 PM,15:40:00,Hot-Wet,2010-01-07 15:40:00
15.89382426,-18.56455688,LA12,2010-01-07,04:00:00 PM,16:00:00,Hot-Wet,2010-01-07 16:00:00
15.89395854,-18.56459961,LA12,2010-01-07,04:20:00 PM,16:20:00,Hot-Wet,2010-01-07 16:20:00
15.89623311,-18.56319377,LA12,2010-01-07,04:40:00 PM,16:40:00,Hot-Wet,2010-01-07 16:40:00
15.89924927,-18.56202596,LA12,2010-01-07,05:00:00 PM,17:00:00,Hot-Wet,2010-01-07 17:00:00
15.90353902,-18.55899862,LA12,2010-01-07,05:20:00 PM,17:20:00,Hot-Wet,2010-01-07 17:20:00
15.91308594,-18.55709432,LA12,2010-01-07,05:40:00 PM,17:40:00,Hot-Wet,2010-01-07 17:40:00
15.92351685,-18.5540507,LA12,2010-01-07,06:00:00 PM,18:00:00,Hot-Wet,2010-01-07 18:00:00
15.9272227,-18.55284424,LA12,2010-01-07,06:20:00 PM,18:20:00,Hot-Wet,2010-01-07 18:20:00
15.92867839,-18.55201823,LA12,2010-01-07,06:40:00 PM,18:40:00,Hot-Wet,2010-01-07 18:40:00
15.92973022,-18.55135701,LA12,2010-01-07,07:00:00 PM,19:00:00,Hot-Wet,2010-01-07 19:00:00
15.93279114,-18.54788411,LA12,2010-01-07,07:20:00 PM,19:20:00,Hot-Wet,2010-01-07 19:20:00
15.93506165,-18.55015462,LA12,2010-01-07,07:40:00 PM,19:40:00,Hot-Wet,2010-01-07 19:40:00
15.93280741,-18.55598551,LA12,2010-01-07,08:00:00 PM,20:00:00,Hot-Wet,2010-01-07 20:00:00
15.93227946,-18.55824992,LA12,2010-01-07,08:20:00 PM,20:20:00,Hot-Wet,2010-01-07 20:20:00
15.93135071,-18.56068522,LA12,2010-01-07,08:40:00 PM,20:40:00,Hot-Wet,2010-01-07 20:40:00
15.93003031,-18.56341756,LA12,2010-01-07,09:00:00 PM,21:00:00,Hot-Wet,2010-01-07 21:00:00
15.9300944,-18.56357625,LA12,2010-01-07,09:20:00 PM,21:20:00,Hot-Wet,2010-01-07 21:20:00
15.93026123,-18.56448161,LA12,2010-01-07,09:40:00 PM,21:40:00,Hot-Wet,2010-01-07 21:40:00
15.92988281,-18.56493123,LA12,2010-01-07,10:00:00 PM,22:00:00,Hot-Wet,2010-01-07 22:00:00
15.92678121,-18.56679077,LA12,2010-01-07,10:20:00 PM,22:20:00,Hot-Wet,2010-01-07 22:20:00
15.92575073,-18.56718547,LA12,2010-01-07,10:40:00 PM,22:40:00,Hot-Wet,2010-01-07 22:40:00
15.92575378,-18.56715495,LA12,2010-01-07,11:00:00 PM,23:00:00,Hot-Wet,2010-01-07 23:00:00
15.9257487,-18.56721191,LA12,2010-01-07,11:20:00 PM,23:20:00,Hot-Wet,2010-01-07 23:20:00
15.92576599,-18.56711629,LA12,2010-01-07,11:40:00 PM,23:40:00,Hot-Wet,2010-01-07 23:40:00
15.92573547,-18.56714681,LA12,2010-01-08,12:00:00 AM,00:00:00,Hot-Wet,2010-01-08 00:00:00
15.92569885,-18.56713867,LA12,2010-01-08,12:20:00 AM,00:20:00,Hot-Wet,2010-01-08 00:20:00
15.9257487,-18.56711833,LA12,2010-01-08,12:40:00 AM,00:40:00,Hot-Wet,2010-01-08 00:40:00
15.92574463,-18.5671346,LA12,2010-01-08,01:00:00 AM,01:00:00,Hot-Wet,2010-01-08 01:00:00
15.92492981,-18.56818034,LA12,2010-01-08,01:20:00 AM,01:20:00,Hot-Wet,2010-01-08 01:20:00
15.92444458,-18.56841634,LA12,2010-01-08,01:40:00 AM,01:40:00,Hot-Wet,2010-01-08 01:40:00
15.92455343,-18.56842448,LA12,2010-01-08,02:00:00 AM,02:00:00,Hot-Wet,2010-01-08 02:00:00
15.92461039,-18.56847127,LA12,2010-01-08,02:20:00 AM,02:20:00,Hot-Wet,2010-01-08 02:20:00
15.92457072,-18.56844686,LA12,2010-01-08,02:40:00 AM,02:40:00,Hot-Wet,2010-01-08 02:40:00
15.92448324,-18.56838989,LA12,2010-01-08,03:00:00 AM,03:00:00,Hot-Wet,2010-01-08 03:00:00
15.92459819,-18.56845907,LA12,2010-01-08,03:20:00 AM,03:20:00,Hot-Wet,2010-01-08 03:20:00
15.92465922,-18.56846924,LA12,2010-01-08,03:40:00 AM,03:40:00,Hot-Wet,2010-01-08 03:40:00
15.92459513,-18.56843262,LA12,2010-01-08,04:00:00 AM,04:00:00,Hot-Wet,2010-01-08 04:00:00
15.92455037,-18.56844279,LA12,2010-01-08,04:20:00 AM,04:20:00,Hot-Wet,2010-01-08 04:20:00
15.9243866,-18.57040202,LA12,2010-01-08,04:40:00 AM,04:40:00,Hot-Wet,2010-01-08 04:40:00
15.91801554,-18.5736145,LA12,2010-01-08,05:00:00 AM,05:00:00,Hot-Wet,2010-01-08 05:00:00
15.91115417,-18.57598063,LA12,2010-01-08,05:20:00 AM,05:20:00,Hot-Wet,2010-01-08 05:20:00
15.90677083,-18.57473755,LA12,2010-01-08,05:40:00 AM,05:40:00,Hot-Wet,2010-01-08 05:40:00
15.90268656,-18.57481283,LA12,2010-01-08,06:00:00 AM,06:00:00,Hot-Wet,2010-01-08 06:00:00
15.89853821,-18.57438558,LA12,2010-01-08,06:20:00 AM,06:20:00,Hot-Wet,2010-01-08 06:20:00
15.89782715,-18.57396647,LA12,2010-01-08,06:40:00 AM,06:40:00,Hot-Wet,2010-01-08 06:40:00
15.89502258,-18.57413534,LA12,2010-01-08,07:00:00 AM,07:00:00,Hot-Wet,2010-01-08 07:00:00
15.89437459,-18.57296346,LA12,2010-01-08,07:20:00 AM,07:20:00,Hot-Wet,2010-01-08 07:20:00
15.89357096,-18.57216593,LA12,2010-01-08,07:40:00 AM,07:40:00,Hot-Wet,2010-01-08 07:40:00
15.89324544,-18.57160848,LA12,2010-01-08,08:00:00 AM,08:00:00,Hot-Wet,2010-01-08 08:00:00
15.89293722,-18.57163696,LA12,2010-01-08,08:20:00 AM,08:20:00,Hot-Wet,2010-01-08 08:20:00
15.8930481,-18.57131755,LA12,2010-01-08,08:40:00 AM,08:40:00,Hot-Wet,2010-01-08 08:40:00
15.89329325,-18.57125448,LA12,2010-01-08,09:00:00 AM,09:00:00,Hot-Wet,2010-01-08 09:00:00
15.89228923,-18.57049967,LA12,2010-01-08,09:20:00 AM,09:20:00,Hot-Wet,2010-01-08 09:20:00
15.89154561,-18.57085978,LA12,2010-01-08,09:40:00 AM,09:40:00,Hot-Wet,2010-01-08 09:40:00
15.8875651,-18.56850586,LA12,2010-01-08,10:00:00 AM,10:00:00,Hot-Wet,2010-01-08 10:00:00
15.88584595,-18.56833089,LA12,2010-01-08,10:20:00 AM,10:20:00,Hot-Wet,2010-01-08 10:20:00
15.88709819,-18.56720581,LA12,2010-01-08,10:40:00 AM,10:40:00,Hot-Wet,2010-01-08 10:40:00
15.89074809,-18.56646932,LA12,2010-01-08,11:00:00 AM,11:00:00,Hot-Wet,2010-01-08 11:00:00
15.89171244,-18.56506348,LA12,2010-01-08,11:20:00 AM,11:20:00,Hot-Wet,2010-01-08 11:20:00
15.89306335,-18.56454061,LA12,2010-01-08,11:40:00 AM,11:40:00,Hot-Wet,2010-01-08 11:40:00
15.89352519,-18.56491496,LA12,2010-01-08,12:00:00 PM,12:00:00,Hot-Wet,2010-01-08 12:00:00
15.89496969,-18.56550293,LA12,2010-01-08,12:20:00 PM,12:20:00,Hot-Wet,2010-01-08 12:20:00
15.89576925,-18.56771037,LA12,2010-01-08,12:40:00 PM,12:40:00,Hot-Wet,2010-01-08 12:40:00
15.89680684,-18.56805216,LA12,2010-01-08,01:00:00 PM,13:00:00,Hot-Wet,2010-01-08 13:00:00
15.89972127,-18.56966756,LA12,2010-01-08,01:20:00 PM,13:20:00,Hot-Wet,2010-01-08 13:20:00
15.90457662,-18.57411499,LA12,2010-01-08,01:40:00 PM,13:40:00,Hot-Wet,2010-01-08 13:40:00
15.90938212,-18.57577922,LA12,2010-01-08,02:00:00 PM,14:00:00,Hot-Wet,2010-01-08 14:00:00
15.90982971,-18.57620036,LA12,2010-01-08,02:20:00 PM,14:20:00,Hot-Wet,2010-01-08 14:20:00
15.9102183,-18.57645874,LA12,2010-01-08,02:40:00 PM,14:40:00,Hot-Wet,2010-01-08 14:40:00
15.91049601,-18.57774658,LA12,2010-01-08,03:00:00 PM,15:00:00,Hot-Wet,2010-01-08 15:00:00
15.91057739,-18.57793376,LA12,2010-01-08,03:20:00 PM,15:20:00,Hot-Wet,2010-01-08 15:20:00
15.91072083,-18.57787679,LA12,2010-01-08,03:40:00 PM,15:40:00,Hot-Wet,2010-01-08 15:40:00
15.91074524,-18.57892863,LA12,2010-01-08,04:00:00 PM,16:00:00,Hot-Wet,2010-01-08 16:00:00
15.91045024,-18.57990926,LA12,2010-01-08,04:20:00 PM,16:20:00,Hot-Wet,2010-01-08 16:20:00
15.90940145,-18.58422852,LA12,2010-01-08,04:40:00 PM,16:40:00,Hot-Wet,2010-01-08 16:40:00
15.9099528,-18.59002482,LA12,2010-01-08,05:00:00 PM,17:00:00,Hot-Wet,2010-01-08 17:00:00
15.91184082,-18.5937439,LA12,2010-01-08,05:20:00 PM,17:20:00,Hot-Wet,2010-01-08 17:20:00
15.91139221,-18.60256144,LA12,2010-01-08,05:40:00 PM,17:40:00,Hot-Wet,2010-01-08 17:40:00
15.91084595,-18.60487671,LA12,2010-01-08,06:00:00 PM,18:00:00,Hot-Wet,2010-01-08 18:00:00
15.91083272,-18.60501302,LA12,2010-01-08,06:20:00 PM,18:20:00,Hot-Wet,2010-01-08 18:20:00
15.91079203,-18.60503133,LA12,2010-01-08,06:40:00 PM,18:40:00,Hot-Wet,2010-01-08 18:40:00
15.91085409,-18.60529378,LA12,2010-01-08,07:00:00 PM,19:00:00,Hot-Wet,2010-01-08 19:00:00
15.91085815,-18.60537109,LA12,2010-01-08,07:20:00 PM,19:20:00,Hot-Wet,2010-01-08 19:20:00
15.91030884,-18.60545451,LA12,2010-01-08,07:40:00 PM,19:40:00,Hot-Wet,2010-01-08 19:40:00
15.91210429,-18.60616455,LA12,2010-01-08,08:00:00 PM,20:00:00,Hot-Wet,2010-01-08 20:00:00
15.91180216,-18.60890299,LA12,2010-01-08,08:20:00 PM,20:20:00,Hot-Wet,2010-01-08 20:20:00
15.91159668,-18.6099467,LA12,2010-01-08,08:40:00 PM,20:40:00,Hot-Wet,2010-01-08 20:40:00
15.91162516,-18.6100057,LA12,2010-01-08,09:00:00 PM,21:00:00,Hot-Wet,2010-01-08 21:00:00
15.91173299,-18.60998535,LA12,2010-01-08,09:20:00 PM,21:20:00,Hot-Wet,2010-01-08 21:20:00
15.91170044,-18.60998332,LA12,2010-01-08,09:41:00 PM,21:41:00,Hot-Wet,2010-01-08 21:41:00
15.91174927,-18.60998535,LA12,2010-01-08,10:00:00 PM,22:00:00,Hot-Wet,2010-01-08 22:00:00
15.91118164,-18.61033529,LA12,2010-01-08,10:20:00 PM,22:20:00,Hot-Wet,2010-01-08 22:20:00
15.91131694,-18.61146647,LA12,2010-01-08,10:40:00 PM,22:40:00,Hot-Wet,2010-01-08 22:40:00
15.91036886,-18.61354777,LA12,2010-01-08,11:00:00 PM,23:00:00,Hot-Wet,2010-01-08 23:00:00
15.90817769,-18.61853027,LA12,2010-01-08,11:20:00 PM,23:20:00,Hot-Wet,2010-01-08 23:20:00
15.903125,-18.62237752,LA12,2010-01-08,11:40:00 PM,23:40:00,Hot-Wet,2010-01-08 23:40:00
15.89819641,-18.62458903,LA12,2010-01-09,12:00:00 AM,00:00:00,Hot-Wet,2010-01-09 00:00:00
15.89035746,-18.62809652,LA12,2010-01-09,12:20:00 AM,00:20:00,Hot-Wet,2010-01-09 00:20:00
15.88804728,-18.62649333,LA12,2010-01-09,12:40:00 AM,00:40:00,Hot-Wet,2010-01-09 00:40:00
15.89170837,-18.62423706,LA12,2010-01-09,01:00:00 AM,01:00:00,Hot-Wet,2010-01-09 01:00:00
15.89638367,-18.62612712,LA12,2010-01-09,01:20:00 AM,01:20:00,Hot-Wet,2010-01-09 01:20:00
15.90022786,-18.62143148,LA12,2010-01-09,01:40:00 AM,01:40:00,Hot-Wet,2010-01-09 01:40:00
15.90099691,-18.62061768,LA12,2010-01-09,02:00:00 AM,02:00:00,Hot-Wet,2010-01-09 02:00:00
15.89568075,-18.62660929,LA12,2010-01-09,02:20:00 AM,02:20:00,Hot-Wet,2010-01-09 02:20:00
15.88918966,-18.63235881,LA12,2010-01-09,02:40:00 AM,02:40:00,Hot-Wet,2010-01-09 02:40:00
15.88568929,-18.63322347,LA12,2010-01-09,03:00:00 AM,03:00:00,Hot-Wet,2010-01-09 03:00:00
15.88049622,-18.63407796,LA12,2010-01-09,03:20:00 AM,03:20:00,Hot-Wet,2010-01-09 03:20:00
15.87621663,-18.63808187,LA12,2010-01-09,03:40:00 AM,03:40:00,Hot-Wet,2010-01-09 03:40:00
15.87450765,-18.63829142,LA12,2010-01-09,04:00:00 AM,04:00:00,Hot-Wet,2010-01-09 04:00:00
15.87214762,-18.63747965,LA12,2010-01-09,04:20:00 AM,04:20:00,Hot-Wet,2010-01-09 04:20:00
15.86854045,-18.63897095,LA12,2010-01-09,04:40:00 AM,04:40:00,Hot-Wet,2010-01-09 04:40:00
15.87260335,-18.6402771,LA12,2010-01-09,05:00:00 AM,05:00:00,Hot-Wet,2010-01-09 05:00:00
15.87331848,-18.63809408,LA12,2010-01-09,05:20:00 AM,05:20:00,Hot-Wet,2010-01-09 05:20:00
15.87280782,-18.63626099,LA12,2010-01-09,05:40:00 AM,05:40:00,Hot-Wet,2010-01-09 05:40:00
15.86874695,-18.63476766,LA12,2010-01-09,06:00:00 AM,06:00:00,Hot-Wet,2010-01-09 06:00:00
15.86058451,-18.63901367,LA12,2010-01-09,06:20:00 AM,06:20:00,Hot-Wet,2010-01-09 06:20:00
15.85980021,-18.64039103,LA12,2010-01-09,06:40:00 AM,06:40:00,Hot-Wet,2010-01-09 06:40:00
15.86251729,-18.64430542,LA12,2010-01-09,07:00:00 AM,07:00:00,Hot-Wet,2010-01-09 07:00:00
15.86567891,-18.64510498,LA12,2010-01-09,07:20:00 AM,07:20:00,Hot-Wet,2010-01-09 07:20:00
15.86709188,-18.64628092,LA12,2010-01-09,07:40:00 AM,07:40:00,Hot-Wet,2010-01-09 07:40:00
15.86893107,-18.646698,LA12,2010-01-09,08:00:00 AM,08:00:00,Hot-Wet,2010-01-09 08:00:00
15.87090556,-18.64706828,LA12,2010-01-09,08:20:00 AM,08:20:00,Hot-Wet,2010-01-09 08:20:00
15.87007446,-18.64948324,LA12,2010-01-09,08:40:00 AM,08:40:00,Hot-Wet,2010-01-09 08:40:00
15.87114258,-18.65472819,LA12,2010-01-09,09:00:00 AM,09:00:00,Hot-Wet,2010-01-09 09:00:00
15.87295736,-18.656663,LA12,2010-01-09,09:20:00 AM,09:20:00,Hot-Wet,2010-01-09 09:20:00
15.87569682,-18.65800171,LA12,2010-01-09,09:40:00 AM,09:40:00,Hot-Wet,2010-01-09 09:40:00
15.87680461,-18.65774333,LA12,2010-01-09,10:00:00 AM,10:00:00,Hot-Wet,2010-01-09 10:00:00
15.87657369,-18.65921021,LA12,2010-01-09,10:20:00 AM,10:20:00,Hot-Wet,2010-01-09 10:20:00
15.8750946,-18.66268717,LA12,2010-01-09,10:40:00 AM,10:40:00,Hot-Wet,2010-01-09 10:40:00
15.87598368,-18.66576945,LA12,2010-01-09,11:00:00 AM,11:00:00,Hot-Wet,2010-01-09 11:00:00
15.87757161,-18.66871134,LA12,2010-01-09,11:20:00 AM,11:20:00,Hot-Wet,2010-01-09 11:20:00
15.8797994,-18.67123413,LA12,2010-01-09,11:40:00 AM,11:40:00,Hot-Wet,2010-01-09 11:40:00
15.88089294,-18.67372233,LA12,2010-01-09,12:00:00 PM,12:00:00,Hot-Wet,2010-01-09 12:00:00
15.88054403,-18.67415771,LA12,2010-01-09,12:20:00 PM,12:20:00,Hot-Wet,2010-01-09 12:20:00
15.88423767,-18.6745931,LA12,2010-01-09,12:40:00 PM,12:40:00,Hot-Wet,2010-01-09 12:40:00
15.88668518,-18.67147624,LA12,2010-01-09,01:00:00 PM,13:00:00,Hot-Wet,2010-01-09 13:00:00
15.88700358,-18.66778768,LA12,2010-01-09,01:20:00 PM,13:20:00,Hot-Wet,2010-01-09 13:20:00
15.88670146,-18.66667887,LA12,2010-01-09,01:40:00 PM,13:40:00,Hot-Wet,2010-01-09 13:40:00
15.88653971,-18.66503499,LA12,2010-01-09,02:00:00 PM,14:00:00,Hot-Wet,2010-01-09 14:00:00
15.88571981,-18.66270549,LA12,2010-01-09,02:20:00 PM,14:20:00,Hot-Wet,2010-01-09 14:20:00
15.88721517,-18.66107585,LA12,2010-01-09,02:40:00 PM,14:40:00,Hot-Wet,2010-01-09 14:40:00
15.887264,-18.66074422,LA12,2010-01-09,03:00:00 PM,15:00:00,Hot-Wet,2010-01-09 15:00:00
15.88693644,-18.66027629,LA12,2010-01-09,03:20:00 PM,15:20:00,Hot-Wet,2010-01-09 15:20:00
15.88652954,-18.65802409,LA12,2010-01-09,03:40:00 PM,15:40:00,Hot-Wet,2010-01-09 15:40:00
15.88728638,-18.65698446,LA12,2010-01-09,04:00:00 PM,16:00:00,Hot-Wet,2010-01-09 16:00:00
15.88758545,-18.65607503,LA12,2010-01-09,04:20:00 PM,16:20:00,Hot-Wet,2010-01-09 16:20:00
15.88911438,-18.6559672,LA12,2010-01-09,04:40:00 PM,16:40:00,Hot-Wet,2010-01-09 16:40:00
15.88958537,-18.6556071,LA12,2010-01-09,05:00:00 PM,17:00:00,Hot-Wet,2010-01-09 17:00:00
15.88948975,-18.65509847,LA12,2010-01-09,05:20:00 PM,17:20:00,Hot-Wet,2010-01-09 17:20:00
15.88996582,-18.65516154,LA12,2010-01-09,05:40:00 PM,17:40:00,Hot-Wet,2010-01-09 17:40:00
15.89071248,-18.65550944,LA12,2010-01-09,06:00:00 PM,18:00:00,Hot-Wet,2010-01-09 18:00:00
15.89079285,-18.65559082,LA12,2010-01-09,06:20:00 PM,18:20:00,Hot-Wet,2010-01-09 18:20:00
15.89106445,-18.65568034,LA12,2010-01-09,06:40:00 PM,18:40:00,Hot-Wet,2010-01-09 18:40:00
15.89114787,-18.65532023,LA12,2010-01-09,07:00:00 PM,19:00:00,Hot-Wet,2010-01-09 19:00:00
15.89089559,-18.6551473,LA12,2010-01-09,07:20:00 PM,19:20:00,Hot-Wet,2010-01-09 19:20:00
15.89104716,-18.65484416,LA12,2010-01-09,07:40:00 PM,19:40:00,Hot-Wet,2010-01-09 19:40:00
15.89108887,-18.65480347,LA12,2010-01-09,08:00:00 PM,20:00:00,Hot-Wet,2010-01-09 20:00:00
15.89122314,-18.65500285,LA12,2010-01-09,08:20:00 PM,20:20:00,Hot-Wet,2010-01-09 20:20:00
15.89102478,-18.65502116,LA12,2010-01-09,08:40:00 PM,20:40:00,Hot-Wet,2010-01-09 20:40:00
15.89125875,-18.65539347,LA12,2010-01-09,09:00:00 PM,21:00:00,Hot-Wet,2010-01-09 21:00:00
15.89125977,-18.65536702,LA12,2010-01-09,09:20:00 PM,21:20:00,Hot-Wet,2010-01-09 21:20:00
15.8912679,-18.65535075,LA12,2010-01-09,09:40:00 PM,21:40:00,Hot-Wet,2010-01-09 21:40:00
15.89125773,-18.65536499,LA12,2010-01-09,10:00:00 PM,22:00:00,Hot-Wet,2010-01-09 22:00:00
15.8912852,-18.65535075,LA12,2010-01-09,10:20:00 PM,22:20:00,Hot-Wet,2010-01-09 22:20:00
15.89127604,-18.65533447,LA12,2010-01-09,10:40:00 PM,22:40:00,Hot-Wet,2010-01-09 22:40:00
15.89130859,-18.65536906,LA12,2010-01-09,11:00:00 PM,23:00:00,Hot-Wet,2010-01-09 23:00:00
15.89124044,-18.65535278,LA12,2010-01-09,11:20:00 PM,23:20:00,Hot-Wet,2010-01-09 23:20:00
15.89136353,-18.65501506,LA12,2010-01-09,11:40:00 PM,23:40:00,Hot-Wet,2010-01-09 23:40:00
15.89111125,-18.65439657,LA12,2010-01-10,12:00:00 AM,00:00:00,Hot-Wet,2010-01-10 00:00:00
15.89111633,-18.65375773,LA12,2010-01-10,12:20:00 AM,00:20:00,Hot-Wet,2010-01-10 00:20:00
15.89110311,-18.65368245,LA12,2010-01-10,12:40:00 AM,00:40:00,Hot-Wet,2010-01-10 00:40:00
15.89100138,-18.65368652,LA12,2010-01-10,01:00:00 AM,01:00:00,Hot-Wet,2010-01-10 01:00:00
15.89104207,-18.65369059,LA12,2010-01-10,01:20:00 AM,01:20:00,Hot-Wet,2010-01-10 01:20:00
15.89109802,-18.65367432,LA12,2010-01-10,01:40:00 AM,01:40:00,Hot-Wet,2010-01-10 01:40:00
15.89115397,-18.65371704,LA12,2010-01-10,02:00:00 AM,02:00:00,Hot-Wet,2010-01-10 02:00:00
15.89112244,-18.65369059,LA12,2010-01-10,02:20:00 AM,02:20:00,Hot-Wet,2010-01-10 02:20:00
15.89114787,-18.65369873,LA12,2010-01-10,02:40:00 AM,02:40:00,Hot-Wet,2010-01-10 02:40:00
15.89110718,-18.65367635,LA12,2010-01-10,03:00:00 AM,03:00:00,Hot-Wet,2010-01-10 03:00:00
15.89110514,-18.65367432,LA12,2010-01-10,03:20:00 AM,03:20:00,Hot-Wet,2010-01-10 03:20:00
15.89108175,-18.65368245,LA12,2010-01-10,03:40:00 AM,03:40:00,Hot-Wet,2010-01-10 03:40:00
15.89022217,-18.65343831,LA12,2010-01-10,04:00:00 AM,04:00:00,Hot-Wet,2010-01-10 04:00:00
15.88959859,-18.65377401,LA12,2010-01-10,04:20:00 AM,04:20:00,Hot-Wet,2010-01-10 04:20:00
15.89001872,-18.65441488,LA12,2010-01-10,04:40:00 AM,04:40:00,Hot-Wet,2010-01-10 04:40:00
15.89038493,-18.65536499,LA12,2010-01-10,05:00:00 AM,05:00:00,Hot-Wet,2010-01-10 05:00:00
15.89047139,-18.65607707,LA12,2010-01-10,05:20:00 AM,05:20:00,Hot-Wet,2010-01-10 05:20:00
15.89012553,-18.65630697,LA12,2010-01-10,05:40:00 AM,05:40:00,Hot-Wet,2010-01-10 05:40:00
15.8879954,-18.65603027,LA12,2010-01-10,06:00:00 AM,06:00:00,Hot-Wet,2010-01-10 06:00:00
15.8832194,-18.65611776,LA12,2010-01-10,06:20:00 AM,06:20:00,Hot-Wet,2010-01-10 06:20:00
15.87629801,-18.65792236,LA12,2010-01-10,06:40:00 AM,06:40:00,Hot-Wet,2010-01-10 06:40:00
15.87089335,-18.65423177,LA12,2010-01-10,07:00:00 AM,07:00:00,Hot-Wet,2010-01-10 07:00:00
15.87107442,-18.65469564,LA12,2010-01-10,07:20:00 AM,07:20:00,Hot-Wet,2010-01-10 07:20:00
15.87093811,-18.65485229,LA12,2010-01-10,07:40:00 AM,07:40:00,Hot-Wet,2010-01-10 07:40:00
15.87015889,-18.65473226,LA12,2010-01-10,08:00:00 AM,08:00:00,Hot-Wet,2010-01-10 08:00:00
15.87050069,-18.65527751,LA12,2010-01-10,08:20:00 AM,08:20:00,Hot-Wet,2010-01-10 08:20:00
15.86966146,-18.65565999,LA12,2010-01-10,08:40:00 AM,08:40:00,Hot-Wet,2010-01-10 08:40:00
15.86923625,-18.65544434,LA12,2010-01-10,09:00:00 AM,09:00:00,Hot-Wet,2010-01-10 09:00:00
15.86470846,-18.65776164,LA12,2010-01-10,09:20:00 AM,09:20:00,Hot-Wet,2010-01-10 09:20:00
15.86496582,-18.65785116,LA12,2010-01-10,09:40:00 AM,09:40:00,Hot-Wet,2010-01-10 09:40:00
15.86584269,-18.65836182,LA12,2010-01-10,10:00:00 AM,10:00:00,Hot-Wet,2010-01-10 10:00:00
15.86493022,-18.65791626,LA12,2010-01-10,10:20:00 AM,10:20:00,Hot-Wet,2010-01-10 10:20:00
15.86574809,-18.65716146,LA12,2010-01-10,10:40:00 AM,10:40:00,Hot-Wet,2010-01-10 10:40:00
15.86978048,-18.65510457,LA12,2010-01-10,11:00:00 AM,11:00:00,Hot-Wet,2010-01-10 11:00:00
15.87069702,-18.65543213,LA12,2010-01-10,11:20:00 AM,11:20:00,Hot-Wet,2010-01-10 11:20:00
15.86923726,-18.6587443,LA12,2010-01-10,11:40:00 AM,11:40:00,Hot-Wet,2010-01-10 11:40:00
15.86977946,-18.66138102,LA12,2010-01-10,12:00:00 PM,12:00:00,Hot-Wet,2010-01-10 12:00:00
15.87187297,-18.66337484,LA12,2010-01-10,12:20:00 PM,12:20:00,Hot-Wet,2010-01-10 12:20:00
15.8741099,-18.6638855,LA12,2010-01-10,12:40:00 PM,12:40:00,Hot-Wet,2010-01-10 12:40:00
15.87414754,-18.66595459,LA12,2010-01-10,01:00:00 PM,13:00:00,Hot-Wet,2010-01-10 13:00:00
15.87416382,-18.66613566,LA12,2010-01-10,01:21:00 PM,13:21:00,Hot-Wet,2010-01-10 13:21:00
15.87299805,-18.66691691,LA12,2010-01-10,01:40:00 PM,13:40:00,Hot-Wet,2010-01-10 13:40:00
15.87377218,-18.67135417,LA12,2010-01-10,02:00:00 PM,14:00:00,Hot-Wet,2010-01-10 14:00:00
15.87697856,-18.67363892,LA12,2010-01-10,02:20:00 PM,14:20:00,Hot-Wet,2010-01-10 14:20:00
15.88248494,-18.67410278,LA12,2010-01-10,02:40:00 PM,14:40:00,Hot-Wet,2010-01-10 14:40:00
15.88869629,-18.67475382,LA12,2010-01-10,03:00:00 PM,15:00:00,Hot-Wet,2010-01-10 15:00:00
15.89284668,-18.67570801,LA12,2010-01-10,03:20:00 PM,15:20:00,Hot-Wet,2010-01-10 15:20:00
15.89854329,-18.67620239,LA12,2010-01-10,03:40:00 PM,15:40:00,Hot-Wet,2010-01-10 15:40:00
15.90311178,-18.67555135,LA12,2010-01-10,04:00:00 PM,16:00:00,Hot-Wet,2010-01-10 16:00:00
15.9066569,-18.67566935,LA12,2010-01-10,04:20:00 PM,16:20:00,Hot-Wet,2010-01-10 16:20:00
15.91210531,-18.67533773,LA12,2010-01-10,04:40:00 PM,16:40:00,Hot-Wet,2010-01-10 16:40:00
15.9140625,-18.67497152,LA12,2010-01-10,05:00:00 PM,17:00:00,Hot-Wet,2010-01-10 17:00:00
15.91740723,-18.67730103,LA12,2010-01-10,05:20:00 PM,17:20:00,Hot-Wet,2010-01-10 17:20:00
15.91996053,-18.67835897,LA12,2010-01-10,05:40:00 PM,17:40:00,Hot-Wet,2010-01-10 17:40:00
15.92144674,-18.67892049,LA12,2010-01-10,06:00:00 PM,18:00:00,Hot-Wet,2010-01-10 18:00:00
15.92283936,-18.67955933,LA12,2010-01-10,06:20:00 PM,18:20:00,Hot-Wet,2010-01-10 18:20:00
15.92292786,-18.67993571,LA12,2010-01-10,06:40:00 PM,18:40:00,Hot-Wet,2010-01-10 18:40:00
15.92302653,-18.68007202,LA12,2010-01-10,07:00:00 PM,19:00:00,Hot-Wet,2010-01-10 19:00:00
15.9237915,-18.6802124,LA12,2010-01-10,07:20:00 PM,19:20:00,Hot-Wet,2010-01-10 19:20:00
15.92424215,-18.68040365,LA12,2010-01-10,07:40:00 PM,19:40:00,Hot-Wet,2010-01-10 19:40:00
15.92441915,-18.68085327,LA12,2010-01-10,08:00:00 PM,20:00:00,Hot-Wet,2010-01-10 20:00:00
15.92446696,-18.68085734,LA12,2010-01-10,08:20:00 PM,20:20:00,Hot-Wet,2010-01-10 20:20:00
15.92449036,-18.68091634,LA12,2010-01-10,08:40:00 PM,20:40:00,Hot-Wet,2010-01-10 20:40:00
15.92449036,-18.68090413,LA12,2010-01-10,09:00:00 PM,21:00:00,Hot-Wet,2010-01-10 21:00:00
15.92448832,-18.680896,LA12,2010-01-10,09:20:00 PM,21:20:00,Hot-Wet,2010-01-10 21:20:00
15.92449443,-18.68086344,LA12,2010-01-10,09:40:00 PM,21:40:00,Hot-Wet,2010-01-10 21:40:00
15.92449544,-18.68088379,LA12,2010-01-10,10:00:00 PM,22:00:00,Hot-Wet,2010-01-10 22:00:00
15.92444458,-18.68089803,LA12,2010-01-10,10:20:00 PM,22:20:00,Hot-Wet,2010-01-10 22:20:00
15.92444356,-18.68088582,LA12,2010-01-10,10:40:00 PM,22:40:00,Hot-Wet,2010-01-10 22:40:00
15.92442424,-18.68083089,LA12,2010-01-10,11:00:00 PM,23:00:00,Hot-Wet,2010-01-10 23:00:00
15.92454936,-18.68097534,LA12,2010-01-10,11:20:00 PM,23:20:00,Hot-Wet,2010-01-10 23:20:00
15.92470296,-18.68139242,LA12,2010-01-10,11:40:00 PM,23:40:00,Hot-Wet,2010-01-10 23:40:00
15.92496948,-18.68168538,LA12,2010-01-11,12:00:00 AM,00:00:00,Hot-Wet,2010-01-11 00:00:00
15.9249644,-18.68207194,LA12,2010-01-11,12:20:00 AM,00:20:00,Hot-Wet,2010-01-11 00:20:00
15.92502645,-18.68233439,LA12,2010-01-11,12:40:00 AM,00:40:00,Hot-Wet,2010-01-11 00:40:00
15.92446899,-18.68240967,LA12,2010-01-11,01:00:00 AM,01:00:00,Hot-Wet,2010-01-11 01:00:00
15.92450256,-18.68240967,LA12,2010-01-11,01:21:00 AM,01:21:00,Hot-Wet,2010-01-11 01:21:00
15.92451375,-18.68238729,LA12,2010-01-11,01:40:00 AM,01:40:00,Hot-Wet,2010-01-11 01:40:00
15.92451375,-18.68241577,LA12,2010-01-11,02:00:00 AM,02:00:00,Hot-Wet,2010-01-11 02:00:00
15.92452494,-18.68237712,LA12,2010-01-11,02:20:00 AM,02:20:00,Hot-Wet,2010-01-11 02:20:00
15.92457072,-18.68238525,LA12,2010-01-11,02:40:00 AM,02:40:00,Hot-Wet,2010-01-11 02:40:00
15.92477519,-18.68222249,LA12,2010-01-11,03:00:00 AM,03:00:00,Hot-Wet,2010-01-11 03:00:00
15.92477519,-18.68276774,LA12,2010-01-11,03:20:00 AM,03:20:00,Hot-Wet,2010-01-11 03:20:00
15.92475281,-18.68277588,LA12,2010-01-11,03:40:00 AM,03:40:00,Hot-Wet,2010-01-11 03:40:00
15.92475179,-18.68276978,LA12,2010-01-11,04:00:00 AM,04:00:00,Hot-Wet,2010-01-11 04:00:00
15.92471313,-18.68274943,LA12,2010-01-11,04:20:00 AM,04:20:00,Hot-Wet,2010-01-11 04:20:00
15.92471924,-18.68284709,LA12,2010-01-11,04:40:00 AM,04:40:00,Hot-Wet,2010-01-11 04:40:00
15.92519023,-18.68256632,LA12,2010-01-11,05:00:00 AM,05:00:00,Hot-Wet,2010-01-11 05:00:00
15.92540588,-18.68233236,LA12,2010-01-11,05:20:00 AM,05:20:00,Hot-Wet,2010-01-11 05:20:00
15.92551575,-18.68144328,LA12,2010-01-11,05:40:00 AM,05:40:00,Hot-Wet,2010-01-11 05:40:00
15.92595825,-18.67972209,LA12,2010-01-11,06:00:00 AM,06:00:00,Hot-Wet,2010-01-11 06:00:00
15.9255188,-18.67818197,LA12,2010-01-11,06:20:00 AM,06:20:00,Hot-Wet,2010-01-11 06:20:00
15.92560425,-18.67718506,LA12,2010-01-11,06:40:00 AM,06:40:00,Hot-Wet,2010-01-11 06:40:00
15.92547709,-18.67728068,LA12,2010-01-11,07:00:00 AM,07:00:00,Hot-Wet,2010-01-11 07:00:00
15.9254303,-18.67663574,LA12,2010-01-11,07:20:00 AM,07:20:00,Hot-Wet,2010-01-11 07:20:00
15.92547099,-18.6766215,LA12,2010-01-11,07:40:00 AM,07:40:00,Hot-Wet,2010-01-11 07:40:00
15.92138163,-18.67573242,LA12,2010-01-11,08:00:00 AM,08:00:00,Hot-Wet,2010-01-11 08:00:00
15.91448771,-18.67495524,LA12,2010-01-11,08:20:00 AM,08:20:00,Hot-Wet,2010-01-11 08:20:00
15.90866292,-18.67570801,LA12,2010-01-11,08:40:00 AM,08:40:00,Hot-Wet,2010-01-11 08:40:00
15.90161336,-18.67582194,LA12,2010-01-11,09:00:00 AM,09:00:00,Hot-Wet,2010-01-11 09:00:00
15.89628092,-18.67679036,LA12,2010-01-11,09:20:00 AM,09:20:00,Hot-Wet,2010-01-11 09:20:00
15.89055684,-18.67999674,LA12,2010-01-11,09:40:00 AM,09:40:00,Hot-Wet,2010-01-11 09:40:00
15.88457235,-18.6845988,LA12,2010-01-11,10:00:00 AM,10:00:00,Hot-Wet,2010-01-11 10:00:00
15.88452962,-18.68455404,LA12,2010-01-11,10:20:00 AM,10:20:00,Hot-Wet,2010-01-11 10:20:00
15.88295186,-18.68203735,LA12,2010-01-11,10:42:00 AM,10:42:00,Hot-Wet,2010-01-11 10:42:00
15.88167725,-18.68552856,LA12,2010-01-11,11:00:00 AM,11:00:00,Hot-Wet,2010-01-11 11:00:00
15.88015849,-18.68905233,LA12,2010-01-11,11:20:00 AM,11:20:00,Hot-Wet,2010-01-11 11:20:00
15.87950541,-18.69129639,LA12,2010-01-11,11:40:00 AM,11:40:00,Hot-Wet,2010-01-11 11:40:00
15.8789266,-18.69112345,LA12,2010-01-11,12:00:00 PM,12:00:00,Hot-Wet,2010-01-11 12:00:00
15.87868449,-18.69087931,LA12,2010-01-11,12:20:00 PM,12:20:00,Hot-Wet,2010-01-11 12:20:00
15.87676595,-18.69034831,LA12,2010-01-11,12:40:00 PM,12:40:00,Hot-Wet,2010-01-11 12:40:00
15.87599182,-18.69091187,LA12,2010-01-11,01:00:00 PM,13:00:00,Hot-Wet,2010-01-11 13:00:00
15.8769928,-18.69230754,LA12,2010-01-11,01:20:00 PM,13:20:00,Hot-Wet,2010-01-11 13:20:00
15.87950033,-18.69591064,LA12,2010-01-11,01:40:00 PM,13:40:00,Hot-Wet,2010-01-11 13:40:00
15.87961121,-18.69630941,LA12,2010-01-11,02:00:00 PM,14:00:00,Hot-Wet,2010-01-11 14:00:00
15.8794871,-18.69636637,LA12,2010-01-11,02:20:00 PM,14:20:00,Hot-Wet,2010-01-11 14:20:00
15.87999776,-18.69586995,LA12,2010-01-11,02:40:00 PM,14:40:00,Hot-Wet,2010-01-11 14:40:00
15.88003337,-18.69388631,LA12,2010-01-11,03:00:00 PM,15:00:00,Hot-Wet,2010-01-11 15:00:00
15.87926432,-18.69153442,LA12,2010-01-11,03:20:00 PM,15:20:00,Hot-Wet,2010-01-11 15:20:00
15.88232117,-18.68856405,LA12,2010-01-11,03:40:00 PM,15:40:00,Hot-Wet,2010-01-11 15:40:00
15.8836853,-18.68533732,LA12,2010-01-11,04:00:00 PM,16:00:00,Hot-Wet,2010-01-11 16:00:00
15.8840271,-18.68433431,LA12,2010-01-11,04:20:00 PM,16:20:00,Hot-Wet,2010-01-11 16:20:00
15.8860199,-18.68100993,LA12,2010-01-11,04:40:00 PM,16:40:00,Hot-Wet,2010-01-11 16:40:00
15.88545736,-18.67903442,LA12,2010-01-11,05:00:00 PM,17:00:00,Hot-Wet,2010-01-11 17:00:00
15.8858429,-18.67306112,LA12,2010-01-11,05:20:00 PM,17:20:00,Hot-Wet,2010-01-11 17:20:00
15.88700053,-18.66742757,LA12,2010-01-11,05:40:00 PM,17:40:00,Hot-Wet,2010-01-11 17:40:00
15.88822428,-18.66302897,LA12,2010-01-11,06:00:00 PM,18:00:00,Hot-Wet,2010-01-11 18:00:00
15.88640442,-18.658962,LA12,2010-01-11,06:20:00 PM,18:20:00,Hot-Wet,2010-01-11 18:20:00
15.88754679,-18.65713298,LA12,2010-01-11,06:40:00 PM,18:40:00,Hot-Wet,2010-01-11 18:40:00
15.88743184,-18.65876872,LA12,2010-01-11,07:00:00 PM,19:00:00,Hot-Wet,2010-01-11 19:00:00
15.88778687,-18.66120199,LA12,2010-01-11,07:20:00 PM,19:20:00,Hot-Wet,2010-01-11 19:20:00
15.88925883,-18.66220907,LA12,2010-01-11,07:40:00 PM,19:40:00,Hot-Wet,2010-01-11 19:40:00
15.8892863,-18.66240234,LA12,2010-01-11,08:00:00 PM,20:00:00,Hot-Wet,2010-01-11 20:00:00
15.88859863,-18.66229451,LA12,2010-01-11,08:20:00 PM,20:20:00,Hot-Wet,2010-01-11 20:20:00
15.88775024,-18.66105143,LA12,2010-01-11,08:40:00 PM,20:40:00,Hot-Wet,2010-01-11 20:40:00
15.88821513,-18.65945435,LA12,2010-01-11,09:00:00 PM,21:00:00,Hot-Wet,2010-01-11 21:00:00
15.88887126,-18.659139,LA12,2010-01-11,09:20:00 PM,21:20:00,Hot-Wet,2010-01-11 21:20:00
15.88940938,-18.65884603,LA12,2010-01-11,09:40:00 PM,21:40:00,Hot-Wet,2010-01-11 21:40:00
15.89002991,-18.65888062,LA12,2010-01-11,10:00:00 PM,22:00:00,Hot-Wet,2010-01-11 22:00:00
15.89018453,-18.65922648,LA12,2010-01-11,10:20:00 PM,22:20:00,Hot-Wet,2010-01-11 22:20:00
15.89069417,-18.65919189,LA12,2010-01-11,10:40:00 PM,22:40:00,Hot-Wet,2010-01-11 22:40:00
15.89084269,-18.65906372,LA12,2010-01-11,11:00:00 PM,23:00:00,Hot-Wet,2010-01-11 23:00:00
15.89077555,-18.659021,LA12,2010-01-11,11:20:00 PM,23:20:00,Hot-Wet,2010-01-11 23:20:00
15.89078674,-18.65903524,LA12,2010-01-11,11:40:00 PM,23:40:00,Hot-Wet,2010-01-11 23:40:00
15.89033508,-18.65949504,LA12,2010-01-12,12:00:00 AM,00:00:00,Hot-Wet,2010-01-12 00:00:00
15.89031169,-18.6598877,LA12,2010-01-12,12:20:00 AM,00:20:00,Hot-Wet,2010-01-12 00:20:00
15.89052938,-18.65987142,LA12,2010-01-12,12:40:00 AM,00:40:00,Hot-Wet,2010-01-12 00:40:00
15.89049377,-18.65961507,LA12,2010-01-12,01:00:00 AM,01:00:00,Hot-Wet,2010-01-12 01:00:00
15.89154358,-18.65860392,LA12,2010-01-12,01:20:00 AM,01:20:00,Hot-Wet,2010-01-12 01:20:00
15.89153035,-18.65725301,LA12,2010-01-12,01:40:00 AM,01:40:00,Hot-Wet,2010-01-12 01:40:00
15.89226583,-18.65632731,LA12,2010-01-12,02:00:00 AM,02:00:00,Hot-Wet,2010-01-12 02:00:00
15.89227193,-18.65633952,LA12,2010-01-12,02:20:00 AM,02:20:00,Hot-Wet,2010-01-12 02:20:00
15.89224854,-18.65632935,LA12,2010-01-12,02:40:00 AM,02:40:00,Hot-Wet,2010-01-12 02:40:00
15.89226278,-18.65633138,LA12,2010-01-12,03:00:00 AM,03:00:00,Hot-Wet,2010-01-12 03:00:00
15.89228414,-18.656309,LA12,2010-01-12,03:20:00 AM,03:20:00,Hot-Wet,2010-01-12 03:20:00
15.89222616,-18.65635173,LA12,2010-01-12,03:40:00 AM,03:40:00,Hot-Wet,2010-01-12 03:40:00
15.892276,-18.65633952,LA12,2010-01-12,04:00:00 AM,04:00:00,Hot-Wet,2010-01-12 04:00:00
15.8923289,-18.65657756,LA12,2010-01-12,04:20:00 AM,04:20:00,Hot-Wet,2010-01-12 04:20:00
15.89220581,-18.65687459,LA12,2010-01-12,04:40:00 AM,04:40:00,Hot-Wet,2010-01-12 04:40:00
15.8899353,-18.65894572,LA12,2010-01-12,05:00:00 AM,05:00:00,Hot-Wet,2010-01-12 05:00:00
15.88394165,-18.66063843,LA12,2010-01-12,05:20:00 AM,05:20:00,Hot-Wet,2010-01-12 05:20:00
15.88213806,-18.66013387,LA12,2010-01-12,05:40:00 AM,05:40:00,Hot-Wet,2010-01-12 05:40:00
15.88156331,-18.66016439,LA12,2010-01-12,06:00:00 AM,06:00:00,Hot-Wet,2010-01-12 06:00:00
15.87806702,-18.65891317,LA12,2010-01-12,06:20:00 AM,06:20:00,Hot-Wet,2010-01-12 06:20:00
15.87315877,-18.65469564,LA12,2010-01-12,06:40:00 AM,06:40:00,Hot-Wet,2010-01-12 06:40:00
15.87167053,-18.65313924,LA12,2010-01-12,07:00:00 AM,07:00:00,Hot-Wet,2010-01-12 07:00:00
15.87100932,-18.65333659,LA12,2010-01-12,07:20:00 AM,07:20:00,Hot-Wet,2010-01-12 07:20:00
15.8702891,-18.65366211,LA12,2010-01-12,07:40:00 AM,07:40:00,Hot-Wet,2010-01-12 07:40:00
15.86955058,-18.65488281,LA12,2010-01-12,08:00:00 AM,08:00:00,Hot-Wet,2010-01-12 08:00:00
15.86758728,-18.65633748,LA12,2010-01-12,08:20:00 AM,08:20:00,Hot-Wet,2010-01-12 08:20:00
15.86359456,-18.65834147,LA12,2010-01-12,08:40:00 AM,08:40:00,Hot-Wet,2010-01-12 08:40:00
15.86397909,-18.65777181,LA12,2010-01-12,09:00:00 AM,09:00:00,Hot-Wet,2010-01-12 09:00:00
15.86469014,-18.6574056,LA12,2010-01-12,09:20:00 AM,09:20:00,Hot-Wet,2010-01-12 09:20:00
15.86451619,-18.65914714,LA12,2010-01-12,09:40:00 AM,09:40:00,Hot-Wet,2010-01-12 09:40:00
15.86491292,-18.65939738,LA12,2010-01-12,10:00:00 AM,10:00:00,Hot-Wet,2010-01-12 10:00:00
15.8646403,-18.65739136,LA12,2010-01-12,10:20:00 AM,10:20:00,Hot-Wet,2010-01-12 10:20:00
15.8647878,-18.65291138,LA12,2010-01-12,10:40:00 AM,10:40:00,Hot-Wet,2010-01-12 10:40:00
15.86575012,-18.65147909,LA12,2010-01-12,11:00:00 AM,11:00:00,Hot-Wet,2010-01-12 11:00:00
15.8669637,-18.65005493,LA12,2010-01-12,11:20:00 AM,11:20:00,Hot-Wet,2010-01-12 11:20:00
15.86881409,-18.65033773,LA12,2010-01-12,11:40:00 AM,11:40:00,Hot-Wet,2010-01-12 11:40:00
15.87136739,-18.65189412,LA12,2010-01-12,12:00:00 PM,12:00:00,Hot-Wet,2010-01-12 12:00:00
15.87197164,-18.65200806,LA12,2010-01-12,12:20:00 PM,12:20:00,Hot-Wet,2010-01-12 12:20:00
15.87212219,-18.65199585,LA12,2010-01-12,12:40:00 PM,12:40:00,Hot-Wet,2010-01-12 12:40:00
15.87251282,-18.65159302,LA12,2010-01-12,01:00:00 PM,13:00:00,Hot-Wet,2010-01-12 13:00:00
15.87562764,-18.64698893,LA12,2010-01-12,01:20:00 PM,13:20:00,Hot-Wet,2010-01-12 13:20:00
15.87699687,-18.64333293,LA12,2010-01-12,01:40:00 PM,13:40:00,Hot-Wet,2010-01-12 13:40:00
15.87933248,-18.64127808,LA12,2010-01-12,02:00:00 PM,14:00:00,Hot-Wet,2010-01-12 14:00:00
15.87929484,-18.64125366,LA12,2010-01-12,02:20:00 PM,14:20:00,Hot-Wet,2010-01-12 14:20:00
15.88401591,-18.6383667,LA12,2010-01-12,02:40:00 PM,14:40:00,Hot-Wet,2010-01-12 14:40:00
15.89041951,-18.63114624,LA12,2010-01-12,03:00:00 PM,15:00:00,Hot-Wet,2010-01-12 15:00:00
15.8946991,-18.62706095,LA12,2010-01-12,03:20:00 PM,15:20:00,Hot-Wet,2010-01-12 15:20:00
15.90194499,-18.62043254,LA12,2010-01-12,03:40:00 PM,15:40:00,Hot-Wet,2010-01-12 15:40:00
15.90764058,-18.61766968,LA12,2010-01-12,04:00:00 PM,16:00:00,Hot-Wet,2010-01-12 16:00:00
15.90652364,-18.61524455,LA12,2010-01-12,04:20:00 PM,16:20:00,Hot-Wet,2010-01-12 16:20:00
15.90625,-18.61405436,LA12,2010-01-12,04:40:00 PM,16:40:00,Hot-Wet,2010-01-12 16:40:00
15.90631307,-18.61382853,LA12,2010-01-12,05:00:00 PM,17:00:00,Hot-Wet,2010-01-12 17:00:00
15.90602417,-18.61633708,LA12,2010-01-12,05:20:00 PM,17:20:00,Hot-Wet,2010-01-12 17:20:00
15.90748596,-18.61690877,LA12,2010-01-12,05:40:00 PM,17:40:00,Hot-Wet,2010-01-12 17:40:00
15.90424906,-18.61665039,LA12,2010-01-12,06:00:00 PM,18:00:00,Hot-Wet,2010-01-12 18:00:00
15.90358988,-18.61439819,LA12,2010-01-12,06:20:00 PM,18:20:00,Hot-Wet,2010-01-12 18:20:00
15.90301921,-18.61258748,LA12,2010-01-12,06:40:00 PM,18:40:00,Hot-Wet,2010-01-12 18:40:00
15.90262451,-18.61129354,LA12,2010-01-12,07:00:00 PM,19:00:00,Hot-Wet,2010-01-12 19:00:00
15.90342712,-18.61045125,LA12,2010-01-12,07:20:00 PM,19:20:00,Hot-Wet,2010-01-12 19:20:00
15.9066925,-18.61299438,LA12,2010-01-12,07:40:00 PM,19:40:00,Hot-Wet,2010-01-12 19:40:00
15.90630595,-18.61326904,LA12,2010-01-12,08:00:00 PM,20:00:00,Hot-Wet,2010-01-12 20:00:00
15.90792135,-18.6096578,LA12,2010-01-12,08:20:00 PM,20:20:00,Hot-Wet,2010-01-12 20:20:00
15.90877686,-18.60797729,LA12,2010-01-12,08:40:00 PM,20:40:00,Hot-Wet,2010-01-12 20:40:00
15.90912882,-18.60720215,LA12,2010-01-12,09:00:00 PM,21:00:00,Hot-Wet,2010-01-12 21:00:00
15.91166992,-18.60161947,LA12,2010-01-12,09:20:00 PM,21:20:00,Hot-Wet,2010-01-12 21:20:00
15.91244609,-18.59656982,LA12,2010-01-12,09:40:00 PM,21:40:00,Hot-Wet,2010-01-12 21:40:00
15.91581523,-18.59189453,LA12,2010-01-12,10:00:00 PM,22:00:00,Hot-Wet,2010-01-12 22:00:00
15.92137553,-18.58753052,LA12,2010-01-12,10:20:00 PM,22:20:00,Hot-Wet,2010-01-12 22:20:00
15.92692973,-18.58670858,LA12,2010-01-12,10:40:00 PM,22:40:00,Hot-Wet,2010-01-12 22:40:00
15.93425903,-18.58775838,LA12,2010-01-12,11:00:00 PM,23:00:00,Hot-Wet,2010-01-12 23:00:00
15.93393453,-18.58267415,LA12,2010-01-12,11:20:00 PM,23:20:00,Hot-Wet,2010-01-12 23:20:00
15.93694763,-18.57222087,LA12,2010-01-12,11:40:00 PM,23:40:00,Hot-Wet,2010-01-12 23:40:00
15.93881124,-18.56445313,LA12,2010-01-13,12:00:52 AM,00:00:00,Hot-Wet,2010-01-13 00:00:00
15.94447123,-18.55630086,LA12,2010-01-13,12:20:52 AM,00:20:00,Hot-Wet,2010-01-13 00:20:00
15.94536438,-18.55038452,LA12,2010-01-13,12:40:52 AM,00:40:00,Hot-Wet,2010-01-13 00:40:00
15.94199117,-18.54963582,LA12,2010-01-13,01:00:52 AM,01:00:00,Hot-Wet,2010-01-13 01:00:00
15.93998108,-18.54989217,LA12,2010-01-13,01:20:52 AM,01:20:00,Hot-Wet,2010-01-13 01:20:00
15.93935649,-18.55040894,LA12,2010-01-13,01:40:52 AM,01:40:00,Hot-Wet,2010-01-13 01:40:00
15.93935649,-18.55038656,LA12,2010-01-13,02:00:52 AM,02:00:00,Hot-Wet,2010-01-13 02:00:00
15.93961182,-18.5509908,LA12,2010-01-13,02:20:52 AM,02:20:00,Hot-Wet,2010-01-13 02:20:00
15.93911641,-18.55118408,LA12,2010-01-13,02:40:52 AM,02:40:00,Hot-Wet,2010-01-13 02:40:00
15.9380188,-18.55073853,LA12,2010-01-13,03:00:52 AM,03:00:00,Hot-Wet,2010-01-13 03:00:00
15.9394338,-18.54892985,LA12,2010-01-13,03:20:52 AM,03:20:00,Hot-Wet,2010-01-13 03:20:00
15.94043986,-18.55056966,LA12,2010-01-13,03:40:52 AM,03:40:00,Hot-Wet,2010-01-13 03:40:00
15.94687907,-18.5487915,LA12,2010-01-13,04:00:52 AM,04:00:00,Hot-Wet,2010-01-13 04:00:00
15.94111328,-18.54991659,LA12,2010-01-13,04:20:52 AM,04:20:00,Hot-Wet,2010-01-13 04:20:00
15.94232483,-18.55073649,LA12,2010-01-13,04:40:52 AM,04:40:00,Hot-Wet,2010-01-13 04:40:00
15.93637594,-18.55421143,LA12,2010-01-13,05:00:52 AM,05:00:00,Hot-Wet,2010-01-13 05:00:00
15.92943217,-18.55855916,LA12,2010-01-13,05:20:52 AM,05:20:00,Hot-Wet,2010-01-13 05:20:00
15.9234019,-18.57201742,LA12,2010-01-13,05:40:52 AM,05:40:00,Hot-Wet,2010-01-13 05:40:00
15.91773682,-18.57881673,LA12,2010-01-13,06:00:52 AM,06:00:00,Hot-Wet,2010-01-13 06:00:00
15.91708476,-18.58481649,LA12,2010-01-13,06:20:52 AM,06:20:00,Hot-Wet,2010-01-13 06:20:00
15.92154744,-18.58811035,LA12,2010-01-13,06:40:52 AM,06:40:00,Hot-Wet,2010-01-13 06:40:00
15.92312724,-18.58872681,LA12,2010-01-13,07:00:52 AM,07:00:00,Hot-Wet,2010-01-13 07:00:00
15.92326152,-18.59025472,LA12,2010-01-13,07:20:52 AM,07:20:00,Hot-Wet,2010-01-13 07:20:00
15.92325948,-18.59064941,LA12,2010-01-13,07:40:52 AM,07:40:00,Hot-Wet,2010-01-13 07:40:00
15.92310791,-18.59181112,LA12,2010-01-13,08:00:52 AM,08:00:00,Hot-Wet,2010-01-13 08:00:00
15.92208862,-18.59125773,LA12,2010-01-13,08:20:52 AM,08:20:00,Hot-Wet,2010-01-13 08:20:00
15.92207845,-18.59125773,LA12,2010-01-13,08:40:52 AM,08:40:00,Hot-Wet,2010-01-13 08:40:00
15.92216288,-18.59116821,LA12,2010-01-13,09:00:52 AM,09:00:00,Hot-Wet,2010-01-13 09:00:00
15.92176921,-18.59077962,LA12,2010-01-13,09:20:52 AM,09:20:00,Hot-Wet,2010-01-13 09:20:00
15.92177124,-18.59077352,LA12,2010-01-13,09:40:52 AM,09:40:00,Hot-Wet,2010-01-13 09:40:00
15.92139181,-18.59090983,LA12,2010-01-13,10:00:52 AM,10:00:00,Hot-Wet,2010-01-13 10:00:00
15.91979574,-18.58891398,LA12,2010-01-13,10:20:52 AM,10:20:00,Hot-Wet,2010-01-13 10:20:00
15.92359009,-18.58294271,LA12,2010-01-13,10:40:52 AM,10:40:00,Hot-Wet,2010-01-13 10:40:00
15.90683187,-18.58130697,LA12,2010-01-13,11:00:52 AM,11:00:00,Hot-Wet,2010-01-13 11:00:00
15.9009908,-18.57727254,LA12,2010-01-13,11:20:52 AM,11:20:00,Hot-Wet,2010-01-13 11:20:00
15.90586344,-18.57543335,LA12,2010-01-13,11:40:52 AM,11:40:00,Hot-Wet,2010-01-13 11:40:00
15.90889079,-18.57701823,LA12,2010-01-13,12:00:52 PM,12:00:00,Hot-Wet,2010-01-13 12:00:00
15.90932821,-18.57635295,LA12,2010-01-13,12:20:52 PM,12:20:00,Hot-Wet,2010-01-13 12:20:00
15.91189372,-18.57452596,LA12,2010-01-13,12:40:52 PM,12:40:00,Hot-Wet,2010-01-13 12:40:00
15.91271871,-18.57585653,LA12,2010-01-13,01:00:52 PM,13:00:00,Hot-Wet,2010-01-13 13:00:00
15.90853882,-18.58063761,LA12,2010-01-13,01:20:52 PM,13:20:00,Hot-Wet,2010-01-13 13:20:00
15.9178894,-18.58368327,LA12,2010-01-13,01:40:52 PM,13:40:00,Hot-Wet,2010-01-13 13:40:00
15.91160278,-18.57593994,LA12,2010-01-13,02:00:52 PM,14:00:00,Hot-Wet,2010-01-13 14:00:00
15.90389709,-18.57062378,LA12,2010-01-13,02:20:52 PM,14:20:00,Hot-Wet,2010-01-13 14:20:00
15.89823201,-18.56315308,LA12,2010-01-13,02:40:52 PM,14:40:00,Hot-Wet,2010-01-13 14:40:00
15.89611104,-18.55314535,LA12,2010-01-13,03:00:52 PM,15:00:00,Hot-Wet,2010-01-13 15:00:00
15.89205221,-18.54672038,LA12,2010-01-13,03:20:52 PM,15:20:00,Hot-Wet,2010-01-13 15:20:00
15.88893534,-18.55692952,LA12,2010-01-13,03:40:52 PM,15:40:00,Hot-Wet,2010-01-13 15:40:00
15.88791504,-18.56727295,LA12,2010-01-13,04:00:52 PM,16:00:00,Hot-Wet,2010-01-13 16:00:00
15.87663167,-18.57355143,LA12,2010-01-13,04:20:52 PM,16:20:00,Hot-Wet,2010-01-13 16:20:00
15.86683451,-18.58338623,LA12,2010-01-13,04:40:52 PM,16:40:00,Hot-Wet,2010-01-13 16:40:00
15.8508372,-18.5883077,LA12,2010-01-13,05:00:52 PM,17:00:00,Hot-Wet,2010-01-13 17:00:00
15.84097188,-18.58452148,LA12,2010-01-13,05:20:52 PM,17:20:00,Hot-Wet,2010-01-13 17:20:00
15.83934428,-18.58126831,LA12,2010-01-13,05:40:52 PM,17:40:00,Hot-Wet,2010-01-13 17:40:00
15.84088847,-18.57978109,LA12,2010-01-13,06:00:52 PM,18:00:00,Hot-Wet,2010-01-13 18:00:00
15.84197693,-18.57714437,LA12,2010-01-13,06:20:52 PM,18:20:00,Hot-Wet,2010-01-13 18:20:00
15.8447937,-18.57525838,LA12,2010-01-13,06:40:52 PM,18:40:00,Hot-Wet,2010-01-13 18:40:00
15.84584757,-18.57589518,LA12,2010-01-13,07:00:52 PM,19:00:00,Hot-Wet,2010-01-13 19:00:00
15.84564514,-18.57605591,LA12,2010-01-13,07:20:52 PM,19:20:00,Hot-Wet,2010-01-13 19:20:00
15.84572042,-18.57611287,LA12,2010-01-13,07:40:52 PM,19:40:00,Hot-Wet,2010-01-13 19:40:00
15.84707235,-18.57753092,LA12,2010-01-13,08:00:52 PM,20:00:00,Hot-Wet,2010-01-13 20:00:00
15.84933777,-18.58066406,LA12,2010-01-13,08:20:52 PM,20:20:00,Hot-Wet,2010-01-13 20:20:00
15.84847616,-18.58029175,LA12,2010-01-13,08:40:52 PM,20:40:00,Hot-Wet,2010-01-13 20:40:00
15.85183614,-18.575059,LA12,2010-01-13,09:00:52 PM,21:00:00,Hot-Wet,2010-01-13 21:00:00
15.85458883,-18.57021484,LA12,2010-01-13,09:20:52 PM,21:20:00,Hot-Wet,2010-01-13 21:20:00
15.85534465,-18.57000732,LA12,2010-01-13,09:40:52 PM,21:40:00,Hot-Wet,2010-01-13 21:40:00
15.85531108,-18.57001343,LA12,2010-01-13,10:00:52 PM,22:00:00,Hot-Wet,2010-01-13 22:00:00
15.8552714,-18.57003988,LA12,2010-01-13,10:20:52 PM,22:20:00,Hot-Wet,2010-01-13 22:20:00
15.85535177,-18.57003988,LA12,2010-01-13,10:40:52 PM,22:40:00,Hot-Wet,2010-01-13 22:40:00
15.85526632,-18.56996867,LA12,2010-01-13,11:00:52 PM,23:00:00,Hot-Wet,2010-01-13 23:00:00
15.85529073,-18.57004191,LA12,2010-01-13,11:20:52 PM,23:20:00,Hot-Wet,2010-01-13 23:20:00
15.85536296,-18.56994222,LA12,2010-01-13,11:40:52 PM,23:40:00,Hot-Wet,2010-01-13 23:40:00
15.85676066,-18.57291667,LA12,2010-01-14,12:00:52 AM,00:00:00,Hot-Wet,2010-01-14 00:00:00
15.85893046,-18.5804484,LA12,2010-01-14,12:20:52 AM,00:20:00,Hot-Wet,2010-01-14 00:20:00
15.86102905,-18.58337199,LA12,2010-01-14,12:40:52 AM,00:40:00,Hot-Wet,2010-01-14 00:40:00
15.8612203,-18.58158773,LA12,2010-01-14,01:00:52 AM,01:00:00,Hot-Wet,2010-01-14 01:00:00
15.86125895,-18.58120321,LA12,2010-01-14,01:20:52 AM,01:20:00,Hot-Wet,2010-01-14 01:20:00
15.86082153,-18.57813517,LA12,2010-01-14,01:40:52 AM,01:40:00,Hot-Wet,2010-01-14 01:40:00
15.85592957,-18.57873535,LA12,2010-01-14,02:00:52 AM,02:00:00,Hot-Wet,2010-01-14 02:00:00
15.85445862,-18.58713175,LA12,2010-01-14,02:20:52 AM,02:20:00,Hot-Wet,2010-01-14 02:20:00
15.85321045,-18.58899333,LA12,2010-01-14,02:40:52 AM,02:40:00,Hot-Wet,2010-01-14 02:40:00
15.85185242,-18.59190267,LA12,2010-01-14,03:00:52 AM,03:00:00,Hot-Wet,2010-01-14 03:00:00
15.851651,-18.59141032,LA12,2010-01-14,03:20:52 AM,03:20:00,Hot-Wet,2010-01-14 03:20:00
15.85305583,-18.59163208,LA12,2010-01-14,03:40:52 AM,03:40:00,Hot-Wet,2010-01-14 03:40:00
15.85500387,-18.59172974,LA12,2010-01-14,04:00:52 AM,04:00:00,Hot-Wet,2010-01-14 04:00:00
15.85674947,-18.59188029,LA12,2010-01-14,04:20:52 AM,04:20:00,Hot-Wet,2010-01-14 04:20:00
15.85945231,-18.58989258,LA12,2010-01-14,04:40:52 AM,04:40:00,Hot-Wet,2010-01-14 04:40:00
15.86431173,-18.58650309,LA12,2010-01-14,05:00:52 AM,05:00:00,Hot-Wet,2010-01-14 05:00:00
15.87109172,-18.58142293,LA12,2010-01-14,05:20:52 AM,05:20:00,Hot-Wet,2010-01-14 05:20:00
15.87230835,-18.58055623,LA12,2010-01-14,05:40:52 AM,05:40:00,Hot-Wet,2010-01-14 05:40:00
15.87219543,-18.58047282,LA12,2010-01-14,06:00:52 AM,06:00:00,Hot-Wet,2010-01-14 06:00:00
15.87226563,-18.58121745,LA12,2010-01-14,06:20:52 AM,06:20:00,Hot-Wet,2010-01-14 06:20:00
15.86560567,-18.58358561,LA12,2010-01-14,06:40:52 AM,06:40:00,Hot-Wet,2010-01-14 06:40:00
15.86086222,-18.58294678,LA12,2010-01-14,07:00:52 AM,07:00:00,Hot-Wet,2010-01-14 07:00:00
15.86013896,-18.57989909,LA12,2010-01-14,07:20:52 AM,07:20:00,Hot-Wet,2010-01-14 07:20:00
15.86077169,-18.57718709,LA12,2010-01-14,07:40:52 AM,07:40:00,Hot-Wet,2010-01-14 07:40:00
15.86391703,-18.57269287,LA12,2010-01-14,08:00:52 AM,08:00:00,Hot-Wet,2010-01-14 08:00:00
15.8726237,-18.56962484,LA12,2010-01-14,08:20:52 AM,08:20:00,Hot-Wet,2010-01-14 08:20:00
15.87674357,-18.56824137,LA12,2010-01-14,08:40:52 AM,08:40:00,Hot-Wet,2010-01-14 08:40:00
15.87935486,-18.56850789,LA12,2010-01-14,09:00:52 AM,09:00:00,Hot-Wet,2010-01-14 09:00:00
15.88091532,-18.56948649,LA12,2010-01-14,09:20:52 AM,09:20:00,Hot-Wet,2010-01-14 09:20:00
15.88087667,-18.56946004,LA12,2010-01-14,09:40:52 AM,09:40:00,Hot-Wet,2010-01-14 09:40:00
15.88085836,-18.56947835,LA12,2010-01-14,10:00:52 AM,10:00:00,Hot-Wet,2010-01-14 10:00:00
15.88087463,-18.56947632,LA12,2010-01-14,10:20:52 AM,10:20:00,Hot-Wet,2010-01-14 10:20:00
15.88087972,-18.56948446,LA12,2010-01-14,10:40:52 AM,10:40:00,Hot-Wet,2010-01-14 10:40:00
15.88530375,-18.56861165,LA12,2010-01-14,11:00:52 AM,11:00:00,Hot-Wet,2010-01-14 11:00:00
15.89206136,-18.56501668,LA12,2010-01-14,11:21:02 AM,11:21:00,Hot-Wet,2010-01-14 11:21:00
15.89703369,-18.56292318,LA12,2010-01-14,11:40:52 AM,11:40:00,Hot-Wet,2010-01-14 11:40:00
15.90004069,-18.56213582,LA12,2010-01-14,12:00:52 PM,12:00:00,Hot-Wet,2010-01-14 12:00:00
15.90439046,-18.5649943,LA12,2010-01-14,12:20:52 PM,12:20:00,Hot-Wet,2010-01-14 12:20:00
15.91104736,-18.56784465,LA12,2010-01-14,12:40:52 PM,12:40:00,Hot-Wet,2010-01-14 12:40:00
15.91142883,-18.57037354,LA12,2010-01-14,01:00:52 PM,13:00:00,Hot-Wet,2010-01-14 13:00:00
15.9093394,-18.57579346,LA12,2010-01-14,01:21:02 PM,13:21:00,Hot-Wet,2010-01-14 13:21:00
15.90978597,-18.57942301,LA12,2010-01-14,01:40:52 PM,13:40:00,Hot-Wet,2010-01-14 13:40:00
15.90906067,-18.58659058,LA12,2010-01-14,02:00:52 PM,14:00:00,Hot-Wet,2010-01-14 14:00:00
15.91099345,-18.59209391,LA12,2010-01-14,02:20:52 PM,14:20:00,Hot-Wet,2010-01-14 14:20:00
15.91223043,-18.59527384,LA12,2010-01-14,02:40:52 PM,14:40:00,Hot-Wet,2010-01-14 14:40:00
15.9140391,-18.59752197,LA12,2010-01-14,03:00:52 PM,15:00:00,Hot-Wet,2010-01-14 15:00:00
15.91448161,-18.59993693,LA12,2010-01-14,03:20:52 PM,15:20:00,Hot-Wet,2010-01-14 15:20:00
15.91569722,-18.60269368,LA12,2010-01-14,03:40:52 PM,15:40:00,Hot-Wet,2010-01-14 15:40:00
15.91510111,-18.60542603,LA12,2010-01-14,04:00:52 PM,16:00:00,Hot-Wet,2010-01-14 16:00:00
15.91935221,-18.61080933,LA12,2010-01-14,04:20:52 PM,16:20:00,Hot-Wet,2010-01-14 16:20:00
15.9206665,-18.615979,LA12,2010-01-14,04:40:52 PM,16:40:00,Hot-Wet,2010-01-14 16:40:00
15.92064412,-18.61604818,LA12,2010-01-14,05:00:52 PM,17:00:00,Hot-Wet,2010-01-14 17:00:00
15.92060038,-18.61622111,LA12,2010-01-14,05:20:52 PM,17:20:00,Hot-Wet,2010-01-14 17:20:00
15.92061056,-18.61604004,LA12,2010-01-14,05:40:52 PM,17:40:00,Hot-Wet,2010-01-14 17:40:00
15.92111104,-18.61944173,LA12,2010-01-14,06:00:52 PM,18:00:00,Hot-Wet,2010-01-14 18:00:00
15.9219279,-18.62870687,LA12,2010-01-14,06:20:52 PM,18:20:00,Hot-Wet,2010-01-14 18:20:00
15.9221283,-18.63875732,LA12,2010-01-14,06:40:52 PM,18:40:00,Hot-Wet,2010-01-14 18:40:00
15.92291056,-18.64322103,LA12,2010-01-14,07:00:52 PM,19:00:00,Hot-Wet,2010-01-14 19:00:00
15.92495931,-18.64790649,LA12,2010-01-14,07:20:52 PM,19:20:00,Hot-Wet,2010-01-14 19:20:00
15.92506002,-18.64874268,LA12,2010-01-14,07:40:52 PM,19:40:00,Hot-Wet,2010-01-14 19:40:00
15.9251241,-18.64943848,LA12,2010-01-14,08:00:52 PM,20:00:00,Hot-Wet,2010-01-14 20:00:00
15.92300618,-18.65783691,LA12,2010-01-14,08:20:52 PM,20:20:00,Hot-Wet,2010-01-14 20:20:00
15.92590535,-18.65970662,LA12,2010-01-14,08:40:52 PM,20:40:00,Hot-Wet,2010-01-14 20:40:00
15.93020935,-18.65656331,LA12,2010-01-14,09:00:52 PM,21:00:00,Hot-Wet,2010-01-14 21:00:00
15.93272502,-18.65405273,LA12,2010-01-14,09:20:52 PM,21:20:00,Hot-Wet,2010-01-14 21:20:00
15.93354085,-18.65395915,LA12,2010-01-14,09:40:52 PM,21:40:00,Hot-Wet,2010-01-14 21:40:00
15.93380534,-18.65389608,LA12,2010-01-14,10:00:52 PM,22:00:00,Hot-Wet,2010-01-14 22:00:00
15.93380229,-18.65384521,LA12,2010-01-14,10:20:52 PM,22:20:00,Hot-Wet,2010-01-14 22:20:00
15.93383382,-18.65358276,LA12,2010-01-14,10:40:52 PM,22:40:00,Hot-Wet,2010-01-14 22:40:00
15.93384603,-18.65356242,LA12,2010-01-14,11:00:52 PM,23:00:00,Hot-Wet,2010-01-14 23:00:00
15.93383382,-18.6535848,LA12,2010-01-14,11:20:52 PM,23:20:00,Hot-Wet,2010-01-14 23:20:00
15.93384399,-18.65354004,LA12,2010-01-14,11:40:52 PM,23:40:00,Hot-Wet,2010-01-14 23:40:00
15.93381653,-18.65351969,LA12,2010-01-15,12:00:52 AM,00:00:00,Hot-Wet,2010-01-15 00:00:00
15.93371073,-18.65326945,LA12,2010-01-15,12:20:52 AM,00:20:00,Hot-Wet,2010-01-15 00:20:00
15.93433126,-18.65200806,LA12,2010-01-15,12:40:52 AM,00:40:00,Hot-Wet,2010-01-15 00:40:00
15.93564657,-18.65095215,LA12,2010-01-15,01:00:52 AM,01:00:00,Hot-Wet,2010-01-15 01:00:00
15.93862712,-18.64927368,LA12,2010-01-15,01:20:52 AM,01:20:00,Hot-Wet,2010-01-15 01:20:00
15.93927002,-18.64905802,LA12,2010-01-15,01:40:52 AM,01:40:00,Hot-Wet,2010-01-15 01:40:00
15.94081319,-18.64816284,LA12,2010-01-15,02:00:52 AM,02:00:00,Hot-Wet,2010-01-15 02:00:00
15.94341125,-18.64747518,LA12,2010-01-15,02:20:52 AM,02:20:00,Hot-Wet,2010-01-15 02:20:00
15.94340108,-18.64741211,LA12,2010-01-15,02:40:52 AM,02:40:00,Hot-Wet,2010-01-15 02:40:00
15.94341532,-18.64749552,LA12,2010-01-15,03:00:52 AM,03:00:00,Hot-Wet,2010-01-15 03:00:00
15.94404907,-18.64759115,LA12,2010-01-15,03:20:52 AM,03:20:00,Hot-Wet,2010-01-15 03:20:00
15.94487915,-18.64541626,LA12,2010-01-15,03:40:52 AM,03:40:00,Hot-Wet,2010-01-15 03:40:00
15.94520467,-18.64238892,LA12,2010-01-15,04:00:52 AM,04:00:00,Hot-Wet,2010-01-15 04:00:00
15.94418233,-18.63816121,LA12,2010-01-15,04:20:52 AM,04:20:00,Hot-Wet,2010-01-15 04:20:00
15.94169312,-18.63253581,LA12,2010-01-15,04:40:52 AM,04:40:00,Hot-Wet,2010-01-15 04:40:00
15.94169515,-18.62554321,LA12,2010-01-15,05:00:52 AM,05:00:00,Hot-Wet,2010-01-15 05:00:00
15.89278259,-18.68521932,LA12,2010-01-15,07:21:12 PM,19:21:00,Hot-Wet,2010-01-15 19:21:00
15.89373474,-18.68595174,LA12,2010-01-15,07:40:52 PM,19:40:00,Hot-Wet,2010-01-15 19:40:00
15.89411112,-18.68682251,LA12,2010-01-15,08:00:52 PM,20:00:00,Hot-Wet,2010-01-15 20:00:00
15.89475403,-18.68725789,LA12,2010-01-15,08:20:52 PM,20:20:00,Hot-Wet,2010-01-15 20:20:00
15.89514872,-18.68727417,LA12,2010-01-15,08:40:52 PM,20:40:00,Hot-Wet,2010-01-15 20:40:00
15.89583537,-18.68784383,LA12,2010-01-15,09:00:52 PM,21:00:00,Hot-Wet,2010-01-15 21:00:00
15.89550985,-18.68815308,LA12,2010-01-15,09:20:52 PM,21:20:00,Hot-Wet,2010-01-15 21:20:00
15.89314168,-18.68801066,LA12,2010-01-15,09:40:52 PM,21:40:00,Hot-Wet,2010-01-15 21:40:00
15.89465129,-18.68639933,LA12,2010-01-15,10:00:52 PM,22:00:00,Hot-Wet,2010-01-15 22:00:00
15.88842773,-18.68932088,LA12,2010-01-15,10:20:52 PM,22:20:00,Hot-Wet,2010-01-15 22:20:00
15.89595744,-18.68912557,LA12,2010-01-15,10:40:52 PM,22:40:00,Hot-Wet,2010-01-15 22:40:00
15.89889018,-18.69477743,LA12,2010-01-15,11:00:52 PM,23:00:00,Hot-Wet,2010-01-15 23:00:00
15.89911804,-18.69522298,LA12,2010-01-15,11:20:52 PM,23:20:00,Hot-Wet,2010-01-15 23:20:00
15.89834493,-18.6963562,LA12,2010-01-15,11:40:52 PM,23:40:00,Hot-Wet,2010-01-15 23:40:00
15.89950867,-18.69799601,LA12,2010-01-16,12:00:52 AM,00:00:00,Hot-Wet,2010-01-16 00:00:00
15.89930115,-18.69873047,LA12,2010-01-16,12:20:52 AM,00:20:00,Hot-Wet,2010-01-16 00:20:00
15.89970398,-18.69905396,LA12,2010-01-16,12:40:52 AM,00:40:00,Hot-Wet,2010-01-16 00:40:00
15.89963175,-18.69945882,LA12,2010-01-16,01:00:52 AM,01:00:00,Hot-Wet,2010-01-16 01:00:00
15.89997559,-18.69931844,LA12,2010-01-16,01:20:52 AM,01:20:00,Hot-Wet,2010-01-16 01:20:00
15.90005697,-18.69952596,LA12,2010-01-16,01:40:52 AM,01:40:00,Hot-Wet,2010-01-16 01:40:00
15.90004069,-18.69952189,LA12,2010-01-16,02:00:52 AM,02:00:00,Hot-Wet,2010-01-16 02:00:00
15.90003764,-18.69951986,LA12,2010-01-16,02:20:52 AM,02:20:00,Hot-Wet,2010-01-16 02:20:00
15.90102132,-18.6990153,LA12,2010-01-16,02:40:52 AM,02:40:00,Hot-Wet,2010-01-16 02:40:00
15.90014648,-18.69846191,LA12,2010-01-16,03:00:52 AM,03:00:00,Hot-Wet,2010-01-16 03:00:00
15.90018005,-18.69861857,LA12,2010-01-16,03:20:52 AM,03:20:00,Hot-Wet,2010-01-16 03:20:00
15.90084839,-18.6984904,LA12,2010-01-16,03:40:52 AM,03:40:00,Hot-Wet,2010-01-16 03:40:00
15.90294393,-18.69959717,LA12,2010-01-16,04:00:52 AM,04:00:00,Hot-Wet,2010-01-16 04:00:00
15.90055847,-18.69991455,LA12,2010-01-16,04:20:53 AM,04:20:00,Hot-Wet,2010-01-16 04:20:00
15.89927063,-18.70119425,LA12,2010-01-16,04:40:52 AM,04:40:00,Hot-Wet,2010-01-16 04:40:00
15.89868876,-18.70217489,LA12,2010-01-16,05:00:52 AM,05:00:00,Hot-Wet,2010-01-16 05:00:00
15.89771627,-18.70274658,LA12,2010-01-16,05:20:52 AM,05:20:00,Hot-Wet,2010-01-16 05:20:00
15.8939209,-18.70348104,LA12,2010-01-16,05:40:52 AM,05:40:00,Hot-Wet,2010-01-16 05:40:00
15.89170837,-18.70437215,LA12,2010-01-16,06:00:52 AM,06:00:00,Hot-Wet,2010-01-16 06:00:00
15.89138692,-18.70455119,LA12,2010-01-16,06:20:52 AM,06:20:00,Hot-Wet,2010-01-16 06:20:00
15.89247538,-18.70379232,LA12,2010-01-16,06:40:52 AM,06:40:00,Hot-Wet,2010-01-16 06:40:00
15.88994649,-18.70511882,LA12,2010-01-16,07:00:52 AM,07:00:00,Hot-Wet,2010-01-16 07:00:00
15.88902181,-18.7043335,LA12,2010-01-16,07:20:52 AM,07:20:00,Hot-Wet,2010-01-16 07:20:00
15.88908183,-18.70426025,LA12,2010-01-16,07:40:52 AM,07:40:00,Hot-Wet,2010-01-16 07:40:00
15.88695577,-18.70267944,LA12,2010-01-16,08:00:52 AM,08:00:00,Hot-Wet,2010-01-16 08:00:00
15.88603109,-18.70095011,LA12,2010-01-16,08:20:52 AM,08:20:00,Hot-Wet,2010-01-16 08:20:00
15.88603617,-18.70094808,LA12,2010-01-16,08:40:52 AM,08:40:00,Hot-Wet,2010-01-16 08:40:00
15.88375346,-18.69896647,LA12,2010-01-16,09:00:52 AM,09:00:00,Hot-Wet,2010-01-16 09:00:00
15.87934265,-18.69164429,LA12,2010-01-16,09:20:52 AM,09:20:00,Hot-Wet,2010-01-16 09:20:00
15.87611389,-18.69066976,LA12,2010-01-16,09:40:52 AM,09:40:00,Hot-Wet,2010-01-16 09:40:00
15.87671712,-18.68832804,LA12,2010-01-16,10:00:52 AM,10:00:00,Hot-Wet,2010-01-16 10:00:00
15.88125,-18.68521932,LA12,2010-01-16,10:20:52 AM,10:20:00,Hot-Wet,2010-01-16 10:20:00
15.88363546,-18.68452759,LA12,2010-01-16,10:40:52 AM,10:40:00,Hot-Wet,2010-01-16 10:40:00
15.88271281,-18.68551229,LA12,2010-01-16,11:00:52 AM,11:00:00,Hot-Wet,2010-01-16 11:00:00
15.8810262,-18.68585409,LA12,2010-01-16,11:20:52 AM,11:20:00,Hot-Wet,2010-01-16 11:20:00
15.88125916,-18.68603923,LA12,2010-01-16,11:40:52 AM,11:40:00,Hot-Wet,2010-01-16 11:40:00
15.87995605,-18.68649495,LA12,2010-01-16,12:00:52 PM,12:00:00,Hot-Wet,2010-01-16 12:00:00
15.87947184,-18.68717244,LA12,2010-01-16,12:20:52 PM,12:20:00,Hot-Wet,2010-01-16 12:20:00
15.87872925,-18.68723755,LA12,2010-01-16,12:40:52 PM,12:40:00,Hot-Wet,2010-01-16 12:40:00
15.87822876,-18.68725382,LA12,2010-01-16,01:00:52 PM,13:00:00,Hot-Wet,2010-01-16 13:00:00
15.87819824,-18.687205,LA12,2010-01-16,01:20:52 PM,13:20:00,Hot-Wet,2010-01-16 13:20:00
15.87665609,-18.68720703,LA12,2010-01-16,01:40:52 PM,13:40:00,Hot-Wet,2010-01-16 13:40:00
15.87257182,-18.68846232,LA12,2010-01-16,02:00:52 PM,14:00:00,Hot-Wet,2010-01-16 14:00:00
15.87128398,-18.68936971,LA12,2010-01-16,02:20:52 PM,14:20:00,Hot-Wet,2010-01-16 14:20:00
15.87101237,-18.69028117,LA12,2010-01-16,02:40:52 PM,14:40:00,Hot-Wet,2010-01-16 14:40:00
15.8705953,-18.69346313,LA12,2010-01-16,03:00:52 PM,15:00:00,Hot-Wet,2010-01-16 15:00:00
15.87058207,-18.69367676,LA12,2010-01-16,03:20:52 PM,15:20:00,Hot-Wet,2010-01-16 15:20:00
15.87097982,-18.6897054,LA12,2010-01-16,03:40:52 PM,15:40:00,Hot-Wet,2010-01-16 15:40:00
15.87219747,-18.6875,LA12,2010-01-16,04:00:52 PM,16:00:00,Hot-Wet,2010-01-16 16:00:00
15.87371216,-18.68567301,LA12,2010-01-16,04:20:52 PM,16:20:00,Hot-Wet,2010-01-16 16:20:00
15.87621155,-18.68416951,LA12,2010-01-16,04:40:52 PM,16:40:00,Hot-Wet,2010-01-16 16:40:00
15.87695414,-18.68335164,LA12,2010-01-16,05:00:52 PM,17:00:00,Hot-Wet,2010-01-16 17:00:00
15.88190816,-18.68319702,LA12,2010-01-16,05:20:52 PM,17:20:00,Hot-Wet,2010-01-16 17:20:00
15.88179626,-18.68325602,LA12,2010-01-16,05:40:52 PM,17:40:00,Hot-Wet,2010-01-16 17:40:00
15.88396912,-18.68430583,LA12,2010-01-16,06:00:52 PM,18:00:00,Hot-Wet,2010-01-16 18:00:00
15.88496195,-18.68459676,LA12,2010-01-16,06:20:52 PM,18:20:00,Hot-Wet,2010-01-16 18:20:00
15.88485209,-18.68526408,LA12,2010-01-16,06:40:52 PM,18:40:00,Hot-Wet,2010-01-16 18:40:00
15.88485209,-18.68550212,LA12,2010-01-16,07:00:52 PM,19:00:00,Hot-Wet,2010-01-16 19:00:00
15.88438517,-18.68636882,LA12,2010-01-16,07:20:52 PM,19:20:00,Hot-Wet,2010-01-16 19:20:00
15.88301697,-18.68713786,LA12,2010-01-16,07:40:52 PM,19:40:00,Hot-Wet,2010-01-16 19:40:00
15.88208211,-18.68881429,LA12,2010-01-16,08:00:52 PM,20:00:00,Hot-Wet,2010-01-16 20:00:00
15.88004761,-18.69110107,LA12,2010-01-16,08:20:52 PM,20:20:00,Hot-Wet,2010-01-16 20:20:00
15.8789093,-18.69232381,LA12,2010-01-16,08:40:52 PM,20:40:00,Hot-Wet,2010-01-16 20:40:00
15.87732646,-18.69519043,LA12,2010-01-16,09:00:52 PM,21:00:00,Hot-Wet,2010-01-16 21:00:00
15.87728577,-18.69847412,LA12,2010-01-16,09:20:52 PM,21:20:00,Hot-Wet,2010-01-16 21:20:00
15.87489827,-18.70121663,LA12,2010-01-16,09:40:52 PM,21:40:00,Hot-Wet,2010-01-16 21:40:00
15.87481486,-18.70325928,LA12,2010-01-16,10:00:52 PM,22:00:00,Hot-Wet,2010-01-16 22:00:00
15.87469686,-18.70507406,LA12,2010-01-16,10:20:52 PM,22:20:00,Hot-Wet,2010-01-16 22:20:00
15.87536825,-18.70632935,LA12,2010-01-16,10:40:52 PM,22:40:00,Hot-Wet,2010-01-16 22:40:00
15.87540792,-18.70728556,LA12,2010-01-16,11:00:52 PM,23:00:00,Hot-Wet,2010-01-16 23:00:00
15.87550456,-18.70749308,LA12,2010-01-16,11:20:52 PM,23:20:00,Hot-Wet,2010-01-16 23:20:00
15.87542419,-18.7074646,LA12,2010-01-16,11:40:52 PM,23:40:00,Hot-Wet,2010-01-16 23:40:00
15.87550659,-18.70764771,LA12,2010-01-17,12:00:52 AM,00:00:00,Hot-Wet,2010-01-17 00:00:00
15.87525228,-18.70911255,LA12,2010-01-17,12:20:52 AM,00:20:00,Hot-Wet,2010-01-17 00:20:00
15.87528178,-18.70974935,LA12,2010-01-17,12:40:52 AM,00:40:00,Hot-Wet,2010-01-17 00:40:00
15.87549235,-18.71005859,LA12,2010-01-17,01:00:52 AM,01:00:00,Hot-Wet,2010-01-17 01:00:00
15.87529093,-18.71195882,LA12,2010-01-17,01:20:52 AM,01:20:00,Hot-Wet,2010-01-17 01:20:00
15.87551778,-18.71234945,LA12,2010-01-17,01:40:52 AM,01:40:00,Hot-Wet,2010-01-17 01:40:00
15.87556966,-18.71236369,LA12,2010-01-17,02:00:52 AM,02:00:00,Hot-Wet,2010-01-17 02:00:00
15.87546794,-18.71276855,LA12,2010-01-17,02:20:52 AM,02:20:00,Hot-Wet,2010-01-17 02:20:00
15.87440389,-18.71294556,LA12,2010-01-17,02:40:52 AM,02:40:00,Hot-Wet,2010-01-17 02:40:00
15.87441813,-18.71295369,LA12,2010-01-17,03:00:52 AM,03:00:00,Hot-Wet,2010-01-17 03:00:00
15.87494405,-18.71324463,LA12,2010-01-17,03:20:52 AM,03:20:00,Hot-Wet,2010-01-17 03:20:00
15.8759613,-18.71289063,LA12,2010-01-17,03:40:52 AM,03:40:00,Hot-Wet,2010-01-17 03:40:00
15.87560933,-18.71300863,LA12,2010-01-17,04:00:52 AM,04:00:00,Hot-Wet,2010-01-17 04:00:00
15.86934001,-18.71088867,LA12,2010-01-17,04:20:52 AM,04:20:00,Hot-Wet,2010-01-17 04:20:00
15.86826681,-18.71182658,LA12,2010-01-17,04:40:52 AM,04:40:00,Hot-Wet,2010-01-17 04:40:00
15.8690745,-18.7137207,LA12,2010-01-17,05:00:52 AM,05:00:00,Hot-Wet,2010-01-17 05:00:00
15.86836853,-18.71355387,LA12,2010-01-17,05:20:52 AM,05:20:00,Hot-Wet,2010-01-17 05:20:00
15.8682017,-18.71382039,LA12,2010-01-17,05:40:52 AM,05:40:00,Hot-Wet,2010-01-17 05:40:00
15.86657613,-18.71391602,LA12,2010-01-17,06:00:52 AM,06:00:00,Hot-Wet,2010-01-17 06:00:00
15.8659495,-18.71340129,LA12,2010-01-17,06:20:52 AM,06:20:00,Hot-Wet,2010-01-17 06:20:00
15.86492106,-18.71294963,LA12,2010-01-17,06:40:52 AM,06:40:00,Hot-Wet,2010-01-17 06:40:00
15.86572774,-18.71177165,LA12,2010-01-17,07:00:52 AM,07:00:00,Hot-Wet,2010-01-17 07:00:00
15.86482035,-18.71189168,LA12,2010-01-17,07:20:52 AM,07:20:00,Hot-Wet,2010-01-17 07:20:00
15.86297607,-18.71233317,LA12,2010-01-17,07:40:52 AM,07:40:00,Hot-Wet,2010-01-17 07:40:00
15.86300863,-18.71146851,LA12,2010-01-17,08:00:52 AM,08:00:00,Hot-Wet,2010-01-17 08:00:00
15.86447347,-18.70870565,LA12,2010-01-17,08:20:52 AM,08:20:00,Hot-Wet,2010-01-17 08:20:00
15.86563212,-18.70194499,LA12,2010-01-17,08:40:52 AM,08:40:00,Hot-Wet,2010-01-17 08:40:00
15.87044983,-18.69680786,LA12,2010-01-17,09:00:52 AM,09:00:00,Hot-Wet,2010-01-17 09:00:00
15.87919006,-18.69142456,LA12,2010-01-17,09:20:52 AM,09:20:00,Hot-Wet,2010-01-17 09:20:00
15.88447164,-18.68440959,LA12,2010-01-17,09:40:52 AM,09:40:00,Hot-Wet,2010-01-17 09:40:00
15.88710632,-18.68179525,LA12,2010-01-17,10:00:52 AM,10:00:00,Hot-Wet,2010-01-17 10:00:00
15.89030558,-18.6803894,LA12,2010-01-17,10:20:52 AM,10:20:00,Hot-Wet,2010-01-17 10:20:00
15.89458008,-18.68352661,LA12,2010-01-17,10:40:52 AM,10:40:00,Hot-Wet,2010-01-17 10:40:00
15.89670105,-18.67732951,LA12,2010-01-17,11:00:52 AM,11:00:00,Hot-Wet,2010-01-17 11:00:00
15.89126892,-18.6703776,LA12,2010-01-17,11:20:52 AM,11:20:00,Hot-Wet,2010-01-17 11:20:00
15.88375041,-18.66781616,LA12,2010-01-17,11:40:52 AM,11:40:00,Hot-Wet,2010-01-17 11:40:00
15.88275655,-18.67287394,LA12,2010-01-17,12:00:52 PM,12:00:00,Hot-Wet,2010-01-17 12:00:00
15.8869222,-18.6710612,LA12,2010-01-17,12:20:52 PM,12:20:00,Hot-Wet,2010-01-17 12:20:00
15.8846049,-18.67012736,LA12,2010-01-17,12:40:52 PM,12:40:00,Hot-Wet,2010-01-17 12:40:00
15.88368734,-18.66756795,LA12,2010-01-17,01:00:52 PM,13:00:00,Hot-Wet,2010-01-17 13:00:00
15.88281453,-18.66054891,LA12,2010-01-17,01:20:52 PM,13:20:00,Hot-Wet,2010-01-17 13:20:00
15.87327372,-18.65592041,LA12,2010-01-17,01:40:52 PM,13:40:00,Hot-Wet,2010-01-17 13:40:00
15.86570231,-18.65728556,LA12,2010-01-17,02:00:52 PM,14:00:00,Hot-Wet,2010-01-17 14:00:00
15.86232096,-18.65832316,LA12,2010-01-17,02:20:52 PM,14:20:00,Hot-Wet,2010-01-17 14:20:00
15.86887207,-18.66096395,LA12,2010-01-17,02:40:52 PM,14:40:00,Hot-Wet,2010-01-17 14:40:00
15.87550964,-18.6668335,LA12,2010-01-17,03:00:52 PM,15:00:00,Hot-Wet,2010-01-17 15:00:00
15.88026937,-18.67161051,LA12,2010-01-17,03:20:52 PM,15:20:00,Hot-Wet,2010-01-17 15:20:00
15.88316854,-18.67304688,LA12,2010-01-17,03:40:52 PM,15:40:00,Hot-Wet,2010-01-17 15:40:00
15.88731689,-18.67573242,LA12,2010-01-17,04:00:52 PM,16:00:00,Hot-Wet,2010-01-17 16:00:00
15.89165548,-18.67722982,LA12,2010-01-17,04:20:52 PM,16:20:00,Hot-Wet,2010-01-17 16:20:00
15.89555868,-18.67566732,LA12,2010-01-17,04:40:52 PM,16:40:00,Hot-Wet,2010-01-17 16:40:00
15.89894714,-18.68173014,LA12,2010-01-17,05:00:52 PM,17:00:00,Hot-Wet,2010-01-17 17:00:00
15.9014211,-18.68308105,LA12,2010-01-17,05:20:52 PM,17:20:00,Hot-Wet,2010-01-17 17:20:00
15.90059204,-18.6835673,LA12,2010-01-17,05:40:52 PM,17:40:00,Hot-Wet,2010-01-17 17:40:00
15.90845133,-18.68725586,LA12,2010-01-17,06:00:52 PM,18:00:00,Hot-Wet,2010-01-17 18:00:00
15.91234843,-18.69000854,LA12,2010-01-17,06:20:52 PM,18:20:00,Hot-Wet,2010-01-17 18:20:00
15.9139974,-18.69011027,LA12,2010-01-17,06:40:52 PM,18:40:00,Hot-Wet,2010-01-17 18:40:00
15.91400045,-18.69010213,LA12,2010-01-17,07:00:52 PM,19:00:00,Hot-Wet,2010-01-17 19:00:00
15.91412048,-18.68950399,LA12,2010-01-17,07:20:52 PM,19:20:00,Hot-Wet,2010-01-17 19:20:00
15.91442566,-18.69014486,LA12,2010-01-17,07:40:52 PM,19:40:00,Hot-Wet,2010-01-17 19:40:00
15.91425985,-18.68984782,LA12,2010-01-17,08:00:52 PM,20:00:00,Hot-Wet,2010-01-17 20:00:00
15.91390889,-18.68881836,LA12,2010-01-17,08:20:53 PM,20:20:00,Hot-Wet,2010-01-17 20:20:00
15.91471456,-18.68770345,LA12,2010-01-17,08:40:52 PM,20:40:00,Hot-Wet,2010-01-17 20:40:00
15.91433411,-18.68694255,LA12,2010-01-17,09:00:52 PM,21:00:00,Hot-Wet,2010-01-17 21:00:00
15.91613668,-18.68690186,LA12,2010-01-17,09:20:52 PM,21:20:00,Hot-Wet,2010-01-17 21:20:00
15.91616618,-18.68687541,LA12,2010-01-17,09:40:52 PM,21:40:00,Hot-Wet,2010-01-17 21:40:00
15.91616516,-18.68689779,LA12,2010-01-17,10:00:52 PM,22:00:00,Hot-Wet,2010-01-17 22:00:00
15.91696981,-18.68649089,LA12,2010-01-17,10:20:52 PM,22:20:00,Hot-Wet,2010-01-17 22:20:00
15.91787211,-18.68613892,LA12,2010-01-17,10:40:52 PM,22:40:00,Hot-Wet,2010-01-17 22:40:00
15.91787618,-18.68612874,LA12,2010-01-17,11:00:52 PM,23:00:00,Hot-Wet,2010-01-17 23:00:00
15.91790873,-18.68614299,LA12,2010-01-17,11:20:52 PM,23:20:00,Hot-Wet,2010-01-17 23:20:00
15.91785482,-18.68614299,LA12,2010-01-17,11:40:52 PM,23:40:00,Hot-Wet,2010-01-17 23:40:00
15.91789246,-18.68615926,LA12,2010-01-18,12:00:52 AM,00:00:00,Hot-Wet,2010-01-18 00:00:00
15.91787109,-18.68612061,LA12,2010-01-18,12:20:52 AM,00:20:00,Hot-Wet,2010-01-18 00:20:00
15.91754964,-18.68586222,LA12,2010-01-18,12:40:52 AM,00:40:00,Hot-Wet,2010-01-18 00:40:00
15.91782227,-18.68588867,LA12,2010-01-18,01:00:52 AM,01:00:00,Hot-Wet,2010-01-18 01:00:00
15.91784871,-18.68590291,LA12,2010-01-18,01:20:52 AM,01:20:00,Hot-Wet,2010-01-18 01:20:00
15.91786601,-18.68590902,LA12,2010-01-18,01:40:52 AM,01:40:00,Hot-Wet,2010-01-18 01:40:00
15.91786702,-18.68591309,LA12,2010-01-18,02:00:52 AM,02:00:00,Hot-Wet,2010-01-18 02:00:00
15.91785177,-18.68589274,LA12,2010-01-18,02:20:52 AM,02:20:00,Hot-Wet,2010-01-18 02:20:00
15.91785482,-18.68587036,LA12,2010-01-18,02:40:52 AM,02:40:00,Hot-Wet,2010-01-18 02:40:00
15.91785075,-18.6858785,LA12,2010-01-18,03:00:52 AM,03:00:00,Hot-Wet,2010-01-18 03:00:00
15.91784058,-18.6859375,LA12,2010-01-18,03:20:52 AM,03:20:00,Hot-Wet,2010-01-18 03:20:00
15.91784058,-18.68588053,LA12,2010-01-18,03:40:52 AM,03:40:00,Hot-Wet,2010-01-18 03:40:00
15.9178538,-18.68588867,LA12,2010-01-18,04:00:52 AM,04:00:00,Hot-Wet,2010-01-18 04:00:00
15.91775411,-18.68578491,LA12,2010-01-18,04:20:52 AM,04:20:00,Hot-Wet,2010-01-18 04:20:00
15.91752828,-18.68519287,LA12,2010-01-18,04:40:52 AM,04:40:00,Hot-Wet,2010-01-18 04:40:00
15.91731974,-18.68482259,LA12,2010-01-18,05:00:52 AM,05:00:00,Hot-Wet,2010-01-18 05:00:00
15.91687622,-18.68406576,LA12,2010-01-18,05:20:52 AM,05:20:00,Hot-Wet,2010-01-18 05:20:00
15.91656392,-18.68273112,LA12,2010-01-18,05:40:52 AM,05:40:00,Hot-Wet,2010-01-18 05:40:00
15.91584269,-18.68065592,LA12,2010-01-18,06:00:52 AM,06:00:00,Hot-Wet,2010-01-18 06:00:00
15.91515401,-18.67463786,LA12,2010-01-18,06:20:52 AM,06:20:00,Hot-Wet,2010-01-18 06:20:00
15.91392721,-18.67276408,LA12,2010-01-18,06:40:52 AM,06:40:00,Hot-Wet,2010-01-18 06:40:00
15.91224264,-18.67070313,LA12,2010-01-18,07:00:52 AM,07:00:00,Hot-Wet,2010-01-18 07:00:00
15.91081543,-18.67018636,LA12,2010-01-18,07:20:52 AM,07:20:00,Hot-Wet,2010-01-18 07:20:00
15.90888265,-18.66864624,LA12,2010-01-18,07:40:52 AM,07:40:00,Hot-Wet,2010-01-18 07:40:00
15.90849915,-18.66870931,LA12,2010-01-18,08:00:52 AM,08:00:00,Hot-Wet,2010-01-18 08:00:00
15.90738932,-18.66871134,LA12,2010-01-18,08:20:52 AM,08:20:00,Hot-Wet,2010-01-18 08:20:00
15.90660807,-18.66893717,LA12,2010-01-18,08:40:52 AM,08:40:00,Hot-Wet,2010-01-18 08:40:00
15.90508016,-18.66904907,LA12,2010-01-18,09:00:52 AM,09:00:00,Hot-Wet,2010-01-18 09:00:00
15.90321045,-18.66837565,LA12,2010-01-18,09:20:52 AM,09:20:00,Hot-Wet,2010-01-18 09:20:00
15.90068563,-18.66988322,LA12,2010-01-18,09:40:52 AM,09:40:00,Hot-Wet,2010-01-18 09:40:00
15.90132243,-18.66743774,LA12,2010-01-18,10:00:52 AM,10:00:00,Hot-Wet,2010-01-18 10:00:00
15.89950968,-18.66682536,LA12,2010-01-18,10:20:52 AM,10:20:00,Hot-Wet,2010-01-18 10:20:00
15.89552816,-18.66866862,LA12,2010-01-18,10:40:52 AM,10:40:00,Hot-Wet,2010-01-18 10:40:00
15.893337,-18.67130127,LA12,2010-01-18,11:00:52 AM,11:00:00,Hot-Wet,2010-01-18 11:00:00
15.8899648,-18.67860718,LA12,2010-01-18,11:20:52 AM,11:20:00,Hot-Wet,2010-01-18 11:20:00
15.88404948,-18.68445028,LA12,2010-01-18,11:40:52 AM,11:40:00,Hot-Wet,2010-01-18 11:40:00
15.88346151,-18.68472087,LA12,2010-01-18,12:00:52 PM,12:00:00,Hot-Wet,2010-01-18 12:00:00
15.88414205,-18.684552,LA12,2010-01-18,12:20:52 PM,12:20:00,Hot-Wet,2010-01-18 12:20:00
15.88522339,-18.68240153,LA12,2010-01-18,12:40:52 PM,12:40:00,Hot-Wet,2010-01-18 12:40:00
15.88650513,-18.69030355,LA12,2010-01-18,01:00:52 PM,13:00:00,Hot-Wet,2010-01-18 13:00:00
15.88830668,-18.69676717,LA12,2010-01-18,01:20:52 PM,13:20:00,Hot-Wet,2010-01-18 13:20:00
15.88891703,-18.69960124,LA12,2010-01-18,01:40:52 PM,13:40:00,Hot-Wet,2010-01-18 13:40:00
15.88964742,-18.70105794,LA12,2010-01-18,02:00:52 PM,14:00:00,Hot-Wet,2010-01-18 14:00:00
15.88924764,-18.70219523,LA12,2010-01-18,02:20:52 PM,14:20:00,Hot-Wet,2010-01-18 14:20:00
15.88938395,-18.70313517,LA12,2010-01-18,02:40:52 PM,14:40:00,Hot-Wet,2010-01-18 14:40:00
15.88892619,-18.70884806,LA12,2010-01-18,03:00:52 PM,15:00:00,Hot-Wet,2010-01-18 15:00:00
15.88693034,-18.71256917,LA12,2010-01-18,03:20:52 PM,15:20:00,Hot-Wet,2010-01-18 15:20:00
15.88506978,-18.7162028,LA12,2010-01-18,03:40:52 PM,15:40:00,Hot-Wet,2010-01-18 15:40:00
15.8845164,-18.71773275,LA12,2010-01-18,04:00:52 PM,16:00:00,Hot-Wet,2010-01-18 16:00:00
15.88511759,-18.7187561,LA12,2010-01-18,04:20:52 PM,16:20:00,Hot-Wet,2010-01-18 16:20:00
15.88317159,-18.72049764,LA12,2010-01-18,04:40:52 PM,16:40:00,Hot-Wet,2010-01-18 16:40:00
15.8813324,-18.72362061,LA12,2010-01-18,05:00:52 PM,17:00:00,Hot-Wet,2010-01-18 17:00:00
15.87896016,-18.72428589,LA12,2010-01-18,05:20:52 PM,17:20:00,Hot-Wet,2010-01-18 17:20:00
15.87797038,-18.72327271,LA12,2010-01-18,05:40:52 PM,17:40:00,Hot-Wet,2010-01-18 17:40:00
15.87757263,-18.72231445,LA12,2010-01-18,06:00:52 PM,18:00:00,Hot-Wet,2010-01-18 18:00:00
15.87709045,-18.72200724,LA12,2010-01-18,06:20:52 PM,18:20:00,Hot-Wet,2010-01-18 18:20:00
15.87526245,-18.7224589,LA12,2010-01-18,06:40:52 PM,18:40:00,Hot-Wet,2010-01-18 18:40:00
15.87411092,-18.72255046,LA12,2010-01-18,07:00:52 PM,19:00:00,Hot-Wet,2010-01-18 19:00:00
15.87334696,-18.72203166,LA12,2010-01-18,07:20:52 PM,19:20:00,Hot-Wet,2010-01-18 19:20:00
15.87329,-18.72284139,LA12,2010-01-18,07:41:02 PM,19:41:00,Hot-Wet,2010-01-18 19:41:00
15.87272135,-18.72320557,LA12,2010-01-18,08:00:52 PM,20:00:00,Hot-Wet,2010-01-18 20:00:00
15.87273661,-18.72321981,LA12,2010-01-18,08:20:52 PM,20:20:00,Hot-Wet,2010-01-18 20:20:00
15.87068278,-18.72479248,LA12,2010-01-18,08:40:52 PM,20:40:00,Hot-Wet,2010-01-18 20:40:00
15.87072347,-18.72383219,LA12,2010-01-18,09:00:52 PM,21:00:00,Hot-Wet,2010-01-18 21:00:00
15.86960856,-18.72367554,LA12,2010-01-18,09:20:52 PM,21:20:00,Hot-Wet,2010-01-18 21:20:00
15.86884664,-18.72382202,LA12,2010-01-18,09:40:52 PM,21:40:00,Hot-Wet,2010-01-18 21:40:00
15.86786397,-18.72381795,LA12,2010-01-18,10:00:52 PM,22:00:00,Hot-Wet,2010-01-18 22:00:00
15.86783854,-18.72380778,LA12,2010-01-18,10:20:52 PM,22:20:00,Hot-Wet,2010-01-18 22:20:00
15.86783956,-18.72380981,LA12,2010-01-18,10:40:52 PM,22:40:00,Hot-Wet,2010-01-18 22:40:00
15.86785278,-18.72378133,LA12,2010-01-18,11:00:52 PM,23:00:00,Hot-Wet,2010-01-18 23:00:00
15.86786397,-18.72377319,LA12,2010-01-18,11:20:52 PM,23:20:00,Hot-Wet,2010-01-18 23:20:00
15.86776021,-18.72335205,LA12,2010-01-18,11:40:52 PM,23:40:00,Hot-Wet,2010-01-18 23:40:00
15.86722819,-18.72305298,LA12,2010-01-19,12:00:52 AM,00:00:00,Hot-Wet,2010-01-19 00:00:00
15.86724345,-18.72303874,LA12,2010-01-19,12:20:52 AM,00:20:00,Hot-Wet,2010-01-19 00:20:00
15.86720276,-18.72311198,LA12,2010-01-19,12:40:52 AM,00:40:00,Hot-Wet,2010-01-19 00:40:00
15.86712341,-18.72306112,LA12,2010-01-19,01:00:52 AM,01:00:00,Hot-Wet,2010-01-19 01:00:00
15.86717224,-18.72309367,LA12,2010-01-19,01:20:52 AM,01:20:00,Hot-Wet,2010-01-19 01:20:00
15.86719259,-18.72309163,LA12,2010-01-19,01:40:52 AM,01:40:00,Hot-Wet,2010-01-19 01:40:00
15.86722921,-18.72311605,LA12,2010-01-19,02:00:52 AM,02:00:00,Hot-Wet,2010-01-19 02:00:00
15.86717631,-18.72306925,LA12,2010-01-19,02:20:52 AM,02:20:00,Hot-Wet,2010-01-19 02:20:00
15.86717529,-18.72307536,LA12,2010-01-19,02:40:52 AM,02:40:00,Hot-Wet,2010-01-19 02:40:00
15.86715393,-18.7230957,LA12,2010-01-19,03:00:52 AM,03:00:00,Hot-Wet,2010-01-19 03:00:00
15.86715088,-18.7230896,LA12,2010-01-19,03:20:52 AM,03:20:00,Hot-Wet,2010-01-19 03:20:00
15.86722514,-18.72310181,LA12,2010-01-19,03:41:05 AM,03:41:00,Hot-Wet,2010-01-19 03:41:00
15.86709086,-18.72310994,LA12,2010-01-19,04:00:52 AM,04:00:00,Hot-Wet,2010-01-19 04:00:00
15.865979,-18.72289632,LA12,2010-01-19,04:20:52 AM,04:20:00,Hot-Wet,2010-01-19 04:20:00
15.86123352,-18.7249939,LA12,2010-01-19,04:40:52 AM,04:40:00,Hot-Wet,2010-01-19 04:40:00
15.85981038,-18.72575073,LA12,2010-01-19,05:00:52 AM,05:00:00,Hot-Wet,2010-01-19 05:00:00
15.85694071,-18.72624715,LA12,2010-01-19,05:20:52 AM,05:20:00,Hot-Wet,2010-01-19 05:20:00
15.856191,-18.72596842,LA12,2010-01-19,05:40:52 AM,05:40:00,Hot-Wet,2010-01-19 05:40:00
15.85426025,-18.725118,LA12,2010-01-19,06:00:52 AM,06:00:00,Hot-Wet,2010-01-19 06:00:00
15.85172017,-18.72216593,LA12,2010-01-19,06:20:52 AM,06:20:00,Hot-Wet,2010-01-19 06:20:00
15.84516296,-18.71877238,LA12,2010-01-19,06:40:52 AM,06:40:00,Hot-Wet,2010-01-19 06:40:00
15.83981222,-18.71840413,LA12,2010-01-19,07:00:52 AM,07:00:00,Hot-Wet,2010-01-19 07:00:00
15.83469543,-18.71812948,LA12,2010-01-19,07:20:52 AM,07:20:00,Hot-Wet,2010-01-19 07:20:00
15.83352356,-18.71830851,LA12,2010-01-19,07:40:52 AM,07:40:00,Hot-Wet,2010-01-19 07:40:00
15.82905172,-18.72386678,LA12,2010-01-19,08:00:52 AM,08:00:00,Hot-Wet,2010-01-19 08:00:00
15.82127584,-18.73115234,LA12,2010-01-19,08:20:52 AM,08:20:00,Hot-Wet,2010-01-19 08:20:00
15.81219381,-18.73542074,LA12,2010-01-19,08:40:52 AM,08:40:00,Hot-Wet,2010-01-19 08:40:00
15.79856466,-18.73918864,LA12,2010-01-19,09:00:52 AM,09:00:00,Hot-Wet,2010-01-19 09:00:00
15.79092,-18.73508301,LA12,2010-01-19,09:20:52 AM,09:20:00,Hot-Wet,2010-01-19 09:20:00
15.79022624,-18.746521,LA12,2010-01-19,09:40:52 AM,09:40:00,Hot-Wet,2010-01-19 09:40:00
15.78928426,-18.74765625,LA12,2010-01-19,10:00:52 AM,10:00:00,Hot-Wet,2010-01-19 10:00:00
15.78651835,-18.75187785,LA12,2010-01-19,10:20:52 AM,10:20:00,Hot-Wet,2010-01-19 10:20:00
15.7862793,-18.75521037,LA12,2010-01-19,10:40:52 AM,10:40:00,Hot-Wet,2010-01-19 10:40:00
15.78291524,-18.75702718,LA12,2010-01-19,11:00:52 AM,11:00:00,Hot-Wet,2010-01-19 11:00:00
15.78280741,-18.75742798,LA12,2010-01-19,11:20:52 AM,11:20:00,Hot-Wet,2010-01-19 11:20:00
15.7823527,-18.75722656,LA12,2010-01-19,11:40:52 AM,11:40:00,Hot-Wet,2010-01-19 11:40:00
15.7808197,-18.75562541,LA12,2010-01-19,12:00:52 PM,12:00:00,Hot-Wet,2010-01-19 12:00:00
15.77610168,-18.75371094,LA12,2010-01-19,12:20:52 PM,12:20:00,Hot-Wet,2010-01-19 12:20:00
15.77585754,-18.7538859,LA12,2010-01-19,12:40:52 PM,12:40:00,Hot-Wet,2010-01-19 12:40:00
15.77955729,-18.75312703,LA12,2010-01-19,01:00:52 PM,13:00:00,Hot-Wet,2010-01-19 13:00:00
15.78699951,-18.75082194,LA12,2010-01-19,01:20:52 PM,13:20:00,Hot-Wet,2010-01-19 13:20:00
15.79370015,-18.75577596,LA12,2010-01-19,01:40:52 PM,13:40:00,Hot-Wet,2010-01-19 13:40:00
15.79497477,-18.76002808,LA12,2010-01-19,02:00:52 PM,14:00:00,Hot-Wet,2010-01-19 14:00:00
15.79461466,-18.7612793,LA12,2010-01-19,02:20:52 PM,14:20:00,Hot-Wet,2010-01-19 14:20:00
15.79460449,-18.762087,LA12,2010-01-19,02:40:52 PM,14:40:00,Hot-Wet,2010-01-19 14:40:00
15.7963033,-18.76598104,LA12,2010-01-19,03:00:52 PM,15:00:00,Hot-Wet,2010-01-19 15:00:00
15.79636129,-18.76652832,LA12,2010-01-19,03:21:02 PM,15:21:00,Hot-Wet,2010-01-19 15:21:00
15.79672953,-18.76660156,LA12,2010-01-19,03:40:52 PM,15:40:00,Hot-Wet,2010-01-19 15:40:00
15.79781596,-18.76638794,LA12,2010-01-19,04:00:52 PM,16:00:00,Hot-Wet,2010-01-19 16:00:00
15.79869486,-18.76610718,LA12,2010-01-19,04:20:52 PM,16:20:00,Hot-Wet,2010-01-19 16:20:00
15.79891561,-18.76622111,LA12,2010-01-19,04:40:52 PM,16:40:00,Hot-Wet,2010-01-19 16:40:00
15.80130412,-18.7660909,LA12,2010-01-19,05:00:52 PM,17:00:00,Hot-Wet,2010-01-19 17:00:00
15.80153097,-18.76577148,LA12,2010-01-19,05:20:52 PM,17:20:00,Hot-Wet,2010-01-19 17:20:00
15.80278727,-18.76531372,LA12,2010-01-19,05:40:52 PM,17:40:00,Hot-Wet,2010-01-19 17:40:00
15.80735881,-18.76262207,LA12,2010-01-19,06:01:02 PM,18:01:00,Hot-Wet,2010-01-19 18:01:00
15.80988566,-18.76033325,LA12,2010-01-19,06:20:52 PM,18:20:00,Hot-Wet,2010-01-19 18:20:00
15.81123352,-18.75831502,LA12,2010-01-19,06:40:52 PM,18:40:00,Hot-Wet,2010-01-19 18:40:00
15.81139018,-18.75689494,LA12,2010-01-19,07:00:52 PM,19:00:00,Hot-Wet,2010-01-19 19:00:00
15.81165568,-18.75645752,LA12,2010-01-19,07:20:52 PM,19:20:00,Hot-Wet,2010-01-19 19:20:00
15.81160177,-18.75662842,LA12,2010-01-19,07:40:52 PM,19:40:00,Hot-Wet,2010-01-19 19:40:00
15.81172689,-18.75681966,LA12,2010-01-19,08:00:52 PM,20:00:00,Hot-Wet,2010-01-19 20:00:00
15.81153463,-18.75680745,LA12,2010-01-19,08:20:52 PM,20:20:00,Hot-Wet,2010-01-19 20:20:00
15.81243896,-18.75453898,LA12,2010-01-19,08:40:52 PM,20:40:00,Hot-Wet,2010-01-19 20:40:00
15.81355591,-18.75194092,LA12,2010-01-19,09:00:52 PM,21:00:00,Hot-Wet,2010-01-19 21:00:00
15.8166982,-18.75195516,LA12,2010-01-19,09:20:52 PM,21:20:00,Hot-Wet,2010-01-19 21:20:00
15.81673075,-18.75183105,LA12,2010-01-19,09:40:52 PM,21:40:00,Hot-Wet,2010-01-19 21:40:00
15.81695658,-18.75257772,LA12,2010-01-19,10:00:52 PM,22:00:00,Hot-Wet,2010-01-19 22:00:00
15.81679179,-18.75006307,LA12,2010-01-19,10:20:52 PM,22:20:00,Hot-Wet,2010-01-19 22:20:00
15.81766968,-18.74896851,LA12,2010-01-19,10:40:52 PM,22:40:00,Hot-Wet,2010-01-19 22:40:00
15.8194224,-18.74935303,LA12,2010-01-19,11:00:52 PM,23:00:00,Hot-Wet,2010-01-19 23:00:00
15.82102865,-18.75008341,LA12,2010-01-19,11:20:52 PM,23:20:00,Hot-Wet,2010-01-19 23:20:00
15.82112325,-18.75002441,LA12,2010-01-19,11:41:35 PM,23:41:00,Hot-Wet,2010-01-19 23:41:00
15.82102458,-18.7500651,LA12,2010-01-20,12:00:52 AM,00:00:00,Hot-Wet,2010-01-20 00:00:00
15.82102254,-18.75007121,LA12,2010-01-20,12:20:52 AM,00:20:00,Hot-Wet,2010-01-20 00:20:00
15.8209727,-18.75006307,LA12,2010-01-20,12:40:52 AM,00:40:00,Hot-Wet,2010-01-20 00:40:00
15.82089437,-18.75011393,LA12,2010-01-20,01:00:52 AM,01:00:00,Hot-Wet,2010-01-20 01:00:00
15.82089539,-18.75014242,LA12,2010-01-20,01:20:52 AM,01:20:00,Hot-Wet,2010-01-20 01:20:00
15.82090454,-18.75012614,LA12,2010-01-20,01:40:52 AM,01:40:00,Hot-Wet,2010-01-20 01:40:00
15.82089335,-18.75012004,LA12,2010-01-20,02:00:52 AM,02:00:00,Hot-Wet,2010-01-20 02:00:00
15.82089437,-18.75012004,LA12,2010-01-20,02:20:52 AM,02:20:00,Hot-Wet,2010-01-20 02:20:00
15.82091573,-18.750118,LA12,2010-01-20,02:40:52 AM,02:40:00,Hot-Wet,2010-01-20 02:40:00
15.82087708,-18.75009969,LA12,2010-01-20,03:00:52 AM,03:00:00,Hot-Wet,2010-01-20 03:00:00
15.82087606,-18.75011597,LA12,2010-01-20,03:20:52 AM,03:20:00,Hot-Wet,2010-01-20 03:20:00
15.82087809,-18.75011597,LA12,2010-01-20,03:40:52 AM,03:40:00,Hot-Wet,2010-01-20 03:40:00
15.82091777,-18.75013631,LA12,2010-01-20,04:00:52 AM,04:00:00,Hot-Wet,2010-01-20 04:00:00
15.82161967,-18.75002238,LA12,2010-01-20,04:20:52 AM,04:20:00,Hot-Wet,2010-01-20 04:20:00
15.82132161,-18.75040283,LA12,2010-01-20,04:40:52 AM,04:40:00,Hot-Wet,2010-01-20 04:40:00
15.82133077,-18.75038656,LA12,2010-01-20,05:00:52 AM,05:00:00,Hot-Wet,2010-01-20 05:00:00
15.82132568,-18.75044556,LA12,2010-01-20,05:20:52 AM,05:20:00,Hot-Wet,2010-01-20 05:20:00
15.8213328,-18.75068766,LA12,2010-01-20,05:40:52 AM,05:40:00,Hot-Wet,2010-01-20 05:40:00
15.82109985,-18.75066325,LA12,2010-01-20,06:00:52 AM,06:00:00,Hot-Wet,2010-01-20 06:00:00
15.820578,-18.75013835,LA12,2010-01-20,06:20:52 AM,06:20:00,Hot-Wet,2010-01-20 06:20:00
15.81963908,-18.74997355,LA12,2010-01-20,06:40:52 AM,06:40:00,Hot-Wet,2010-01-20 06:40:00
15.81669413,-18.74856567,LA12,2010-01-20,07:00:52 AM,07:00:00,Hot-Wet,2010-01-20 07:00:00
15.81215515,-18.74573975,LA12,2010-01-20,07:20:52 AM,07:20:00,Hot-Wet,2010-01-20 07:20:00
15.80872498,-18.74358114,LA12,2010-01-20,07:40:52 AM,07:40:00,Hot-Wet,2010-01-20 07:40:00
15.80602214,-18.74482015,LA12,2010-01-20,08:00:52 AM,08:00:00,Hot-Wet,2010-01-20 08:00:00
15.80032043,-18.74529215,LA12,2010-01-20,08:20:52 AM,08:20:00,Hot-Wet,2010-01-20 08:20:00
15.79172058,-18.74645793,LA12,2010-01-20,08:40:52 AM,08:40:00,Hot-Wet,2010-01-20 08:40:00
15.78977153,-18.74732259,LA12,2010-01-20,09:00:52 AM,09:00:00,Hot-Wet,2010-01-20 09:00:00
15.78775431,-18.74850667,LA12,2010-01-20,09:20:52 AM,09:20:00,Hot-Wet,2010-01-20 09:20:00
15.78652649,-18.75046387,LA12,2010-01-20,09:40:52 AM,09:40:00,Hot-Wet,2010-01-20 09:40:00
15.78633728,-18.75068563,LA12,2010-01-20,10:00:52 AM,10:00:00,Hot-Wet,2010-01-20 10:00:00
15.78638102,-18.7507609,LA12,2010-01-20,10:20:52 AM,10:20:00,Hot-Wet,2010-01-20 10:20:00
15.78735962,-18.74925334,LA12,2010-01-20,10:40:52 AM,10:40:00,Hot-Wet,2010-01-20 10:40:00
15.79037476,-18.74638062,LA12,2010-01-20,11:00:52 AM,11:00:00,Hot-Wet,2010-01-20 11:00:00
15.79054362,-18.74548136,LA12,2010-01-20,11:20:52 AM,11:20:00,Hot-Wet,2010-01-20 11:20:00
15.78994242,-18.74742635,LA12,2010-01-20,11:40:52 AM,11:40:00,Hot-Wet,2010-01-20 11:40:00
15.78827922,-18.7479716,LA12,2010-01-20,12:00:52 PM,12:00:00,Hot-Wet,2010-01-20 12:00:00
15.79338175,-18.74848022,LA12,2010-01-20,12:20:52 PM,12:20:00,Hot-Wet,2010-01-20 12:20:00
15.79803975,-18.75015259,LA12,2010-01-20,12:40:52 PM,12:40:00,Hot-Wet,2010-01-20 12:40:00
15.80125427,-18.75141195,LA12,2010-01-20,01:00:52 PM,13:00:00,Hot-Wet,2010-01-20 13:00:00
15.80356547,-18.75450643,LA12,2010-01-20,01:20:52 PM,13:20:00,Hot-Wet,2010-01-20 13:20:00
15.80511882,-18.7563741,LA12,2010-01-20,01:40:52 PM,13:40:00,Hot-Wet,2010-01-20 13:40:00
15.804776,-18.76154989,LA12,2010-01-20,02:00:52 PM,14:00:00,Hot-Wet,2010-01-20 14:00:00
15.80325216,-18.76527913,LA12,2010-01-20,02:20:52 PM,14:20:00,Hot-Wet,2010-01-20 14:20:00
15.80404968,-18.76622111,LA12,2010-01-20,02:40:52 PM,14:40:00,Hot-Wet,2010-01-20 14:40:00
15.80503947,-18.76651815,LA12,2010-01-20,03:00:52 PM,15:00:00,Hot-Wet,2010-01-20 15:00:00
15.80581563,-18.76623128,LA12,2010-01-20,03:20:52 PM,15:20:00,Hot-Wet,2010-01-20 15:20:00
15.80630188,-18.7664327,LA12,2010-01-20,03:40:52 PM,15:40:00,Hot-Wet,2010-01-20 15:40:00
15.80816854,-18.7632019,LA12,2010-01-20,04:00:52 PM,16:00:00,Hot-Wet,2010-01-20 16:00:00
15.80806478,-18.76101685,LA12,2010-01-20,04:20:52 PM,16:20:00,Hot-Wet,2010-01-20 16:20:00
15.80755107,-18.76064453,LA12,2010-01-20,04:40:52 PM,16:40:00,Hot-Wet,2010-01-20 16:40:00
15.80880737,-18.75885213,LA12,2010-01-20,05:00:52 PM,17:00:00,Hot-Wet,2010-01-20 17:00:00
15.80964762,-18.75694784,LA12,2010-01-20,05:20:52 PM,17:20:00,Hot-Wet,2010-01-20 17:20:00
15.81132304,-18.75568237,LA12,2010-01-20,05:40:52 PM,17:40:00,Hot-Wet,2010-01-20 17:40:00
15.81176249,-18.75550334,LA12,2010-01-20,06:00:52 PM,18:00:00,Hot-Wet,2010-01-20 18:00:00
15.81330872,-18.75450439,LA12,2010-01-20,06:20:52 PM,18:20:00,Hot-Wet,2010-01-20 18:20:00
15.81460368,-18.75410563,LA12,2010-01-20,06:40:52 PM,18:40:00,Hot-Wet,2010-01-20 18:40:00
15.81595968,-18.7531311,LA12,2010-01-20,07:00:52 PM,19:00:00,Hot-Wet,2010-01-20 19:00:00
15.816922,-18.75241292,LA12,2010-01-20,07:20:52 PM,19:20:00,Hot-Wet,2010-01-20 19:20:00
15.81834208,-18.75163574,LA12,2010-01-20,07:40:52 PM,19:40:00,Hot-Wet,2010-01-20 19:40:00
15.82030436,-18.7489502,LA12,2010-01-20,08:00:52 PM,20:00:00,Hot-Wet,2010-01-20 20:00:00
15.81932068,-18.7479248,LA12,2010-01-20,08:20:52 PM,20:20:00,Hot-Wet,2010-01-20 20:20:00
15.81938273,-18.7479716,LA12,2010-01-20,08:40:52 PM,20:40:00,Hot-Wet,2010-01-20 20:40:00
15.81954651,-18.7477946,LA12,2010-01-20,09:00:52 PM,21:00:00,Hot-Wet,2010-01-20 21:00:00
15.81922099,-18.74749552,LA12,2010-01-20,09:20:52 PM,21:20:00,Hot-Wet,2010-01-20 21:20:00
15.81969503,-18.74767863,LA12,2010-01-20,09:40:52 PM,21:40:00,Hot-Wet,2010-01-20 21:40:00
15.81972453,-18.74758911,LA12,2010-01-20,10:00:52 PM,22:00:00,Hot-Wet,2010-01-20 22:00:00
15.81993306,-18.74796956,LA12,2010-01-20,10:20:52 PM,22:20:00,Hot-Wet,2010-01-20 22:20:00
15.81993103,-18.74795939,LA12,2010-01-20,10:40:52 PM,22:40:00,Hot-Wet,2010-01-20 22:40:00
15.81996765,-18.74811808,LA12,2010-01-20,11:00:52 PM,23:00:00,Hot-Wet,2010-01-20 23:00:00
15.82011007,-18.7507487,LA12,2010-01-20,11:20:52 PM,23:20:00,Hot-Wet,2010-01-20 23:20:00
15.81952311,-18.75122884,LA12,2010-01-20,11:40:52 PM,23:40:00,Hot-Wet,2010-01-20 23:40:00
15.81950277,-18.75226237,LA12,2010-01-21,12:00:52 AM,00:00:00,Hot-Wet,2010-01-21 00:00:00
15.8194753,-18.75239258,LA12,2010-01-21,12:20:52 AM,00:20:00,Hot-Wet,2010-01-21 00:20:00
15.81950887,-18.75238037,LA12,2010-01-21,12:40:52 AM,00:40:00,Hot-Wet,2010-01-21 00:40:00
15.81953634,-18.75241292,LA12,2010-01-21,01:00:52 AM,01:00:00,Hot-Wet,2010-01-21 01:00:00
15.81952209,-18.75240682,LA12,2010-01-21,01:20:52 AM,01:20:00,Hot-Wet,2010-01-21 01:20:00
15.8195282,-18.75241699,LA12,2010-01-21,01:40:52 AM,01:40:00,Hot-Wet,2010-01-21 01:40:00
15.81952006,-18.75240275,LA12,2010-01-21,02:00:52 AM,02:00:00,Hot-Wet,2010-01-21 02:00:00
15.81956787,-18.75264282,LA12,2010-01-21,02:20:52 AM,02:20:00,Hot-Wet,2010-01-21 02:20:00
15.81950887,-18.75263265,LA12,2010-01-21,02:40:52 AM,02:40:00,Hot-Wet,2010-01-21 02:40:00
15.8195343,-18.75263062,LA12,2010-01-21,03:00:52 AM,03:00:00,Hot-Wet,2010-01-21 03:00:00
15.81951294,-18.75265299,LA12,2010-01-21,03:20:52 AM,03:20:00,Hot-Wet,2010-01-21 03:20:00
15.81954549,-18.75267537,LA12,2010-01-21,03:40:52 AM,03:40:00,Hot-Wet,2010-01-21 03:40:00
15.81950785,-18.7525411,LA12,2010-01-21,04:00:52 AM,04:00:00,Hot-Wet,2010-01-21 04:00:00
15.81951599,-18.75249634,LA12,2010-01-21,04:20:52 AM,04:20:00,Hot-Wet,2010-01-21 04:20:00
15.81883443,-18.7476237,LA12,2010-01-21,04:40:52 AM,04:40:00,Hot-Wet,2010-01-21 04:40:00
15.81738485,-18.74494832,LA12,2010-01-21,05:00:52 AM,05:00:00,Hot-Wet,2010-01-21 05:00:00
15.81463623,-18.74202067,LA12,2010-01-21,05:20:52 AM,05:20:00,Hot-Wet,2010-01-21 05:20:00
15.81261597,-18.74043172,LA12,2010-01-21,05:40:52 AM,05:40:00,Hot-Wet,2010-01-21 05:40:00
15.80720927,-18.73741862,LA12,2010-01-21,06:00:52 AM,06:00:00,Hot-Wet,2010-01-21 06:00:00
15.80451558,-18.73494263,LA12,2010-01-21,06:20:52 AM,06:20:00,Hot-Wet,2010-01-21 06:20:00
15.80053813,-18.72950846,LA12,2010-01-21,06:40:52 AM,06:40:00,Hot-Wet,2010-01-21 06:40:00
15.79769897,-18.72077433,LA12,2010-01-21,07:00:52 AM,07:00:00,Hot-Wet,2010-01-21 07:00:00
15.79546407,-18.7164917,LA12,2010-01-21,07:20:52 AM,07:20:00,Hot-Wet,2010-01-21 07:20:00
15.79197286,-18.71227417,LA12,2010-01-21,07:40:52 AM,07:40:00,Hot-Wet,2010-01-21 07:40:00
15.79057109,-18.71309001,LA12,2010-01-21,08:00:52 AM,08:00:00,Hot-Wet,2010-01-21 08:00:00
15.78967692,-18.71394246,LA12,2010-01-21,08:20:52 AM,08:20:00,Hot-Wet,2010-01-21 08:20:00
15.7867157,-18.7137146,LA12,2010-01-21,08:40:52 AM,08:40:00,Hot-Wet,2010-01-21 08:40:00
15.78475037,-18.71557617,LA12,2010-01-21,09:00:52 AM,09:00:00,Hot-Wet,2010-01-21 09:00:00
15.78465373,-18.71641032,LA12,2010-01-21,09:20:52 AM,09:20:00,Hot-Wet,2010-01-21 09:20:00
15.78378092,-18.7171224,LA12,2010-01-21,09:40:52 AM,09:40:00,Hot-Wet,2010-01-21 09:40:00
15.77798971,-18.71910197,LA12,2010-01-21,10:00:52 AM,10:00:00,Hot-Wet,2010-01-21 10:00:00
15.772111,-18.71351318,LA12,2010-01-21,10:20:52 AM,10:20:00,Hot-Wet,2010-01-21 10:20:00
15.76556905,-18.70471598,LA12,2010-01-21,10:40:52 AM,10:40:00,Hot-Wet,2010-01-21 10:40:00
15.75926717,-18.69769287,LA12,2010-01-21,11:00:52 AM,11:00:00,Hot-Wet,2010-01-21 11:00:00
15.75193888,-18.69164632,LA12,2010-01-21,11:20:52 AM,11:20:00,Hot-Wet,2010-01-21 11:20:00
15.74201355,-18.68847046,LA12,2010-01-21,11:40:52 AM,11:40:00,Hot-Wet,2010-01-21 11:40:00
15.73307088,-18.68857625,LA12,2010-01-21,12:00:52 PM,12:00:00,Hot-Wet,2010-01-21 12:00:00
15.72736308,-18.68839518,LA12,2010-01-21,12:20:52 PM,12:20:00,Hot-Wet,2010-01-21 12:20:00
15.72562052,-18.68447062,LA12,2010-01-21,12:40:52 PM,12:40:00,Hot-Wet,2010-01-21 12:40:00
15.72049357,-18.68114014,LA12,2010-01-21,01:00:52 PM,13:00:00,Hot-Wet,2010-01-21 13:00:00
15.7199351,-18.68153076,LA12,2010-01-21,01:20:52 PM,13:20:00,Hot-Wet,2010-01-21 13:20:00
15.71970418,-18.67911377,LA12,2010-01-21,01:40:52 PM,13:40:00,Hot-Wet,2010-01-21 13:40:00
15.71150411,-18.67913208,LA12,2010-01-21,02:00:52 PM,14:00:00,Hot-Wet,2010-01-21 14:00:00
15.70737813,-18.67843831,LA12,2010-01-21,02:20:52 PM,14:20:00,Hot-Wet,2010-01-21 14:20:00
15.70475464,-18.67743937,LA12,2010-01-21,02:40:52 PM,14:40:00,Hot-Wet,2010-01-21 14:40:00
15.69694112,-18.67750041,LA12,2010-01-21,03:00:52 PM,15:00:00,Hot-Wet,2010-01-21 15:00:00
15.69050598,-18.67793376,LA12,2010-01-21,03:20:52 PM,15:20:00,Hot-Wet,2010-01-21 15:20:00
15.68308207,-18.67833659,LA12,2010-01-21,03:40:52 PM,15:40:00,Hot-Wet,2010-01-21 15:40:00
15.68031718,-18.6806132,LA12,2010-01-21,04:00:52 PM,16:00:00,Hot-Wet,2010-01-21 16:00:00
15.67882589,-18.68072713,LA12,2010-01-21,04:20:52 PM,16:20:00,Hot-Wet,2010-01-21 16:20:00
15.67707825,-18.68077393,LA12,2010-01-21,04:40:52 PM,16:40:00,Hot-Wet,2010-01-21 16:40:00
15.67544861,-18.67746989,LA12,2010-01-21,05:00:52 PM,17:00:00,Hot-Wet,2010-01-21 17:00:00
15.67414246,-18.67642415,LA12,2010-01-21,05:20:52 PM,17:20:00,Hot-Wet,2010-01-21 17:20:00
15.67297465,-18.67765706,LA12,2010-01-21,05:40:52 PM,17:40:00,Hot-Wet,2010-01-21 17:40:00
15.66873474,-18.68026733,LA12,2010-01-21,06:00:52 PM,18:00:00,Hot-Wet,2010-01-21 18:00:00
15.66890869,-18.6825887,LA12,2010-01-21,06:20:52 PM,18:20:00,Hot-Wet,2010-01-21 18:20:00
15.66917216,-18.68386434,LA12,2010-01-21,06:40:52 PM,18:40:00,Hot-Wet,2010-01-21 18:40:00
15.66913147,-18.684611,LA12,2010-01-21,07:00:52 PM,19:00:00,Hot-Wet,2010-01-21 19:00:00
15.66820679,-18.6856425,LA12,2010-01-21,07:20:52 PM,19:20:00,Hot-Wet,2010-01-21 19:20:00
15.66765849,-18.68673299,LA12,2010-01-21,07:40:52 PM,19:40:00,Hot-Wet,2010-01-21 19:40:00
15.6669515,-18.68643392,LA12,2010-01-21,08:00:52 PM,20:00:00,Hot-Wet,2010-01-21 20:00:00
15.66638692,-18.68685913,LA12,2010-01-21,08:20:52 PM,20:20:00,Hot-Wet,2010-01-21 20:20:00
15.66454569,-18.68623861,LA12,2010-01-21,08:40:52 PM,20:40:00,Hot-Wet,2010-01-21 20:40:00
15.66479289,-18.6861613,LA12,2010-01-21,09:00:52 PM,21:00:00,Hot-Wet,2010-01-21 21:00:00
15.66506449,-18.6866984,LA12,2010-01-21,09:20:52 PM,21:20:00,Hot-Wet,2010-01-21 21:20:00
15.66550496,-18.68706665,LA12,2010-01-21,09:40:52 PM,21:40:00,Hot-Wet,2010-01-21 21:40:00
15.66610921,-18.68572998,LA12,2010-01-21,10:00:52 PM,22:00:00,Hot-Wet,2010-01-21 22:00:00
15.66584574,-18.68445231,LA12,2010-01-21,10:20:52 PM,22:20:00,Hot-Wet,2010-01-21 22:20:00
15.66536458,-18.68390299,LA12,2010-01-21,10:40:52 PM,22:40:00,Hot-Wet,2010-01-21 22:40:00
15.66509908,-18.68372599,LA12,2010-01-21,11:00:52 PM,23:00:00,Hot-Wet,2010-01-21 23:00:00
15.66548462,-18.68442179,LA12,2010-01-21,11:20:52 PM,23:20:00,Hot-Wet,2010-01-21 23:20:00
15.66533915,-18.68751017,LA12,2010-01-21,11:40:52 PM,23:40:00,Hot-Wet,2010-01-21 23:40:00
15.66513977,-18.68637288,LA12,2010-01-22,12:00:52 AM,00:00:00,Hot-Wet,2010-01-22 00:00:00
15.66510111,-18.68626912,LA12,2010-01-22,12:20:52 AM,00:20:00,Hot-Wet,2010-01-22 00:20:00
15.66509094,-18.68627523,LA12,2010-01-22,12:40:52 AM,00:40:00,Hot-Wet,2010-01-22 00:40:00
15.66511129,-18.68441366,LA12,2010-01-22,01:00:52 AM,01:00:00,Hot-Wet,2010-01-22 01:00:00
15.66505941,-18.68506673,LA12,2010-01-22,01:20:52 AM,01:20:00,Hot-Wet,2010-01-22 01:20:00
15.66535746,-18.68039958,LA12,2010-01-22,01:40:52 AM,01:40:00,Hot-Wet,2010-01-22 01:40:00
15.66509196,-18.68073527,LA12,2010-01-22,02:00:52 AM,02:00:00,Hot-Wet,2010-01-22 02:00:00
15.66498108,-18.68070679,LA12,2010-01-22,02:20:52 AM,02:20:00,Hot-Wet,2010-01-22 02:20:00
15.66496073,-18.68070272,LA12,2010-01-22,02:40:52 AM,02:40:00,Hot-Wet,2010-01-22 02:40:00
15.66349996,-18.68122559,LA12,2010-01-22,03:00:52 AM,03:00:00,Hot-Wet,2010-01-22 03:00:00
15.6633728,-18.68123169,LA12,2010-01-22,03:20:52 AM,03:20:00,Hot-Wet,2010-01-22 03:20:00
15.6635081,-18.68120117,LA12,2010-01-22,03:40:52 AM,03:40:00,Hot-Wet,2010-01-22 03:40:00
15.66317952,-18.68129272,LA12,2010-01-22,04:00:52 AM,04:00:00,Hot-Wet,2010-01-22 04:00:00
15.66175435,-18.68189494,LA12,2010-01-22,04:20:52 AM,04:20:00,Hot-Wet,2010-01-22 04:20:00
15.66610718,-18.68993327,LA12,2010-01-22,04:40:52 AM,04:40:00,Hot-Wet,2010-01-22 04:40:00
15.66864014,-18.69229126,LA12,2010-01-22,05:00:52 AM,05:00:00,Hot-Wet,2010-01-22 05:00:00
15.66868998,-18.69610596,LA12,2010-01-22,05:20:52 AM,05:20:00,Hot-Wet,2010-01-22 05:20:00
15.67360942,-18.69865723,LA12,2010-01-22,05:40:52 AM,05:40:00,Hot-Wet,2010-01-22 05:40:00
15.67533162,-18.70024821,LA12,2010-01-22,06:00:52 AM,06:00:00,Hot-Wet,2010-01-22 06:00:00
15.67583923,-18.70025838,LA12,2010-01-22,06:20:52 AM,06:20:00,Hot-Wet,2010-01-22 06:20:00
15.67597453,-18.70053507,LA12,2010-01-22,06:40:52 AM,06:40:00,Hot-Wet,2010-01-22 06:40:00
15.67751567,-18.70192871,LA12,2010-01-22,07:00:52 AM,07:00:00,Hot-Wet,2010-01-22 07:00:00
15.67920431,-18.70258382,LA12,2010-01-22,07:20:53 AM,07:20:00,Hot-Wet,2010-01-22 07:20:00
15.68035889,-18.70378215,LA12,2010-01-22,07:40:52 AM,07:40:00,Hot-Wet,2010-01-22 07:40:00
15.68500977,-18.70135498,LA12,2010-01-22,08:00:52 AM,08:00:00,Hot-Wet,2010-01-22 08:00:00
15.68500468,-18.70135701,LA12,2010-01-22,08:20:52 AM,08:20:00,Hot-Wet,2010-01-22 08:20:00
15.68487142,-18.70217082,LA12,2010-01-22,08:40:52 AM,08:40:00,Hot-Wet,2010-01-22 08:40:00
15.68389791,-18.7039327,LA12,2010-01-22,09:00:52 AM,09:00:00,Hot-Wet,2010-01-22 09:00:00
15.68226013,-18.71225586,LA12,2010-01-22,09:20:52 AM,09:20:00,Hot-Wet,2010-01-22 09:20:00
15.68201192,-18.71245117,LA12,2010-01-22,09:40:52 AM,09:40:00,Hot-Wet,2010-01-22 09:40:00
15.67993164,-18.71094564,LA12,2010-01-22,10:00:52 AM,10:00:00,Hot-Wet,2010-01-22 10:00:00
15.67736613,-18.70775757,LA12,2010-01-22,10:21:52 AM,10:21:00,Hot-Wet,2010-01-22 10:21:00
15.67596639,-18.70656128,LA12,2010-01-22,10:40:52 AM,10:40:00,Hot-Wet,2010-01-22 10:40:00
15.66445618,-18.70482178,LA12,2010-01-22,11:00:52 AM,11:00:00,Hot-Wet,2010-01-22 11:00:00
15.65858053,-18.69923503,LA12,2010-01-22,11:20:52 AM,11:20:00,Hot-Wet,2010-01-22 11:20:00
15.65733744,-18.69732666,LA12,2010-01-22,11:40:52 AM,11:40:00,Hot-Wet,2010-01-22 11:40:00
15.65634664,-18.6936381,LA12,2010-01-22,12:00:52 PM,12:00:00,Hot-Wet,2010-01-22 12:00:00
15.65628764,-18.69373576,LA12,2010-01-22,12:20:52 PM,12:20:00,Hot-Wet,2010-01-22 12:20:00
15.65524801,-18.69356486,LA12,2010-01-22,12:40:52 PM,12:40:00,Hot-Wet,2010-01-22 12:40:00
15.65368856,-18.69180908,LA12,2010-01-22,01:00:52 PM,13:00:00,Hot-Wet,2010-01-22 13:00:00
15.65041911,-18.6926005,LA12,2010-01-22,01:20:52 PM,13:20:00,Hot-Wet,2010-01-22 13:20:00
15.64660339,-18.69137777,LA12,2010-01-22,01:40:52 PM,13:40:00,Hot-Wet,2010-01-22 13:40:00
15.65342509,-18.69584554,LA12,2010-01-22,02:00:52 PM,14:00:00,Hot-Wet,2010-01-22 14:00:00
15.65727132,-18.7000529,LA12,2010-01-22,02:20:52 PM,14:20:00,Hot-Wet,2010-01-22 14:20:00
15.65930074,-18.70257975,LA12,2010-01-22,02:40:52 PM,14:40:00,Hot-Wet,2010-01-22 14:40:00
15.65851542,-18.7047994,LA12,2010-01-22,03:00:52 PM,15:00:00,Hot-Wet,2010-01-22 15:00:00
15.64824117,-18.70579224,LA12,2010-01-22,03:20:52 PM,15:20:00,Hot-Wet,2010-01-22 15:20:00
15.64434204,-18.70708822,LA12,2010-01-22,03:40:52 PM,15:40:00,Hot-Wet,2010-01-22 15:40:00
15.6427948,-18.70620117,LA12,2010-01-22,04:00:52 PM,16:00:00,Hot-Wet,2010-01-22 16:00:00
15.64026998,-18.70633952,LA12,2010-01-22,04:20:52 PM,16:20:00,Hot-Wet,2010-01-22 16:20:00
15.63767802,-18.70568034,LA12,2010-01-22,04:40:52 PM,16:40:00,Hot-Wet,2010-01-22 16:40:00
15.63595479,-18.70462646,LA12,2010-01-22,05:00:52 PM,17:00:00,Hot-Wet,2010-01-22 17:00:00
15.63486023,-18.70425415,LA12,2010-01-22,05:20:52 PM,17:20:00,Hot-Wet,2010-01-22 17:20:00
15.63422038,-18.70330811,LA12,2010-01-22,05:40:52 PM,17:40:00,Hot-Wet,2010-01-22 17:40:00
15.63065796,-18.70026449,LA12,2010-01-22,06:00:52 PM,18:00:00,Hot-Wet,2010-01-22 18:00:00
15.63072103,-18.69942424,LA12,2010-01-22,06:20:52 PM,18:20:00,Hot-Wet,2010-01-22 18:20:00
15.62805176,-18.69730835,LA12,2010-01-22,06:40:52 PM,18:40:00,Hot-Wet,2010-01-22 18:40:00
15.62791646,-18.69678141,LA12,2010-01-22,07:00:52 PM,19:00:00,Hot-Wet,2010-01-22 19:00:00
15.62696228,-18.69706217,LA12,2010-01-22,07:20:52 PM,19:20:00,Hot-Wet,2010-01-22 19:20:00
15.62620544,-18.6974528,LA12,2010-01-22,07:40:52 PM,19:40:00,Hot-Wet,2010-01-22 19:40:00
15.62614441,-18.69738159,LA12,2010-01-22,08:00:52 PM,20:00:00,Hot-Wet,2010-01-22 20:00:00
15.62613932,-18.69739176,LA12,2010-01-22,08:20:52 PM,20:20:00,Hot-Wet,2010-01-22 20:20:00
15.62577515,-18.69667358,LA12,2010-01-22,08:40:52 PM,20:40:00,Hot-Wet,2010-01-22 20:40:00
15.62592977,-18.69673665,LA12,2010-01-22,09:00:52 PM,21:00:00,Hot-Wet,2010-01-22 21:00:00
15.62364909,-18.69679565,LA12,2010-01-22,09:20:52 PM,21:20:00,Hot-Wet,2010-01-22 21:20:00
15.619045,-18.69759318,LA12,2010-01-22,09:40:52 PM,21:40:00,Hot-Wet,2010-01-22 21:40:00
15.61848145,-18.69685669,LA12,2010-01-22,10:00:52 PM,22:00:00,Hot-Wet,2010-01-22 22:00:00
15.61790059,-18.69382528,LA12,2010-01-22,10:20:52 PM,22:20:00,Hot-Wet,2010-01-22 22:20:00
15.61760559,-18.69231567,LA12,2010-01-22,10:40:52 PM,22:40:00,Hot-Wet,2010-01-22 22:40:00
15.61757507,-18.69231974,LA12,2010-01-22,11:00:52 PM,23:00:00,Hot-Wet,2010-01-22 23:00:00
15.61765544,-18.69232585,LA12,2010-01-22,11:20:52 PM,23:20:00,Hot-Wet,2010-01-22 23:20:00
15.61689148,-18.6912618,LA12,2010-01-22,11:40:52 PM,23:40:00,Hot-Wet,2010-01-22 23:40:00
15.61667582,-18.69133504,LA12,2010-01-23,12:00:52 AM,00:00:00,Hot-Wet,2010-01-23 00:00:00
15.61664022,-18.69127808,LA12,2010-01-23,12:20:52 AM,00:20:00,Hot-Wet,2010-01-23 00:20:00
15.61670736,-18.69130859,LA12,2010-01-23,12:40:52 AM,00:40:00,Hot-Wet,2010-01-23 00:40:00
15.61670736,-18.6912679,LA12,2010-01-23,01:00:52 AM,01:00:00,Hot-Wet,2010-01-23 01:00:00
15.61662699,-18.69131877,LA12,2010-01-23,01:20:52 AM,01:20:00,Hot-Wet,2010-01-23 01:20:00
15.61659546,-18.69128825,LA12,2010-01-23,01:40:52 AM,01:40:00,Hot-Wet,2010-01-23 01:40:00
15.61664836,-18.69128825,LA12,2010-01-23,02:00:52 AM,02:00:00,Hot-Wet,2010-01-23 02:00:00
15.6166748,-18.69126383,LA12,2010-01-23,02:20:52 AM,02:20:00,Hot-Wet,2010-01-23 02:20:00
15.61664124,-18.69122111,LA12,2010-01-23,02:40:52 AM,02:40:00,Hot-Wet,2010-01-23 02:40:00
15.61665649,-18.69096273,LA12,2010-01-23,03:00:52 AM,03:00:00,Hot-Wet,2010-01-23 03:00:00
15.61683757,-18.69056396,LA12,2010-01-23,03:20:52 AM,03:20:00,Hot-Wet,2010-01-23 03:20:00
15.61702983,-18.69039714,LA12,2010-01-23,03:40:52 AM,03:40:00,Hot-Wet,2010-01-23 03:40:00
15.61668294,-18.69116821,LA12,2010-01-23,04:00:52 AM,04:00:00,Hot-Wet,2010-01-23 04:00:00
15.61614075,-18.69111125,LA12,2010-01-23,04:20:52 AM,04:20:00,Hot-Wet,2010-01-23 04:20:00
15.61538188,-18.69006144,LA12,2010-01-23,04:40:52 AM,04:40:00,Hot-Wet,2010-01-23 04:40:00
15.61494242,-18.68895264,LA12,2010-01-23,05:00:52 AM,05:00:00,Hot-Wet,2010-01-23 05:00:00
15.61776123,-18.68794963,LA12,2010-01-23,05:20:52 AM,05:20:00,Hot-Wet,2010-01-23 05:20:00
15.61619568,-18.68806152,LA12,2010-01-23,05:40:52 AM,05:40:00,Hot-Wet,2010-01-23 05:40:00
15.61329041,-18.68991089,LA12,2010-01-23,06:00:52 AM,06:00:00,Hot-Wet,2010-01-23 06:00:00
15.61186218,-18.69012451,LA12,2010-01-23,06:20:52 AM,06:20:00,Hot-Wet,2010-01-23 06:20:00
15.60859985,-18.68984375,LA12,2010-01-23,06:40:52 AM,06:40:00,Hot-Wet,2010-01-23 06:40:00
15.60695394,-18.68779297,LA12,2010-01-23,07:00:52 AM,07:00:00,Hot-Wet,2010-01-23 07:00:00
15.60398966,-18.68602091,LA12,2010-01-23,07:20:52 AM,07:20:00,Hot-Wet,2010-01-23 07:20:00
15.59796041,-18.68187866,LA12,2010-01-23,07:40:52 AM,07:40:00,Hot-Wet,2010-01-23 07:40:00
15.59231669,-18.678007,LA12,2010-01-23,08:00:52 AM,08:00:00,Hot-Wet,2010-01-23 08:00:00
15.58799337,-18.67509969,LA12,2010-01-23,08:20:52 AM,08:20:00,Hot-Wet,2010-01-23 08:20:00
15.57687581,-18.67301839,LA12,2010-01-23,08:40:52 AM,08:40:00,Hot-Wet,2010-01-23 08:40:00
15.56377055,-18.67516683,LA12,2010-01-23,09:00:52 AM,09:00:00,Hot-Wet,2010-01-23 09:00:00
15.5531606,-18.67500203,LA12,2010-01-23,09:20:52 AM,09:20:00,Hot-Wet,2010-01-23 09:20:00
15.54200745,-18.6800293,LA12,2010-01-23,09:40:52 AM,09:40:00,Hot-Wet,2010-01-23 09:40:00
15.54315186,-18.6800415,LA12,2010-01-23,10:00:52 AM,10:00:00,Hot-Wet,2010-01-23 10:00:00
15.54382629,-18.68858236,LA12,2010-01-23,10:20:52 AM,10:20:00,Hot-Wet,2010-01-23 10:20:00
15.53838704,-18.69413452,LA12,2010-01-23,10:40:52 AM,10:40:00,Hot-Wet,2010-01-23 10:40:00
15.5296936,-18.69292196,LA12,2010-01-23,11:00:52 AM,11:00:00,Hot-Wet,2010-01-23 11:00:00
15.52393799,-18.69279175,LA12,2010-01-23,11:20:52 AM,11:20:00,Hot-Wet,2010-01-23 11:20:00
15.52073975,-18.69384155,LA12,2010-01-23,11:40:52 AM,11:40:00,Hot-Wet,2010-01-23 11:40:00
15.52065837,-18.69604289,LA12,2010-01-23,12:00:52 PM,12:00:00,Hot-Wet,2010-01-23 12:00:00
15.52031352,-18.69644979,LA12,2010-01-23,12:20:52 PM,12:20:00,Hot-Wet,2010-01-23 12:20:00
15.52031657,-18.69644572,LA12,2010-01-23,12:40:52 PM,12:40:00,Hot-Wet,2010-01-23 12:40:00
15.52031555,-18.69644165,LA12,2010-01-23,01:00:52 PM,13:00:00,Hot-Wet,2010-01-23 13:00:00
15.52031148,-18.69645793,LA12,2010-01-23,01:20:52 PM,13:20:00,Hot-Wet,2010-01-23 13:20:00
15.5203186,-18.69645386,LA12,2010-01-23,01:40:52 PM,13:40:00,Hot-Wet,2010-01-23 13:40:00
15.52030029,-18.69645996,LA12,2010-01-23,02:00:52 PM,14:00:00,Hot-Wet,2010-01-23 14:00:00
15.52035116,-18.69625041,LA12,2010-01-23,02:20:52 PM,14:20:00,Hot-Wet,2010-01-23 14:20:00
15.5156901,-18.69746094,LA12,2010-01-23,02:40:52 PM,14:40:00,Hot-Wet,2010-01-23 14:40:00
15.50859782,-18.68602091,LA12,2010-01-23,03:00:52 PM,15:00:00,Hot-Wet,2010-01-23 15:00:00
15.50879924,-18.68366292,LA12,2010-01-23,03:20:52 PM,15:20:00,Hot-Wet,2010-01-23 15:20:00
15.50781453,-18.68460897,LA12,2010-01-23,03:40:52 PM,15:40:00,Hot-Wet,2010-01-23 15:40:00
15.50640055,-18.68575236,LA12,2010-01-23,04:00:52 PM,16:00:00,Hot-Wet,2010-01-23 16:00:00
15.50277303,-18.68679199,LA12,2010-01-23,04:20:52 PM,16:20:00,Hot-Wet,2010-01-23 16:20:00
15.49935404,-18.69036458,LA12,2010-01-23,04:40:52 PM,16:40:00,Hot-Wet,2010-01-23 16:40:00
15.50031637,-18.70001831,LA12,2010-01-23,05:00:52 PM,17:00:00,Hot-Wet,2010-01-23 17:00:00
15.50167135,-18.7075887,LA12,2010-01-23,05:20:52 PM,17:20:00,Hot-Wet,2010-01-23 17:20:00
15.50113118,-18.7137085,LA12,2010-01-23,05:40:52 PM,17:40:00,Hot-Wet,2010-01-23 17:40:00
15.50156453,-18.71767578,LA12,2010-01-23,06:00:52 PM,18:00:00,Hot-Wet,2010-01-23 18:00:00
15.50182088,-18.72188924,LA12,2010-01-23,06:20:52 PM,18:20:00,Hot-Wet,2010-01-23 18:20:00
15.50249023,-18.72584229,LA12,2010-01-23,06:40:52 PM,18:40:00,Hot-Wet,2010-01-23 18:40:00
15.50233866,-18.72863566,LA12,2010-01-23,07:00:52 PM,19:00:00,Hot-Wet,2010-01-23 19:00:00
15.50290731,-18.73173421,LA12,2010-01-23,07:20:52 PM,19:20:00,Hot-Wet,2010-01-23 19:20:00
15.50278117,-18.73283895,LA12,2010-01-23,07:40:52 PM,19:40:00,Hot-Wet,2010-01-23 19:40:00
15.50153402,-18.73500163,LA12,2010-01-23,08:00:52 PM,20:00:00,Hot-Wet,2010-01-23 20:00:00
15.5008667,-18.73582153,LA12,2010-01-23,08:20:52 PM,20:20:00,Hot-Wet,2010-01-23 20:20:00
15.50023499,-18.73577474,LA12,2010-01-23,08:40:52 PM,20:40:00,Hot-Wet,2010-01-23 20:40:00
15.49638163,-18.73357951,LA12,2010-01-23,09:00:52 PM,21:00:00,Hot-Wet,2010-01-23 21:00:00
15.49641724,-18.73390299,LA12,2010-01-23,09:20:52 PM,21:20:00,Hot-Wet,2010-01-23 21:20:00
15.49639689,-18.73508708,LA12,2010-01-23,09:40:52 PM,21:40:00,Hot-Wet,2010-01-23 21:40:00
15.49301147,-18.73401693,LA12,2010-01-23,10:00:52 PM,22:00:00,Hot-Wet,2010-01-23 22:00:00
15.48937581,-18.73441772,LA12,2010-01-23,10:20:52 PM,22:20:00,Hot-Wet,2010-01-23 22:20:00
15.48812764,-18.73545736,LA12,2010-01-23,10:40:52 PM,22:40:00,Hot-Wet,2010-01-23 22:40:00
15.48617249,-18.7339742,LA12,2010-01-23,11:00:52 PM,23:00:00,Hot-Wet,2010-01-23 23:00:00
15.48526204,-18.73310547,LA12,2010-01-23,11:20:52 PM,23:20:00,Hot-Wet,2010-01-23 23:20:00
15.48412679,-18.73180542,LA12,2010-01-23,11:40:52 PM,23:40:00,Hot-Wet,2010-01-23 23:40:00
15.4842336,-18.73165283,LA12,2010-01-24,12:00:52 AM,00:00:00,Hot-Wet,2010-01-24 00:00:00
15.48433024,-18.73179525,LA12,2010-01-24,12:20:52 AM,00:20:00,Hot-Wet,2010-01-24 00:20:00
15.48322652,-18.73077393,LA12,2010-01-24,12:40:52 AM,00:40:00,Hot-Wet,2010-01-24 00:40:00
15.48314412,-18.73056844,LA12,2010-01-24,01:00:52 AM,01:00:00,Hot-Wet,2010-01-24 01:00:00
15.48314921,-18.73055013,LA12,2010-01-24,01:20:52 AM,01:20:00,Hot-Wet,2010-01-24 01:20:00
15.4831899,-18.73058065,LA12,2010-01-24,01:40:52 AM,01:40:00,Hot-Wet,2010-01-24 01:40:00
15.48321635,-18.7307902,LA12,2010-01-24,02:00:52 AM,02:00:00,Hot-Wet,2010-01-24 02:00:00
15.48320821,-18.73076579,LA12,2010-01-24,02:20:52 AM,02:20:00,Hot-Wet,2010-01-24 02:20:00
15.48322347,-18.7307902,LA12,2010-01-24,02:40:52 AM,02:40:00,Hot-Wet,2010-01-24 02:40:00
15.48321025,-18.73079427,LA12,2010-01-24,03:00:52 AM,03:00:00,Hot-Wet,2010-01-24 03:00:00
15.4831838,-18.73078206,LA12,2010-01-24,03:20:52 AM,03:20:00,Hot-Wet,2010-01-24 03:20:00
15.48308919,-18.73094482,LA12,2010-01-24,03:40:52 AM,03:40:00,Hot-Wet,2010-01-24 03:40:00
15.48306783,-18.73094482,LA12,2010-01-24,04:00:52 AM,04:00:00,Hot-Wet,2010-01-24 04:00:00
15.48251343,-18.73351847,LA12,2010-01-24,04:20:52 AM,04:20:00,Hot-Wet,2010-01-24 04:20:00
15.47913717,-18.73671672,LA12,2010-01-24,04:40:52 AM,04:40:00,Hot-Wet,2010-01-24 04:40:00
15.47779846,-18.73657633,LA12,2010-01-24,05:00:52 AM,05:00:00,Hot-Wet,2010-01-24 05:00:00
15.47616272,-18.73670451,LA12,2010-01-24,05:20:52 AM,05:20:00,Hot-Wet,2010-01-24 05:20:00
15.46975403,-18.73656006,LA12,2010-01-24,05:40:52 AM,05:40:00,Hot-Wet,2010-01-24 05:40:00
15.46720988,-18.74544678,LA12,2010-01-24,06:00:52 AM,06:00:00,Hot-Wet,2010-01-24 06:00:00
15.46047567,-18.74888509,LA12,2010-01-24,06:20:52 AM,06:20:00,Hot-Wet,2010-01-24 06:20:00
15.45399373,-18.75906576,LA12,2010-01-24,06:40:52 AM,06:40:00,Hot-Wet,2010-01-24 06:40:00
15.45038859,-18.76754964,LA12,2010-01-24,07:00:52 AM,07:00:00,Hot-Wet,2010-01-24 07:00:00
15.44732768,-18.77140299,LA12,2010-01-24,07:20:52 AM,07:20:00,Hot-Wet,2010-01-24 07:20:00
15.44648234,-18.77612712,LA12,2010-01-24,07:40:52 AM,07:40:00,Hot-Wet,2010-01-24 07:40:00
15.44170837,-18.77810465,LA12,2010-01-24,08:00:52 AM,08:00:00,Hot-Wet,2010-01-24 08:00:00
15.43980103,-18.78012695,LA12,2010-01-24,08:20:52 AM,08:20:00,Hot-Wet,2010-01-24 08:20:00
15.44694519,-18.78653971,LA12,2010-01-24,08:40:52 AM,08:40:00,Hot-Wet,2010-01-24 08:40:00
15.44962158,-18.79094035,LA12,2010-01-24,09:00:52 AM,09:00:00,Hot-Wet,2010-01-24 09:00:00
15.45427348,-18.79082438,LA12,2010-01-24,09:20:52 AM,09:20:00,Hot-Wet,2010-01-24 09:20:00
15.4541748,-18.79081828,LA12,2010-01-24,09:40:52 AM,09:40:00,Hot-Wet,2010-01-24 09:40:00
15.45402222,-18.79168294,LA12,2010-01-24,10:00:52 AM,10:00:00,Hot-Wet,2010-01-24 10:00:00
15.45490926,-18.79133097,LA12,2010-01-24,10:20:52 AM,10:20:00,Hot-Wet,2010-01-24 10:20:00
15.45572205,-18.79084066,LA12,2010-01-24,10:40:52 AM,10:40:00,Hot-Wet,2010-01-24 10:40:00
15.4565684,-18.79081624,LA12,2010-01-24,11:00:52 AM,11:00:00,Hot-Wet,2010-01-24 11:00:00
15.45421143,-18.7917745,LA12,2010-01-24,11:20:52 AM,11:20:00,Hot-Wet,2010-01-24 11:20:00
15.45458984,-18.79256388,LA12,2010-01-24,11:40:52 AM,11:40:00,Hot-Wet,2010-01-24 11:40:00
15.45523885,-18.79771932,LA12,2010-01-24,12:00:52 PM,12:00:00,Hot-Wet,2010-01-24 12:00:00
15.45299581,-18.80140584,LA12,2010-01-24,12:20:52 PM,12:20:00,Hot-Wet,2010-01-24 12:20:00
15.45091858,-18.80473429,LA12,2010-01-24,12:40:52 PM,12:40:00,Hot-Wet,2010-01-24 12:40:00
15.4504069,-18.8108256,LA12,2010-01-24,01:00:52 PM,13:00:00,Hot-Wet,2010-01-24 13:00:00
15.45201925,-18.8207784,LA12,2010-01-24,01:20:52 PM,13:20:00,Hot-Wet,2010-01-24 13:20:00
15.45825297,-18.8278422,LA12,2010-01-24,01:40:52 PM,13:40:00,Hot-Wet,2010-01-24 13:40:00
15.45596212,-18.83595174,LA12,2010-01-24,02:00:52 PM,14:00:00,Hot-Wet,2010-01-24 14:00:00
15.45460103,-18.84119059,LA12,2010-01-24,02:20:52 PM,14:20:00,Hot-Wet,2010-01-24 14:20:00
15.45282593,-18.8431193,LA12,2010-01-24,02:40:52 PM,14:40:00,Hot-Wet,2010-01-24 14:40:00
15.44891154,-18.84602865,LA12,2010-01-24,03:00:52 PM,15:00:00,Hot-Wet,2010-01-24 15:00:00
15.4443634,-18.85132039,LA12,2010-01-24,03:20:52 PM,15:20:00,Hot-Wet,2010-01-24 15:20:00
15.45140483,-18.85489705,LA12,2010-01-24,03:40:52 PM,15:40:00,Hot-Wet,2010-01-24 15:40:00
15.45332133,-18.85947673,LA12,2010-01-24,04:00:52 PM,16:00:00,Hot-Wet,2010-01-24 16:00:00
15.45394287,-18.85972697,LA12,2010-01-24,04:20:52 PM,16:20:00,Hot-Wet,2010-01-24 16:20:00
15.45384115,-18.85919189,LA12,2010-01-24,04:40:52 PM,16:40:00,Hot-Wet,2010-01-24 16:40:00
15.44942932,-18.85987956,LA12,2010-01-24,05:00:52 PM,17:00:00,Hot-Wet,2010-01-24 17:00:00
15.44391785,-18.85820923,LA12,2010-01-24,05:20:52 PM,17:20:00,Hot-Wet,2010-01-24 17:20:00
15.44048055,-18.85662028,LA12,2010-01-24,05:40:52 PM,17:40:00,Hot-Wet,2010-01-24 17:40:00
15.44043477,-18.85642293,LA12,2010-01-24,06:00:52 PM,18:00:00,Hot-Wet,2010-01-24 18:00:00
15.43824463,-18.85488892,LA12,2010-01-24,06:20:52 PM,18:20:00,Hot-Wet,2010-01-24 18:20:00
15.43691101,-18.84871826,LA12,2010-01-24,06:40:52 PM,18:40:00,Hot-Wet,2010-01-24 18:40:00
15.43948873,-18.84777222,LA12,2010-01-24,07:00:52 PM,19:00:00,Hot-Wet,2010-01-24 19:00:00
15.44510905,-18.85285034,LA12,2010-01-24,07:20:52 PM,19:20:00,Hot-Wet,2010-01-24 19:20:00
15.45519307,-18.85782878,LA12,2010-01-24,07:40:52 PM,19:40:00,Hot-Wet,2010-01-24 19:40:00
15.45923462,-18.85974325,LA12,2010-01-24,08:00:52 PM,20:00:00,Hot-Wet,2010-01-24 20:00:00
15.46264648,-18.85609945,LA12,2010-01-24,08:20:52 PM,20:20:00,Hot-Wet,2010-01-24 20:20:00
15.46236979,-18.85697021,LA12,2010-01-24,08:40:52 PM,20:40:00,Hot-Wet,2010-01-24 20:40:00
15.46076457,-18.85169271,LA12,2010-01-24,09:00:52 PM,21:00:00,Hot-Wet,2010-01-24 21:00:00
15.4566213,-18.84663086,LA12,2010-01-24,09:20:52 PM,21:20:00,Hot-Wet,2010-01-24 21:20:00
15.45508321,-18.84186198,LA12,2010-01-24,09:40:52 PM,21:40:00,Hot-Wet,2010-01-24 21:40:00
15.44881592,-18.84660645,LA12,2010-01-24,10:00:52 PM,22:00:00,Hot-Wet,2010-01-24 22:00:00
15.44501139,-18.84563599,LA12,2010-01-24,10:20:52 PM,22:20:00,Hot-Wet,2010-01-24 22:20:00
15.44392497,-18.84920858,LA12,2010-01-24,10:40:52 PM,22:40:00,Hot-Wet,2010-01-24 22:40:00
15.43769328,-18.85238647,LA12,2010-01-24,11:00:52 PM,23:00:00,Hot-Wet,2010-01-24 23:00:00
15.4250295,-18.85147095,LA12,2010-01-24,11:20:52 PM,23:20:00,Hot-Wet,2010-01-24 23:20:00
15.41626078,-18.8510376,LA12,2010-01-24,11:40:52 PM,23:40:00,Hot-Wet,2010-01-24 23:40:00
15.41527201,-18.85107218,LA12,2010-01-25,12:00:52 AM,00:00:00,Hot-Wet,2010-01-25 00:00:00
15.41426493,-18.85124715,LA12,2010-01-25,12:20:53 AM,00:20:00,Hot-Wet,2010-01-25 00:20:00
15.41381124,-18.85116577,LA12,2010-01-25,12:40:52 AM,00:40:00,Hot-Wet,2010-01-25 00:40:00
15.41383769,-18.85115356,LA12,2010-01-25,01:00:52 AM,01:00:00,Hot-Wet,2010-01-25 01:00:00
15.41370341,-18.85125529,LA12,2010-01-25,01:20:52 AM,01:20:00,Hot-Wet,2010-01-25 01:20:00
15.41360372,-18.85119629,LA12,2010-01-25,01:40:52 AM,01:40:00,Hot-Wet,2010-01-25 01:40:00
15.41317139,-18.85161133,LA12,2010-01-25,02:00:52 AM,02:00:00,Hot-Wet,2010-01-25 02:00:00
15.41305135,-18.85180461,LA12,2010-01-25,02:20:52 AM,02:20:00,Hot-Wet,2010-01-25 02:20:00
15.4130422,-18.85180461,LA12,2010-01-25,02:40:52 AM,02:40:00,Hot-Wet,2010-01-25 02:40:00
15.4128713,-18.8520284,LA12,2010-01-25,03:00:52 AM,03:00:00,Hot-Wet,2010-01-25 03:00:00
15.41288249,-18.8519633,LA12,2010-01-25,03:20:52 AM,03:20:00,Hot-Wet,2010-01-25 03:20:00
15.41280314,-18.8518575,LA12,2010-01-25,03:40:53 AM,03:40:00,Hot-Wet,2010-01-25 03:40:00
15.41277873,-18.85197144,LA12,2010-01-25,04:00:52 AM,04:00:00,Hot-Wet,2010-01-25 04:00:00
15.41165975,-18.85267741,LA12,2010-01-25,04:20:52 AM,04:20:00,Hot-Wet,2010-01-25 04:20:00
15.40889384,-18.8539917,LA12,2010-01-25,04:40:52 AM,04:40:00,Hot-Wet,2010-01-25 04:40:00
15.40818583,-18.85471395,LA12,2010-01-25,05:00:52 AM,05:00:00,Hot-Wet,2010-01-25 05:00:00
15.40792847,-18.85541382,LA12,2010-01-25,05:20:52 AM,05:20:00,Hot-Wet,2010-01-25 05:20:00
15.40788574,-18.85701294,LA12,2010-01-25,05:40:52 AM,05:40:00,Hot-Wet,2010-01-25 05:40:00
15.4061971,-18.8588033,LA12,2010-01-25,06:00:52 AM,06:00:00,Hot-Wet,2010-01-25 06:00:00
15.40142721,-18.86054688,LA12,2010-01-25,06:20:52 AM,06:20:00,Hot-Wet,2010-01-25 06:20:00
15.40235799,-18.85957235,LA12,2010-01-25,06:40:52 AM,06:40:00,Hot-Wet,2010-01-25 06:40:00
15.40053101,-18.86012777,LA12,2010-01-25,07:00:52 AM,07:00:00,Hot-Wet,2010-01-25 07:00:00
15.39969686,-18.86063843,LA12,2010-01-25,07:20:52 AM,07:20:00,Hot-Wet,2010-01-25 07:20:00
15.39818014,-18.86027222,LA12,2010-01-25,07:40:52 AM,07:40:00,Hot-Wet,2010-01-25 07:40:00
15.39748739,-18.86032918,LA12,2010-01-25,08:00:52 AM,08:00:00,Hot-Wet,2010-01-25 08:00:00
15.39616191,-18.85922852,LA12,2010-01-25,08:20:52 AM,08:20:00,Hot-Wet,2010-01-25 08:20:00
15.39481506,-18.85808105,LA12,2010-01-25,08:40:52 AM,08:40:00,Hot-Wet,2010-01-25 08:40:00
15.39450684,-18.85715332,LA12,2010-01-25,09:00:52 AM,09:00:00,Hot-Wet,2010-01-25 09:00:00
15.39558105,-18.852771,LA12,2010-01-25,09:20:52 AM,09:20:00,Hot-Wet,2010-01-25 09:20:00
15.3947113,-18.8523641,LA12,2010-01-25,09:40:52 AM,09:40:00,Hot-Wet,2010-01-25 09:40:00
15.39473063,-18.85237427,LA12,2010-01-25,10:00:52 AM,10:00:00,Hot-Wet,2010-01-25 10:00:00
15.39566956,-18.85140788,LA12,2010-01-25,10:20:52 AM,10:20:00,Hot-Wet,2010-01-25 10:20:00
15.39285075,-18.8524292,LA12,2010-01-25,10:40:52 AM,10:40:00,Hot-Wet,2010-01-25 10:40:00
15.39576314,-18.85216471,LA12,2010-01-25,11:00:52 AM,11:00:00,Hot-Wet,2010-01-25 11:00:00
15.4022288,-18.85349121,LA12,2010-01-25,11:20:52 AM,11:20:00,Hot-Wet,2010-01-25 11:20:00
15.40210775,-18.85473836,LA12,2010-01-25,11:40:52 AM,11:40:00,Hot-Wet,2010-01-25 11:40:00
15.40420736,-18.8587443,LA12,2010-01-25,12:00:52 PM,12:00:00,Hot-Wet,2010-01-25 12:00:00
15.40533854,-18.85918376,LA12,2010-01-25,12:20:52 PM,12:20:00,Hot-Wet,2010-01-25 12:20:00
15.40540975,-18.85730794,LA12,2010-01-25,12:40:52 PM,12:40:00,Hot-Wet,2010-01-25 12:40:00
15.40531311,-18.85697021,LA12,2010-01-25,01:00:52 PM,13:00:00,Hot-Wet,2010-01-25 13:00:00
15.40653992,-18.85790405,LA12,2010-01-25,01:20:52 PM,13:20:00,Hot-Wet,2010-01-25 13:20:00
15.40780843,-18.86059367,LA12,2010-01-25,01:40:52 PM,13:40:00,Hot-Wet,2010-01-25 13:40:00
15.40715739,-18.86027222,LA12,2010-01-25,02:00:52 PM,14:00:00,Hot-Wet,2010-01-25 14:00:00
15.4065389,-18.85961711,LA12,2010-01-25,02:20:52 PM,14:20:00,Hot-Wet,2010-01-25 14:20:00
15.40513407,-18.85711466,LA12,2010-01-25,02:40:52 PM,14:40:00,Hot-Wet,2010-01-25 14:40:00
15.40480245,-18.85606486,LA12,2010-01-25,03:00:52 PM,15:00:00,Hot-Wet,2010-01-25 15:00:00
15.40461731,-18.85547689,LA12,2010-01-25,03:20:52 PM,15:20:00,Hot-Wet,2010-01-25 15:20:00
15.40515137,-18.85516968,LA12,2010-01-25,03:40:52 PM,15:40:00,Hot-Wet,2010-01-25 15:40:00
15.40519714,-18.85501506,LA12,2010-01-25,04:00:52 PM,16:00:00,Hot-Wet,2010-01-25 16:00:00
15.40504761,-18.85465495,LA12,2010-01-25,04:20:52 PM,16:20:00,Hot-Wet,2010-01-25 16:20:00
15.40407104,-18.85396118,LA12,2010-01-25,04:40:52 PM,16:40:00,Hot-Wet,2010-01-25 16:40:00
15.40334371,-18.85311279,LA12,2010-01-25,05:00:52 PM,17:00:00,Hot-Wet,2010-01-25 17:00:00
15.40382182,-18.85111694,LA12,2010-01-25,05:20:52 PM,17:20:00,Hot-Wet,2010-01-25 17:20:00
15.4031779,-18.84951172,LA12,2010-01-25,05:40:52 PM,17:40:00,Hot-Wet,2010-01-25 17:40:00
15.4027476,-18.84794515,LA12,2010-01-25,06:00:52 PM,18:00:00,Hot-Wet,2010-01-25 18:00:00
15.40227356,-18.84746704,LA12,2010-01-25,06:20:52 PM,18:20:00,Hot-Wet,2010-01-25 18:20:00
15.40187785,-18.84732869,LA12,2010-01-25,06:40:52 PM,18:40:00,Hot-Wet,2010-01-25 18:40:00
15.40101013,-18.84721273,LA12,2010-01-25,07:00:52 PM,19:00:00,Hot-Wet,2010-01-25 19:00:00
15.40082804,-18.84767456,LA12,2010-01-25,07:20:52 PM,19:20:00,Hot-Wet,2010-01-25 19:20:00
15.40023193,-18.84648031,LA12,2010-01-25,07:40:52 PM,19:40:00,Hot-Wet,2010-01-25 19:40:00
15.40000509,-18.84618734,LA12,2010-01-25,08:00:52 PM,20:00:00,Hot-Wet,2010-01-25 20:00:00
15.39892171,-18.84629313,LA12,2010-01-25,08:20:52 PM,20:20:00,Hot-Wet,2010-01-25 20:20:00
15.39838765,-18.84596558,LA12,2010-01-25,08:40:52 PM,20:40:00,Hot-Wet,2010-01-25 20:40:00
15.39923096,-18.84466146,LA12,2010-01-25,09:00:52 PM,21:00:00,Hot-Wet,2010-01-25 21:00:00
15.39893087,-18.84246012,LA12,2010-01-25,09:20:52 PM,21:20:00,Hot-Wet,2010-01-25 21:20:00
15.39800415,-18.84186401,LA12,2010-01-25,09:40:52 PM,21:40:00,Hot-Wet,2010-01-25 21:40:00
15.39655457,-18.84183146,LA12,2010-01-25,10:00:52 PM,22:00:00,Hot-Wet,2010-01-25 22:00:00
15.39565938,-18.84112956,LA12,2010-01-25,10:20:52 PM,22:20:00,Hot-Wet,2010-01-25 22:20:00
15.39569295,-18.83989258,LA12,2010-01-25,10:40:52 PM,22:40:00,Hot-Wet,2010-01-25 22:40:00
15.39581299,-18.83910319,LA12,2010-01-25,11:00:52 PM,23:00:00,Hot-Wet,2010-01-25 23:00:00
15.39527791,-18.83887329,LA12,2010-01-25,11:20:52 PM,23:20:00,Hot-Wet,2010-01-25 23:20:00
15.39526978,-18.83887533,LA12,2010-01-25,11:40:52 PM,23:40:00,Hot-Wet,2010-01-25 23:40:00
15.3952474,-18.83793132,LA12,2010-01-26,12:00:52 AM,00:00:00,Hot-Wet,2010-01-26 00:00:00
15.3944987,-18.83762614,LA12,2010-01-26,12:20:52 AM,00:20:00,Hot-Wet,2010-01-26 00:20:00
15.39459534,-18.8386495,LA12,2010-01-26,12:40:52 AM,00:40:00,Hot-Wet,2010-01-26 00:40:00
15.39413961,-18.83784587,LA12,2010-01-26,01:00:52 AM,01:00:00,Hot-Wet,2010-01-26 01:00:00
15.39276937,-18.83641764,LA12,2010-01-26,01:20:52 AM,01:20:00,Hot-Wet,2010-01-26 01:20:00
15.39256999,-18.83627319,LA12,2010-01-26,01:40:52 AM,01:40:00,Hot-Wet,2010-01-26 01:40:00
15.392571,-18.8362854,LA12,2010-01-26,02:00:52 AM,02:00:00,Hot-Wet,2010-01-26 02:00:00
15.39257813,-18.83631185,LA12,2010-01-26,02:20:52 AM,02:20:00,Hot-Wet,2010-01-26 02:20:00
15.39258219,-18.83633626,LA12,2010-01-26,02:40:52 AM,02:40:00,Hot-Wet,2010-01-26 02:40:00
15.3925883,-18.8363383,LA12,2010-01-26,03:00:52 AM,03:00:00,Hot-Wet,2010-01-26 03:00:00
15.39260254,-18.8363444,LA12,2010-01-26,03:20:52 AM,03:20:00,Hot-Wet,2010-01-26 03:20:00
15.39259237,-18.83635457,LA12,2010-01-26,03:40:52 AM,03:40:00,Hot-Wet,2010-01-26 03:40:00
15.39380697,-18.83485107,LA12,2010-01-26,04:00:52 AM,04:00:00,Hot-Wet,2010-01-26 04:00:00
15.39317525,-18.83615316,LA12,2010-01-26,04:20:52 AM,04:20:00,Hot-Wet,2010-01-26 04:20:00
15.3927419,-18.83623047,LA12,2010-01-26,04:40:52 AM,04:40:00,Hot-Wet,2010-01-26 04:40:00
15.39241231,-18.8383077,LA12,2010-01-26,05:00:52 AM,05:00:00,Hot-Wet,2010-01-26 05:00:00
15.39202271,-18.84003296,LA12,2010-01-26,05:20:52 AM,05:20:00,Hot-Wet,2010-01-26 05:20:00
15.39172465,-18.8424113,LA12,2010-01-26,05:40:52 AM,05:40:00,Hot-Wet,2010-01-26 05:40:00
15.39295247,-18.8454244,LA12,2010-01-26,06:00:52 AM,06:00:00,Hot-Wet,2010-01-26 06:00:00
15.39420878,-18.84769897,LA12,2010-01-26,06:20:52 AM,06:20:00,Hot-Wet,2010-01-26 06:20:00
15.39756673,-18.8506897,LA12,2010-01-26,06:40:52 AM,06:40:00,Hot-Wet,2010-01-26 06:40:00
15.40428365,-18.85599365,LA12,2010-01-26,07:00:52 AM,07:00:00,Hot-Wet,2010-01-26 07:00:00
15.40839742,-18.86002604,LA12,2010-01-26,07:20:52 AM,07:20:00,Hot-Wet,2010-01-26 07:20:00
15.40792033,-18.86251831,LA12,2010-01-26,07:40:52 AM,07:40:00,Hot-Wet,2010-01-26 07:40:00
15.40853984,-18.86249593,LA12,2010-01-26,08:00:52 AM,08:00:00,Hot-Wet,2010-01-26 08:00:00
15.40731913,-18.86275228,LA12,2010-01-26,08:20:52 AM,08:20:00,Hot-Wet,2010-01-26 08:20:00
15.40730082,-18.86277466,LA12,2010-01-26,08:40:52 AM,08:40:00,Hot-Wet,2010-01-26 08:40:00
15.4073527,-18.86292114,LA12,2010-01-26,09:00:52 AM,09:00:00,Hot-Wet,2010-01-26 09:00:00
15.41016541,-18.86236369,LA12,2010-01-26,09:20:52 AM,09:20:00,Hot-Wet,2010-01-26 09:20:00
15.40843201,-18.86008097,LA12,2010-01-26,09:40:52 AM,09:40:00,Hot-Wet,2010-01-26 09:40:00
15.40838013,-18.8598999,LA12,2010-01-26,10:00:52 AM,10:00:00,Hot-Wet,2010-01-26 10:00:00
15.40609843,-18.86026001,LA12,2010-01-26,10:20:52 AM,10:20:00,Hot-Wet,2010-01-26 10:20:00
15.40554199,-18.85910645,LA12,2010-01-26,10:40:52 AM,10:40:00,Hot-Wet,2010-01-26 10:40:00
15.40484314,-18.85686849,LA12,2010-01-26,11:00:52 AM,11:00:00,Hot-Wet,2010-01-26 11:00:00
15.40415141,-18.85593872,LA12,2010-01-26,11:20:52 AM,11:20:00,Hot-Wet,2010-01-26 11:20:00
15.40379028,-18.85468343,LA12,2010-01-26,11:40:52 AM,11:40:00,Hot-Wet,2010-01-26 11:40:00
15.40272522,-18.85410767,LA12,2010-01-26,12:00:52 PM,12:00:00,Hot-Wet,2010-01-26 12:00:00
15.40173442,-18.85404256,LA12,2010-01-26,12:20:52 PM,12:20:00,Hot-Wet,2010-01-26 12:20:00
15.40154622,-18.85498047,LA12,2010-01-26,12:40:52 PM,12:40:00,Hot-Wet,2010-01-26 12:40:00
15.40064901,-18.85706584,LA12,2010-01-26,01:00:52 PM,13:00:00,Hot-Wet,2010-01-26 13:00:00
15.39928487,-18.85878906,LA12,2010-01-26,01:20:52 PM,13:20:00,Hot-Wet,2010-01-26 13:20:00
15.39846497,-18.85962524,LA12,2010-01-26,01:40:52 PM,13:40:00,Hot-Wet,2010-01-26 13:40:00
15.39845479,-18.85962728,LA12,2010-01-26,02:00:52 PM,14:00:00,Hot-Wet,2010-01-26 14:00:00
15.39845785,-18.85962321,LA12,2010-01-26,02:20:52 PM,14:20:00,Hot-Wet,2010-01-26 14:20:00
15.39875183,-18.85925496,LA12,2010-01-26,02:40:52 PM,14:40:00,Hot-Wet,2010-01-26 14:40:00
15.39722392,-18.85904338,LA12,2010-01-26,03:00:52 PM,15:00:00,Hot-Wet,2010-01-26 15:00:00
15.39624837,-18.85869954,LA12,2010-01-26,03:20:52 PM,15:20:00,Hot-Wet,2010-01-26 15:20:00
15.39352315,-18.85942179,LA12,2010-01-26,03:40:52 PM,15:40:00,Hot-Wet,2010-01-26 15:40:00
15.38669942,-18.86013997,LA12,2010-01-26,04:00:52 PM,16:00:00,Hot-Wet,2010-01-26 16:00:00
15.37962545,-18.85739543,LA12,2010-01-26,04:20:52 PM,16:20:00,Hot-Wet,2010-01-26 16:20:00
15.37697449,-18.85338745,LA12,2010-01-26,04:40:52 PM,16:40:00,Hot-Wet,2010-01-26 16:40:00
15.37707011,-18.84601847,LA12,2010-01-26,05:00:52 PM,17:00:00,Hot-Wet,2010-01-26 17:00:00
15.37711385,-18.83647461,LA12,2010-01-26,05:20:52 PM,17:20:00,Hot-Wet,2010-01-26 17:20:00
15.3769989,-18.82907715,LA12,2010-01-26,05:40:52 PM,17:40:00,Hot-Wet,2010-01-26 17:40:00
15.37731527,-18.82406006,LA12,2010-01-26,06:00:52 PM,18:00:00,Hot-Wet,2010-01-26 18:00:00
15.37770589,-18.81497803,LA12,2010-01-26,06:20:52 PM,18:20:00,Hot-Wet,2010-01-26 18:20:00
15.37950541,-18.81355591,LA12,2010-01-26,06:40:52 PM,18:40:00,Hot-Wet,2010-01-26 18:40:00
15.37954102,-18.81207479,LA12,2010-01-26,07:00:52 PM,19:00:00,Hot-Wet,2010-01-26 19:00:00
15.3800944,-18.81266886,LA12,2010-01-26,07:20:52 PM,19:20:00,Hot-Wet,2010-01-26 19:20:00
15.38165385,-18.81071574,LA12,2010-01-26,07:40:52 PM,19:40:00,Hot-Wet,2010-01-26 19:40:00
15.38328044,-18.80902303,LA12,2010-01-26,08:00:53 PM,20:00:00,Hot-Wet,2010-01-26 20:00:00
15.3842336,-18.80872192,LA12,2010-01-26,08:20:53 PM,20:20:00,Hot-Wet,2010-01-26 20:20:00
15.38245951,-18.80943604,LA12,2010-01-26,08:40:54 PM,20:40:00,Hot-Wet,2010-01-26 20:40:00
15.3808492,-18.80378621,LA12,2010-01-26,09:00:52 PM,21:00:00,Hot-Wet,2010-01-26 21:00:00
15.38516337,-18.79733073,LA12,2010-01-26,09:20:52 PM,21:20:00,Hot-Wet,2010-01-26 21:20:00
15.39214274,-18.79277751,LA12,2010-01-26,09:40:52 PM,21:40:00,Hot-Wet,2010-01-26 21:40:00
15.39313253,-18.79289347,LA12,2010-01-26,10:00:52 PM,22:00:00,Hot-Wet,2010-01-26 22:00:00
15.39593201,-18.79222209,LA12,2010-01-26,10:20:52 PM,22:20:00,Hot-Wet,2010-01-26 22:20:00
15.39901123,-18.79210409,LA12,2010-01-26,10:40:52 PM,22:40:00,Hot-Wet,2010-01-26 22:40:00
15.40079244,-18.79214071,LA12,2010-01-26,11:00:52 PM,23:00:00,Hot-Wet,2010-01-26 23:00:00
15.40465495,-18.79217936,LA12,2010-01-26,11:20:52 PM,23:20:00,Hot-Wet,2010-01-26 23:20:00
15.41331278,-18.79180908,LA12,2010-01-26,11:40:52 PM,23:40:00,Hot-Wet,2010-01-26 23:40:00
15.42099813,-18.79159953,LA12,2010-01-27,12:00:52 AM,00:00:00,Hot-Wet,2010-01-27 00:00:00
15.4253479,-18.79129639,LA12,2010-01-27,12:20:53 AM,00:20:00,Hot-Wet,2010-01-27 00:20:00
15.42579346,-18.79139608,LA12,2010-01-27,12:40:52 AM,00:40:00,Hot-Wet,2010-01-27 00:40:00
15.43087667,-18.7913269,LA12,2010-01-27,01:00:52 AM,01:00:00,Hot-Wet,2010-01-27 01:00:00
15.43939819,-18.79115601,LA12,2010-01-27,01:20:52 AM,01:20:00,Hot-Wet,2010-01-27 01:20:00
15.44979553,-18.79090576,LA12,2010-01-27,01:40:52 AM,01:40:00,Hot-Wet,2010-01-27 01:40:00
15.46092936,-18.79064331,LA12,2010-01-27,02:00:52 AM,02:00:00,Hot-Wet,2010-01-27 02:00:00
15.46624451,-18.78921509,LA12,2010-01-27,02:20:52 AM,02:20:00,Hot-Wet,2010-01-27 02:20:00
15.46623433,-18.78920085,LA12,2010-01-27,02:40:52 AM,02:40:00,Hot-Wet,2010-01-27 02:40:00
15.4662384,-18.78920288,LA12,2010-01-27,03:00:52 AM,03:00:00,Hot-Wet,2010-01-27 03:00:00
15.46643982,-18.78932699,LA12,2010-01-27,03:20:52 AM,03:20:00,Hot-Wet,2010-01-27 03:20:00
15.46641744,-18.78930664,LA12,2010-01-27,03:40:52 AM,03:40:00,Hot-Wet,2010-01-27 03:40:00
15.46645508,-18.78932699,LA12,2010-01-27,04:00:52 AM,04:00:00,Hot-Wet,2010-01-27 04:00:00
15.46642354,-18.78931274,LA12,2010-01-27,04:20:52 AM,04:20:00,Hot-Wet,2010-01-27 04:20:00
15.46642049,-18.7893453,LA12,2010-01-27,04:40:52 AM,04:40:00,Hot-Wet,2010-01-27 04:40:00
15.46642558,-18.78933105,LA12,2010-01-27,05:00:52 AM,05:00:00,Hot-Wet,2010-01-27 05:00:00
15.46944275,-18.7823466,LA12,2010-01-27,05:20:52 AM,05:20:00,Hot-Wet,2010-01-27 05:20:00
15.47295837,-18.77419434,LA12,2010-01-27,05:40:52 AM,05:40:00,Hot-Wet,2010-01-27 05:40:00
15.47536825,-18.76815592,LA12,2010-01-27,06:00:52 AM,06:00:00,Hot-Wet,2010-01-27 06:00:00
15.47774963,-18.76300049,LA12,2010-01-27,06:20:52 AM,06:20:00,Hot-Wet,2010-01-27 06:20:00
15.48326213,-18.75770671,LA12,2010-01-27,06:40:52 AM,06:40:00,Hot-Wet,2010-01-27 06:40:00
15.48809713,-18.75114136,LA12,2010-01-27,07:00:52 AM,07:00:00,Hot-Wet,2010-01-27 07:00:00
15.49024963,-18.74735921,LA12,2010-01-27,07:20:52 AM,07:20:00,Hot-Wet,2010-01-27 07:20:00
15.49073079,-18.74652507,LA12,2010-01-27,07:40:52 AM,07:40:00,Hot-Wet,2010-01-27 07:40:00
15.4935435,-18.74307251,LA12,2010-01-27,08:00:52 AM,08:00:00,Hot-Wet,2010-01-27 08:00:00
15.49524129,-18.73933105,LA12,2010-01-27,08:20:52 AM,08:20:00,Hot-Wet,2010-01-27 08:20:00
15.49540914,-18.73914185,LA12,2010-01-27,08:40:52 AM,08:40:00,Hot-Wet,2010-01-27 08:40:00
15.49600118,-18.73890177,LA12,2010-01-27,09:00:52 AM,09:00:00,Hot-Wet,2010-01-27 09:00:00
15.49599101,-18.73889567,LA12,2010-01-27,09:20:52 AM,09:20:00,Hot-Wet,2010-01-27 09:20:00
15.4991099,-18.73702596,LA12,2010-01-27,09:40:52 AM,09:40:00,Hot-Wet,2010-01-27 09:40:00
15.50197245,-18.73814087,LA12,2010-01-27,10:00:52 AM,10:00:00,Hot-Wet,2010-01-27 10:00:00
15.50319722,-18.73644816,LA12,2010-01-27,10:20:52 AM,10:20:00,Hot-Wet,2010-01-27 10:20:00
15.5082489,-18.73203532,LA12,2010-01-27,10:40:52 AM,10:40:00,Hot-Wet,2010-01-27 10:40:00
15.50801595,-18.73066813,LA12,2010-01-27,11:00:52 AM,11:00:00,Hot-Wet,2010-01-27 11:00:00
15.51058146,-18.72698771,LA12,2010-01-27,11:20:52 AM,11:20:00,Hot-Wet,2010-01-27 11:20:00
15.51539714,-18.7178304,LA12,2010-01-27,11:40:52 AM,11:40:00,Hot-Wet,2010-01-27 11:40:00
15.52249044,-18.70895589,LA12,2010-01-27,12:00:52 PM,12:00:00,Hot-Wet,2010-01-27 12:00:00
15.5309611,-18.70146281,LA12,2010-01-27,12:20:52 PM,12:20:00,Hot-Wet,2010-01-27 12:20:00
15.53876038,-18.69317627,LA12,2010-01-27,12:40:52 PM,12:40:00,Hot-Wet,2010-01-27 12:40:00
15.53978577,-18.68550822,LA12,2010-01-27,01:00:52 PM,13:00:00,Hot-Wet,2010-01-27 13:00:00
15.53999329,-18.68297729,LA12,2010-01-27,01:20:52 PM,13:20:00,Hot-Wet,2010-01-27 13:20:00
15.54097697,-18.68137817,LA12,2010-01-27,01:40:52 PM,13:40:00,Hot-Wet,2010-01-27 13:40:00
15.54291178,-18.68029989,LA12,2010-01-27,02:00:52 PM,14:00:00,Hot-Wet,2010-01-27 14:00:00
15.54450887,-18.68023885,LA12,2010-01-27,02:20:52 PM,14:20:00,Hot-Wet,2010-01-27 14:20:00
15.54765116,-18.67802124,LA12,2010-01-27,02:40:52 PM,14:40:00,Hot-Wet,2010-01-27 14:40:00
15.55352275,-18.67432861,LA12,2010-01-27,03:00:52 PM,15:00:00,Hot-Wet,2010-01-27 15:00:00
15.56286214,-18.67013957,LA12,2010-01-27,03:20:52 PM,15:20:00,Hot-Wet,2010-01-27 15:20:00
15.57414551,-18.66931763,LA12,2010-01-27,03:40:52 PM,15:40:00,Hot-Wet,2010-01-27 15:40:00
15.58269552,-18.67050171,LA12,2010-01-27,04:00:52 PM,16:00:00,Hot-Wet,2010-01-27 16:00:00
15.59333903,-18.67413127,LA12,2010-01-27,04:20:52 PM,16:20:00,Hot-Wet,2010-01-27 16:20:00
15.60293783,-18.67621053,LA12,2010-01-27,04:40:52 PM,16:40:00,Hot-Wet,2010-01-27 16:40:00
15.6141866,-18.67883504,LA12,2010-01-27,05:00:52 PM,17:00:00,Hot-Wet,2010-01-27 17:00:00
15.62589111,-18.6813619,LA12,2010-01-27,05:20:52 PM,17:20:00,Hot-Wet,2010-01-27 17:20:00
15.63664551,-18.68447876,LA12,2010-01-27,05:40:52 PM,17:40:00,Hot-Wet,2010-01-27 17:40:00
15.64054972,-18.68489176,LA12,2010-01-27,06:00:52 PM,18:00:00,Hot-Wet,2010-01-27 18:00:00
15.64189148,-18.68465373,LA12,2010-01-27,06:20:52 PM,18:20:00,Hot-Wet,2010-01-27 18:20:00
15.64302572,-18.68463542,LA12,2010-01-27,06:40:52 PM,18:40:00,Hot-Wet,2010-01-27 18:40:00
15.64372355,-18.68486938,LA12,2010-01-27,07:00:52 PM,19:00:00,Hot-Wet,2010-01-27 19:00:00
15.64706217,-18.6866984,LA12,2010-01-27,07:20:52 PM,19:20:00,Hot-Wet,2010-01-27 19:20:00
15.65166219,-18.68517253,LA12,2010-01-27,07:40:52 PM,19:40:00,Hot-Wet,2010-01-27 19:40:00
15.651238,-18.68498332,LA12,2010-01-27,08:00:52 PM,20:00:00,Hot-Wet,2010-01-27 20:00:00
15.65056254,-18.68383789,LA12,2010-01-27,08:20:52 PM,20:20:00,Hot-Wet,2010-01-27 20:20:00
15.65071818,-18.68392131,LA12,2010-01-27,08:40:52 PM,20:40:00,Hot-Wet,2010-01-27 20:40:00
15.65028788,-18.68370565,LA12,2010-01-27,09:00:52 PM,21:00:00,Hot-Wet,2010-01-27 21:00:00
15.65059102,-18.68103638,LA12,2010-01-27,09:20:52 PM,21:20:00,Hot-Wet,2010-01-27 21:20:00
15.64976501,-18.68126017,LA12,2010-01-27,09:40:52 PM,21:40:00,Hot-Wet,2010-01-27 21:40:00
15.64968363,-18.68092651,LA12,2010-01-27,10:00:52 PM,22:00:00,Hot-Wet,2010-01-27 22:00:00
15.65067952,-18.68013306,LA12,2010-01-27,10:20:52 PM,22:20:00,Hot-Wet,2010-01-27 22:20:00
15.65005391,-18.6793925,LA12,2010-01-27,10:40:52 PM,22:40:00,Hot-Wet,2010-01-27 22:40:00
15.6500234,-18.67949422,LA12,2010-01-27,11:00:52 PM,23:00:00,Hot-Wet,2010-01-27 23:00:00
15.64953817,-18.67877808,LA12,2010-01-27,11:20:52 PM,23:20:00,Hot-Wet,2010-01-27 23:20:00
15.64876811,-18.678125,LA12,2010-01-27,11:40:52 PM,23:40:00,Hot-Wet,2010-01-27 23:40:00
15.64544373,-18.67578939,LA12,2010-01-28,12:00:52 AM,00:00:00,Hot-Wet,2010-01-28 00:00:00
15.64590963,-18.67561035,LA12,2010-01-28,12:20:52 AM,00:20:00,Hot-Wet,2010-01-28 00:20:00
15.64591471,-18.67564697,LA12,2010-01-28,12:40:52 AM,00:40:00,Hot-Wet,2010-01-28 00:40:00
15.64590861,-18.67563477,LA12,2010-01-28,01:00:52 AM,01:00:00,Hot-Wet,2010-01-28 01:00:00
15.64583639,-18.6755778,LA12,2010-01-28,01:20:52 AM,01:20:00,Hot-Wet,2010-01-28 01:20:00
15.64584452,-18.67530111,LA12,2010-01-28,01:40:52 AM,01:40:00,Hot-Wet,2010-01-28 01:40:00
15.64442647,-18.6730896,LA12,2010-01-28,02:00:52 AM,02:00:00,Hot-Wet,2010-01-28 02:00:00
15.64303589,-18.67279867,LA12,2010-01-28,02:20:52 AM,02:20:00,Hot-Wet,2010-01-28 02:20:00
15.64299215,-18.67281494,LA12,2010-01-28,02:40:52 AM,02:40:00,Hot-Wet,2010-01-28 02:40:00
15.6443868,-18.6733256,LA12,2010-01-28,03:00:52 AM,03:00:00,Hot-Wet,2010-01-28 03:00:00
15.64532572,-18.67326457,LA12,2010-01-28,03:20:52 AM,03:20:00,Hot-Wet,2010-01-28 03:20:00
15.64414469,-18.67218424,LA12,2010-01-28,03:40:52 AM,03:40:00,Hot-Wet,2010-01-28 03:40:00
15.64456685,-18.67116903,LA12,2010-01-28,04:00:52 AM,04:00:00,Hot-Wet,2010-01-28 04:00:00
15.6445048,-18.66836344,LA12,2010-01-28,04:20:52 AM,04:20:00,Hot-Wet,2010-01-28 04:20:00
15.64658101,-18.66712646,LA12,2010-01-28,04:40:52 AM,04:40:00,Hot-Wet,2010-01-28 04:40:00
15.65086873,-18.66479899,LA12,2010-01-28,05:00:52 AM,05:00:00,Hot-Wet,2010-01-28 05:00:00
15.6507843,-18.6634196,LA12,2010-01-28,05:20:52 AM,05:20:00,Hot-Wet,2010-01-28 05:20:00
15.65111694,-18.66109619,LA12,2010-01-28,05:40:52 AM,05:40:00,Hot-Wet,2010-01-28 05:40:00
15.65276896,-18.65991007,LA12,2010-01-28,06:00:52 AM,06:00:00,Hot-Wet,2010-01-28 06:00:00
15.6539978,-18.65908203,LA12,2010-01-28,06:20:52 AM,06:20:00,Hot-Wet,2010-01-28 06:20:00
15.65483297,-18.65930786,LA12,2010-01-28,06:40:52 AM,06:40:00,Hot-Wet,2010-01-28 06:40:00
15.65483398,-18.65930583,LA12,2010-01-28,07:00:52 AM,07:00:00,Hot-Wet,2010-01-28 07:00:00
15.65573629,-18.65930379,LA12,2010-01-28,07:20:52 AM,07:20:00,Hot-Wet,2010-01-28 07:20:00
15.66009623,-18.66054484,LA12,2010-01-28,07:40:52 AM,07:40:00,Hot-Wet,2010-01-28 07:40:00
15.66122335,-18.66102091,LA12,2010-01-28,08:00:52 AM,08:00:00,Hot-Wet,2010-01-28 08:00:00
15.66131694,-18.66114502,LA12,2010-01-28,08:20:52 AM,08:20:00,Hot-Wet,2010-01-28 08:20:00
15.66291504,-18.66745402,LA12,2010-01-28,08:40:52 AM,08:40:00,Hot-Wet,2010-01-28 08:40:00
15.66526082,-18.67204183,LA12,2010-01-28,09:00:52 AM,09:00:00,Hot-Wet,2010-01-28 09:00:00
15.67038981,-18.67722982,LA12,2010-01-28,09:20:52 AM,09:20:00,Hot-Wet,2010-01-28 09:20:00
15.67408549,-18.67636922,LA12,2010-01-28,09:40:53 AM,09:40:00,Hot-Wet,2010-01-28 09:40:00
15.67526652,-18.67651164,LA12,2010-01-28,10:00:52 AM,10:00:00,Hot-Wet,2010-01-28 10:00:00
15.67668152,-18.67626953,LA12,2010-01-28,10:20:52 AM,10:20:00,Hot-Wet,2010-01-28 10:20:00
15.67696533,-18.67603149,LA12,2010-01-28,10:40:52 AM,10:40:00,Hot-Wet,2010-01-28 10:40:00
15.67710164,-18.67585856,LA12,2010-01-28,11:01:02 AM,11:01:00,Hot-Wet,2010-01-28 11:01:00
15.68082072,-18.67494507,LA12,2010-01-28,11:20:52 AM,11:20:00,Hot-Wet,2010-01-28 11:20:00
15.68175456,-18.67507121,LA12,2010-01-28,11:40:52 AM,11:40:00,Hot-Wet,2010-01-28 11:40:00
15.68158569,-18.67478027,LA12,2010-01-28,12:00:52 PM,12:00:00,Hot-Wet,2010-01-28 12:00:00
15.68051656,-18.67612508,LA12,2010-01-28,12:20:52 PM,12:20:00,Hot-Wet,2010-01-28 12:20:00
15.6790446,-18.67515055,LA12,2010-01-28,12:40:52 PM,12:40:00,Hot-Wet,2010-01-28 12:40:00
15.67472229,-18.67607829,LA12,2010-01-28,01:00:52 PM,13:00:00,Hot-Wet,2010-01-28 13:00:00
15.67410787,-18.67641195,LA12,2010-01-28,01:20:52 PM,13:20:00,Hot-Wet,2010-01-28 13:20:00
15.66864726,-18.67839152,LA12,2010-01-28,01:40:52 PM,13:40:00,Hot-Wet,2010-01-28 13:40:00
15.66791484,-18.67952474,LA12,2010-01-28,02:00:52 PM,14:00:00,Hot-Wet,2010-01-28 14:00:00
15.66796265,-18.68014933,LA12,2010-01-28,02:20:52 PM,14:20:00,Hot-Wet,2010-01-28 14:20:00
15.66718038,-18.68054403,LA12,2010-01-28,02:40:52 PM,14:40:00,Hot-Wet,2010-01-28 14:40:00
15.66712952,-18.68083903,LA12,2010-01-28,03:00:52 PM,15:00:00,Hot-Wet,2010-01-28 15:00:00
15.66708272,-18.68082886,LA12,2010-01-28,03:20:52 PM,15:20:00,Hot-Wet,2010-01-28 15:20:00
15.66683451,-18.68115845,LA12,2010-01-28,03:40:52 PM,15:40:00,Hot-Wet,2010-01-28 15:40:00
15.66525574,-18.68179932,LA12,2010-01-28,04:00:52 PM,16:00:00,Hot-Wet,2010-01-28 16:00:00
15.66442769,-18.68178304,LA12,2010-01-28,04:20:52 PM,16:20:00,Hot-Wet,2010-01-28 16:20:00
15.66409505,-18.68258464,LA12,2010-01-28,04:40:52 PM,16:40:00,Hot-Wet,2010-01-28 16:40:00
15.65760193,-18.68150228,LA12,2010-01-28,05:00:52 PM,17:00:00,Hot-Wet,2010-01-28 17:00:00
15.65329997,-18.68528239,LA12,2010-01-28,05:20:52 PM,17:20:00,Hot-Wet,2010-01-28 17:20:00
15.64984945,-18.68783773,LA12,2010-01-28,05:40:52 PM,17:40:00,Hot-Wet,2010-01-28 17:40:00
15.64848226,-18.68813273,LA12,2010-01-28,06:00:52 PM,18:00:00,Hot-Wet,2010-01-28 18:00:00
15.64863383,-18.68873494,LA12,2010-01-28,06:20:52 PM,18:20:00,Hot-Wet,2010-01-28 18:20:00
15.64755961,-18.68910726,LA12,2010-01-28,06:40:52 PM,18:40:00,Hot-Wet,2010-01-28 18:40:00
15.64631551,-18.68783569,LA12,2010-01-28,07:00:52 PM,19:00:00,Hot-Wet,2010-01-28 19:00:00
15.64484558,-18.68677775,LA12,2010-01-28,07:20:52 PM,19:20:00,Hot-Wet,2010-01-28 19:20:00
15.64427287,-18.68578898,LA12,2010-01-28,07:40:52 PM,19:40:00,Hot-Wet,2010-01-28 19:40:00
15.64373983,-18.6850647,LA12,2010-01-28,08:00:52 PM,20:00:00,Hot-Wet,2010-01-28 20:00:00
15.64377645,-18.68454997,LA12,2010-01-28,08:20:52 PM,20:20:00,Hot-Wet,2010-01-28 20:20:00
15.64551188,-18.68545939,LA12,2010-01-28,08:40:52 PM,20:40:00,Hot-Wet,2010-01-28 20:40:00
15.64593201,-18.68578491,LA12,2010-01-28,09:00:52 PM,21:00:00,Hot-Wet,2010-01-28 21:00:00
15.64616801,-18.68815511,LA12,2010-01-28,09:20:52 PM,21:20:00,Hot-Wet,2010-01-28 21:20:00
15.64680888,-18.68808187,LA12,2010-01-28,09:40:52 PM,21:40:00,Hot-Wet,2010-01-28 21:40:00
15.64730225,-18.68792928,LA12,2010-01-28,10:00:52 PM,22:00:00,Hot-Wet,2010-01-28 22:00:00
15.64848124,-18.68809408,LA12,2010-01-28,10:20:52 PM,22:20:00,Hot-Wet,2010-01-28 22:20:00
15.65118103,-18.68731079,LA12,2010-01-28,10:40:52 PM,22:40:00,Hot-Wet,2010-01-28 22:40:00
15.65121358,-18.68654582,LA12,2010-01-28,11:00:52 PM,23:00:00,Hot-Wet,2010-01-28 23:00:00
15.65224508,-18.68068644,LA12,2010-01-28,11:20:52 PM,23:20:00,Hot-Wet,2010-01-28 23:20:00
15.65589701,-18.6760376,LA12,2010-01-28,11:40:52 PM,23:40:00,Hot-Wet,2010-01-28 23:40:00
15.65487467,-18.67485962,LA12,2010-01-29,12:00:52 AM,00:00:00,Hot-Wet,2010-01-29 00:00:00
15.65905355,-18.67401937,LA12,2010-01-29,12:20:52 AM,00:20:00,Hot-Wet,2010-01-29 00:20:00
15.66387126,-18.66761475,LA12,2010-01-29,12:40:52 AM,00:40:00,Hot-Wet,2010-01-29 00:40:00
15.6649058,-18.66817424,LA12,2010-01-29,01:00:52 AM,01:00:00,Hot-Wet,2010-01-29 01:00:00
15.66829631,-18.66869507,LA12,2010-01-29,01:20:52 AM,01:20:00,Hot-Wet,2010-01-29 01:20:00
15.67568359,-18.66832072,LA12,2010-01-29,01:40:52 AM,01:40:00,Hot-Wet,2010-01-29 01:40:00
15.68120931,-18.66749268,LA12,2010-01-29,02:00:52 AM,02:00:00,Hot-Wet,2010-01-29 02:00:00
15.68897603,-18.66550496,LA12,2010-01-29,02:20:52 AM,02:20:00,Hot-Wet,2010-01-29 02:20:00
15.69794312,-18.66634318,LA12,2010-01-29,02:40:52 AM,02:40:00,Hot-Wet,2010-01-29 02:40:00
15.70409241,-18.66856079,LA12,2010-01-29,03:00:52 AM,03:00:00,Hot-Wet,2010-01-29 03:00:00
15.70104574,-18.66290487,LA12,2010-01-29,03:20:52 AM,03:20:00,Hot-Wet,2010-01-29 03:20:00
15.70441081,-18.67016602,LA12,2010-01-29,03:40:52 AM,03:40:00,Hot-Wet,2010-01-29 03:40:00
15.7054718,-18.68263143,LA12,2010-01-29,04:00:52 AM,04:00:00,Hot-Wet,2010-01-29 04:00:00
15.70304565,-18.68894857,LA12,2010-01-29,04:20:52 AM,04:20:00,Hot-Wet,2010-01-29 04:20:00
15.701651,-18.6915507,LA12,2010-01-29,04:40:52 AM,04:40:00,Hot-Wet,2010-01-29 04:40:00
15.69767863,-18.68578491,LA12,2010-01-29,05:00:52 AM,05:00:00,Hot-Wet,2010-01-29 05:00:00
15.69525248,-18.67957153,LA12,2010-01-29,05:20:52 AM,05:20:00,Hot-Wet,2010-01-29 05:20:00
15.695165,-18.67444255,LA12,2010-01-29,05:40:52 AM,05:40:00,Hot-Wet,2010-01-29 05:40:00
15.69516602,-18.6674235,LA12,2010-01-29,06:00:52 AM,06:00:00,Hot-Wet,2010-01-29 06:00:00
15.68950195,-18.66557821,LA12,2010-01-29,06:20:52 AM,06:20:00,Hot-Wet,2010-01-29 06:20:00
15.68845927,-18.66513468,LA12,2010-01-29,06:40:52 AM,06:40:00,Hot-Wet,2010-01-29 06:40:00
15.68832092,-18.66497396,LA12,2010-01-29,07:00:52 AM,07:00:00,Hot-Wet,2010-01-29 07:00:00
15.68763835,-18.66524658,LA12,2010-01-29,07:20:52 AM,07:20:00,Hot-Wet,2010-01-29 07:20:00
15.68598735,-18.66716512,LA12,2010-01-29,07:40:52 AM,07:40:00,Hot-Wet,2010-01-29 07:40:00
15.68595988,-18.66726481,LA12,2010-01-29,08:00:52 AM,08:00:00,Hot-Wet,2010-01-29 08:00:00
15.68598429,-18.66727091,LA12,2010-01-29,08:20:52 AM,08:20:00,Hot-Wet,2010-01-29 08:20:00
15.68572489,-18.66760864,LA12,2010-01-29,08:40:52 AM,08:40:00,Hot-Wet,2010-01-29 08:40:00
15.68384603,-18.67053426,LA12,2010-01-29,09:00:52 AM,09:00:00,Hot-Wet,2010-01-29 09:00:00
15.68153483,-18.67478231,LA12,2010-01-29,09:20:52 AM,09:20:00,Hot-Wet,2010-01-29 09:20:00
15.67987467,-18.67763468,LA12,2010-01-29,09:40:52 AM,09:40:00,Hot-Wet,2010-01-29 09:40:00
15.67968547,-18.67936605,LA12,2010-01-29,10:00:52 AM,10:00:00,Hot-Wet,2010-01-29 10:00:00
15.67900085,-18.68097127,LA12,2010-01-29,10:20:52 AM,10:20:00,Hot-Wet,2010-01-29 10:20:00
15.67877299,-18.68242798,LA12,2010-01-29,10:40:52 AM,10:40:00,Hot-Wet,2010-01-29 10:40:00
15.67856038,-18.68291626,LA12,2010-01-29,11:00:52 AM,11:00:00,Hot-Wet,2010-01-29 11:00:00
15.67848002,-18.68472087,LA12,2010-01-29,11:20:52 AM,11:20:00,Hot-Wet,2010-01-29 11:20:00
15.678361,-18.68536377,LA12,2010-01-29,11:40:52 AM,11:40:00,Hot-Wet,2010-01-29 11:40:00
15.67850037,-18.68536174,LA12,2010-01-29,12:00:52 PM,12:00:00,Hot-Wet,2010-01-29 12:00:00
15.6791392,-18.68071493,LA12,2010-01-29,12:20:52 PM,12:20:00,Hot-Wet,2010-01-29 12:20:00
15.67776489,-18.67798869,LA12,2010-01-29,12:40:52 PM,12:40:00,Hot-Wet,2010-01-29 12:40:00
15.67304688,-18.67532756,LA12,2010-01-29,01:00:52 PM,13:00:00,Hot-Wet,2010-01-29 13:00:00
15.66919352,-18.67247111,LA12,2010-01-29,01:20:52 PM,13:20:00,Hot-Wet,2010-01-29 13:20:00
15.66411438,-18.67109985,LA12,2010-01-29,01:40:52 PM,13:40:00,Hot-Wet,2010-01-29 13:40:00
15.66053874,-18.6724528,LA12,2010-01-29,02:00:52 PM,14:00:00,Hot-Wet,2010-01-29 14:00:00
15.65848592,-18.67416178,LA12,2010-01-29,02:20:52 PM,14:20:00,Hot-Wet,2010-01-29 14:20:00
15.65375061,-18.67722778,LA12,2010-01-29,02:40:52 PM,14:40:00,Hot-Wet,2010-01-29 14:40:00
15.65033773,-18.67909749,LA12,2010-01-29,03:00:52 PM,15:00:00,Hot-Wet,2010-01-29 15:00:00
15.65022888,-18.67953288,LA12,2010-01-29,03:20:52 PM,15:20:00,Hot-Wet,2010-01-29 15:20:00
15.65235291,-18.67989299,LA12,2010-01-29,03:40:52 PM,15:40:00,Hot-Wet,2010-01-29 15:40:00
15.65058085,-18.68117269,LA12,2010-01-29,04:00:52 PM,16:00:00,Hot-Wet,2010-01-29 16:00:00
15.65047404,-18.680896,LA12,2010-01-29,04:20:52 PM,16:20:00,Hot-Wet,2010-01-29 16:20:00
15.6488739,-18.68285116,LA12,2010-01-29,04:40:52 PM,16:40:00,Hot-Wet,2010-01-29 16:40:00
15.64886882,-18.68674113,LA12,2010-01-29,05:00:52 PM,17:00:00,Hot-Wet,2010-01-29 17:00:00
15.65054321,-18.68844604,LA12,2010-01-29,05:20:52 PM,17:20:00,Hot-Wet,2010-01-29 17:20:00
15.64914042,-18.69127197,LA12,2010-01-29,05:40:52 PM,17:40:00,Hot-Wet,2010-01-29 17:40:00
15.64960836,-18.69285075,LA12,2010-01-29,06:00:52 PM,18:00:00,Hot-Wet,2010-01-29 18:00:00
15.65037537,-18.69364624,LA12,2010-01-29,06:20:52 PM,18:20:00,Hot-Wet,2010-01-29 18:20:00
15.65276794,-18.69355469,LA12,2010-01-29,06:40:52 PM,18:40:00,Hot-Wet,2010-01-29 18:40:00
15.65293884,-18.68912354,LA12,2010-01-29,07:00:52 PM,19:00:00,Hot-Wet,2010-01-29 19:00:00
15.66083272,-18.68215942,LA12,2010-01-29,07:20:52 PM,19:20:00,Hot-Wet,2010-01-29 19:20:00
15.65807393,-18.67835693,LA12,2010-01-29,07:40:52 PM,19:40:00,Hot-Wet,2010-01-29 19:40:00
15.66240031,-18.68028361,LA12,2010-01-29,08:00:52 PM,20:00:00,Hot-Wet,2010-01-29 20:00:00
15.66474508,-18.68172811,LA12,2010-01-29,08:20:52 PM,20:20:00,Hot-Wet,2010-01-29 20:20:00
15.66520589,-18.68186646,LA12,2010-01-29,08:40:52 PM,20:40:00,Hot-Wet,2010-01-29 20:40:00
15.66499532,-18.68023071,LA12,2010-01-29,09:00:52 PM,21:00:00,Hot-Wet,2010-01-29 21:00:00
15.66220805,-18.68173421,LA12,2010-01-29,09:20:52 PM,21:20:00,Hot-Wet,2010-01-29 21:20:00
15.66229146,-18.68254598,LA12,2010-01-29,09:40:52 PM,21:40:00,Hot-Wet,2010-01-29 21:40:00
15.66248983,-18.68267822,LA12,2010-01-29,10:00:52 PM,22:00:00,Hot-Wet,2010-01-29 22:00:00
15.66590169,-18.68464762,LA12,2010-01-29,10:20:52 PM,22:20:00,Hot-Wet,2010-01-29 22:20:00
15.66929932,-18.69150391,LA12,2010-01-29,10:40:52 PM,22:40:00,Hot-Wet,2010-01-29 22:40:00
15.66519775,-18.69893392,LA12,2010-01-29,11:00:52 PM,23:00:00,Hot-Wet,2010-01-29 23:00:00
15.6671814,-18.70130615,LA12,2010-01-29,11:20:52 PM,23:20:00,Hot-Wet,2010-01-29 23:20:00
15.66811523,-18.70309245,LA12,2010-01-29,11:40:52 PM,23:40:00,Hot-Wet,2010-01-29 23:40:00
15.66996257,-18.70337524,LA12,2010-01-30,12:00:52 AM,00:00:00,Hot-Wet,2010-01-30 00:00:00
15.67035014,-18.70459798,LA12,2010-01-30,12:20:53 AM,00:20:00,Hot-Wet,2010-01-30 00:20:00
15.67025757,-18.70539551,LA12,2010-01-30,12:40:52 AM,00:40:00,Hot-Wet,2010-01-30 00:40:00
15.67683818,-18.70666707,LA12,2010-01-30,01:00:52 AM,01:00:00,Hot-Wet,2010-01-30 01:00:00
15.6765686,-18.70647176,LA12,2010-01-30,01:20:52 AM,01:20:00,Hot-Wet,2010-01-30 01:20:00
15.66956584,-18.70151774,LA12,2010-01-30,01:40:52 AM,01:40:00,Hot-Wet,2010-01-30 01:40:00
15.67442118,-18.70144246,LA12,2010-01-30,02:00:52 AM,02:00:00,Hot-Wet,2010-01-30 02:00:00
15.67532552,-18.70096842,LA12,2010-01-30,02:20:52 AM,02:20:00,Hot-Wet,2010-01-30 02:20:00
15.67538656,-18.70082194,LA12,2010-01-30,02:40:52 AM,02:40:00,Hot-Wet,2010-01-30 02:40:00
15.67551473,-18.70061239,LA12,2010-01-30,03:00:53 AM,03:00:00,Hot-Wet,2010-01-30 03:00:00
15.67643636,-18.69993896,LA12,2010-01-30,03:20:52 AM,03:20:00,Hot-Wet,2010-01-30 03:20:00
15.67643026,-18.69993286,LA12,2010-01-30,03:40:52 AM,03:40:00,Hot-Wet,2010-01-30 03:40:00
15.67645976,-18.69995524,LA12,2010-01-30,04:00:52 AM,04:00:00,Hot-Wet,2010-01-30 04:00:00
15.67644958,-18.69996338,LA12,2010-01-30,04:20:52 AM,04:20:00,Hot-Wet,2010-01-30 04:20:00
15.67650045,-18.69896444,LA12,2010-01-30,04:40:52 AM,04:40:00,Hot-Wet,2010-01-30 04:40:00
15.67596842,-18.69603475,LA12,2010-01-30,05:00:52 AM,05:00:00,Hot-Wet,2010-01-30 05:00:00
15.67514445,-18.69466553,LA12,2010-01-30,05:20:52 AM,05:20:00,Hot-Wet,2010-01-30 05:20:00
15.67568868,-18.69218953,LA12,2010-01-30,05:40:52 AM,05:40:00,Hot-Wet,2010-01-30 05:40:00
15.67595622,-18.69121704,LA12,2010-01-30,06:00:52 AM,06:00:00,Hot-Wet,2010-01-30 06:00:00
15.67727051,-18.68866374,LA12,2010-01-30,06:20:52 AM,06:20:00,Hot-Wet,2010-01-30 06:20:00
15.67971497,-18.68514608,LA12,2010-01-30,06:40:52 AM,06:40:00,Hot-Wet,2010-01-30 06:40:00
15.67945862,-18.68371785,LA12,2010-01-30,07:00:52 AM,07:00:00,Hot-Wet,2010-01-30 07:00:00
15.67887166,-18.68058879,LA12,2010-01-30,07:20:52 AM,07:20:00,Hot-Wet,2010-01-30 07:20:00
15.6790151,-18.67964274,LA12,2010-01-30,07:40:52 AM,07:40:00,Hot-Wet,2010-01-30 07:40:00
15.67985433,-18.67844645,LA12,2010-01-30,08:00:52 AM,08:00:00,Hot-Wet,2010-01-30 08:00:00
15.68107808,-18.67526042,LA12,2010-01-30,08:20:52 AM,08:20:00,Hot-Wet,2010-01-30 08:20:00
15.6853007,-18.67206014,LA12,2010-01-30,08:40:52 AM,08:40:00,Hot-Wet,2010-01-30 08:40:00
15.69172567,-18.66690877,LA12,2010-01-30,09:00:52 AM,09:00:00,Hot-Wet,2010-01-30 09:00:00
15.68846944,-18.66247152,LA12,2010-01-30,09:20:52 AM,09:20:00,Hot-Wet,2010-01-30 09:20:00
15.68658244,-18.66115723,LA12,2010-01-30,09:40:52 AM,09:40:00,Hot-Wet,2010-01-30 09:40:00
15.68660583,-18.6611613,LA12,2010-01-30,10:00:52 AM,10:00:00,Hot-Wet,2010-01-30 10:00:00
15.68660685,-18.6611613,LA12,2010-01-30,10:20:52 AM,10:20:00,Hot-Wet,2010-01-30 10:20:00
15.68641764,-18.66222738,LA12,2010-01-30,10:40:52 AM,10:40:00,Hot-Wet,2010-01-30 10:40:00
15.68530273,-18.66595256,LA12,2010-01-30,11:00:52 AM,11:00:00,Hot-Wet,2010-01-30 11:00:00
15.68019613,-18.67242839,LA12,2010-01-30,11:20:52 AM,11:20:00,Hot-Wet,2010-01-30 11:20:00
15.67903442,-18.67332357,LA12,2010-01-30,11:40:52 AM,11:40:00,Hot-Wet,2010-01-30 11:40:00
15.67750346,-18.67467855,LA12,2010-01-30,12:00:52 PM,12:00:00,Hot-Wet,2010-01-30 12:00:00
15.67597555,-18.67579549,LA12,2010-01-30,12:20:52 PM,12:20:00,Hot-Wet,2010-01-30 12:20:00
15.67412109,-18.6763855,LA12,2010-01-30,12:40:52 PM,12:40:00,Hot-Wet,2010-01-30 12:40:00
15.6741394,-18.67642822,LA12,2010-01-30,01:02:23 PM,13:02:00,Hot-Wet,2010-01-30 13:02:00
15.67361654,-18.67812093,LA12,2010-01-30,01:20:52 PM,13:20:00,Hot-Wet,2010-01-30 13:20:00
15.67221069,-18.67949626,LA12,2010-01-30,01:40:52 PM,13:40:00,Hot-Wet,2010-01-30 13:40:00
15.67163188,-18.67931112,LA12,2010-01-30,02:00:52 PM,14:00:00,Hot-Wet,2010-01-30 14:00:00
15.67162882,-18.67930501,LA12,2010-01-30,02:20:52 PM,14:20:00,Hot-Wet,2010-01-30 14:20:00
15.67162577,-18.67930705,LA12,2010-01-30,02:40:52 PM,14:40:00,Hot-Wet,2010-01-30 14:40:00
15.67162781,-18.67929688,LA12,2010-01-30,03:00:52 PM,15:00:00,Hot-Wet,2010-01-30 15:00:00
15.66948242,-18.68015137,LA12,2010-01-30,03:20:52 PM,15:20:00,Hot-Wet,2010-01-30 15:20:00
15.66586405,-18.681604,LA12,2010-01-30,03:40:52 PM,15:40:00,Hot-Wet,2010-01-30 15:40:00
15.66506653,-18.68163859,LA12,2010-01-30,04:00:52 PM,16:00:00,Hot-Wet,2010-01-30 16:00:00
15.66428426,-18.6818278,LA12,2010-01-30,04:20:52 PM,16:20:00,Hot-Wet,2010-01-30 16:20:00
15.6643219,-18.68200073,LA12,2010-01-30,04:40:52 PM,16:40:00,Hot-Wet,2010-01-30 16:40:00
15.66330058,-18.68331095,LA12,2010-01-30,05:00:52 PM,17:00:00,Hot-Wet,2010-01-30 17:00:00
15.66298726,-18.68347168,LA12,2010-01-30,05:20:52 PM,17:20:00,Hot-Wet,2010-01-30 17:20:00
15.6627004,-18.68238118,LA12,2010-01-30,05:40:52 PM,17:40:00,Hot-Wet,2010-01-30 17:40:00
15.66159973,-18.68306681,LA12,2010-01-30,06:00:52 PM,18:00:00,Hot-Wet,2010-01-30 18:00:00
15.661144,-18.6832133,LA12,2010-01-30,06:20:52 PM,18:20:00,Hot-Wet,2010-01-30 18:20:00
15.66062724,-18.68298543,LA12,2010-01-30,06:40:52 PM,18:40:00,Hot-Wet,2010-01-30 18:40:00
15.6599233,-18.68283691,LA12,2010-01-30,07:00:52 PM,19:00:00,Hot-Wet,2010-01-30 19:00:00
15.65920207,-18.68208822,LA12,2010-01-30,07:20:52 PM,19:20:00,Hot-Wet,2010-01-30 19:20:00
15.65911357,-18.68262939,LA12,2010-01-30,07:40:52 PM,19:40:00,Hot-Wet,2010-01-30 19:40:00
15.65695292,-18.68238322,LA12,2010-01-30,08:00:52 PM,20:00:00,Hot-Wet,2010-01-30 20:00:00
15.65686849,-18.68279826,LA12,2010-01-30,08:20:52 PM,20:20:00,Hot-Wet,2010-01-30 20:20:00
15.65605876,-18.68284098,LA12,2010-01-30,08:40:52 PM,20:40:00,Hot-Wet,2010-01-30 20:40:00
15.65603638,-18.68266195,LA12,2010-01-30,09:00:52 PM,21:00:00,Hot-Wet,2010-01-30 21:00:00
15.65540059,-18.68285319,LA12,2010-01-30,09:20:52 PM,21:20:00,Hot-Wet,2010-01-30 21:20:00
15.65537821,-18.6822998,LA12,2010-01-30,09:40:52 PM,21:40:00,Hot-Wet,2010-01-30 21:40:00
15.6548055,-18.68242798,LA12,2010-01-30,10:00:52 PM,22:00:00,Hot-Wet,2010-01-30 22:00:00
15.65482686,-18.68205973,LA12,2010-01-30,10:20:52 PM,22:20:00,Hot-Wet,2010-01-30 22:20:00
15.65452271,-18.68229167,LA12,2010-01-30,10:40:52 PM,22:40:00,Hot-Wet,2010-01-30 22:40:00
15.65420125,-18.68269246,LA12,2010-01-30,11:00:52 PM,23:00:00,Hot-Wet,2010-01-30 23:00:00
15.65466003,-18.68154297,LA12,2010-01-30,11:20:52 PM,23:20:00,Hot-Wet,2010-01-30 23:20:00
15.65646566,-18.68212891,LA12,2010-01-30,11:40:52 PM,23:40:00,Hot-Wet,2010-01-30 23:40:00
15.6575297,-18.68046061,LA12,2010-01-31,12:00:52 AM,00:00:00,Hot-Wet,2010-01-31 00:00:00
15.65757751,-18.68036906,LA12,2010-01-31,12:20:52 AM,00:20:00,Hot-Wet,2010-01-31 00:20:00
15.65758057,-18.68034871,LA12,2010-01-31,12:40:52 AM,00:40:00,Hot-Wet,2010-01-31 00:40:00
15.65760498,-18.68035482,LA12,2010-01-31,01:00:52 AM,01:00:00,Hot-Wet,2010-01-31 01:00:00
15.66022237,-18.68003337,LA12,2010-01-31,01:20:52 AM,01:20:00,Hot-Wet,2010-01-31 01:20:00
15.66377462,-18.67977295,LA12,2010-01-31,01:40:52 AM,01:40:00,Hot-Wet,2010-01-31 01:40:00
15.66959635,-18.67793579,LA12,2010-01-31,02:00:52 AM,02:00:00,Hot-Wet,2010-01-31 02:00:00
15.67653402,-18.67478434,LA12,2010-01-31,02:20:52 AM,02:20:00,Hot-Wet,2010-01-31 02:20:00
15.68259888,-18.67249146,LA12,2010-01-31,02:40:52 AM,02:40:00,Hot-Wet,2010-01-31 02:40:00
15.68954264,-18.66766968,LA12,2010-01-31,03:00:52 AM,03:00:00,Hot-Wet,2010-01-31 03:00:00
15.69515177,-18.66781616,LA12,2010-01-31,03:20:52 AM,03:20:00,Hot-Wet,2010-01-31 03:20:00
15.70273438,-18.66705526,LA12,2010-01-31,03:40:52 AM,03:40:00,Hot-Wet,2010-01-31 03:40:00
15.70410563,-18.6650472,LA12,2010-01-31,04:00:52 AM,04:00:00,Hot-Wet,2010-01-31 04:00:00
15.70411479,-18.66508179,LA12,2010-01-31,04:20:52 AM,04:20:00,Hot-Wet,2010-01-31 04:20:00
15.70409749,-18.66503703,LA12,2010-01-31,04:40:52 AM,04:40:00,Hot-Wet,2010-01-31 04:40:00
15.70407918,-18.66507365,LA12,2010-01-31,05:00:52 AM,05:00:00,Hot-Wet,2010-01-31 05:00:00
15.70410868,-18.66505941,LA12,2010-01-31,05:20:52 AM,05:20:00,Hot-Wet,2010-01-31 05:20:00
15.70406698,-18.66505534,LA12,2010-01-31,05:40:52 AM,05:40:00,Hot-Wet,2010-01-31 05:40:00
15.70409241,-18.66506348,LA12,2010-01-31,06:00:52 AM,06:00:00,Hot-Wet,2010-01-31 06:00:00
15.70410156,-18.6651001,LA12,2010-01-31,06:20:52 AM,06:20:00,Hot-Wet,2010-01-31 06:20:00
15.7041331,-18.66507975,LA12,2010-01-31,06:40:52 AM,06:40:00,Hot-Wet,2010-01-31 06:40:00
15.70318807,-18.6650472,LA12,2010-01-31,07:00:52 AM,07:00:00,Hot-Wet,2010-01-31 07:00:00
15.69914347,-18.66581624,LA12,2010-01-31,07:20:52 AM,07:20:00,Hot-Wet,2010-01-31 07:20:00
15.69477234,-18.66686808,LA12,2010-01-31,07:40:52 AM,07:40:00,Hot-Wet,2010-01-31 07:40:00
15.69243673,-18.66700033,LA12,2010-01-31,08:00:52 AM,08:00:00,Hot-Wet,2010-01-31 08:00:00
15.68863322,-18.66561076,LA12,2010-01-31,08:20:52 AM,08:20:00,Hot-Wet,2010-01-31 08:20:00
15.68555501,-18.66611735,LA12,2010-01-31,08:40:52 AM,08:40:00,Hot-Wet,2010-01-31 08:40:00
15.6825002,-18.67095337,LA12,2010-01-31,09:00:52 AM,09:00:00,Hot-Wet,2010-01-31 09:00:00
15.67902629,-18.67333374,LA12,2010-01-31,09:20:52 AM,09:20:00,Hot-Wet,2010-01-31 09:20:00
15.68154093,-18.67480672,LA12,2010-01-31,09:40:52 AM,09:40:00,Hot-Wet,2010-01-31 09:40:00
15.68145243,-18.67479655,LA12,2010-01-31,10:00:52 AM,10:00:00,Hot-Wet,2010-01-31 10:00:00
15.68022054,-18.67592773,LA12,2010-01-31,10:20:52 AM,10:20:00,Hot-Wet,2010-01-31 10:20:00
15.67889201,-18.68026937,LA12,2010-01-31,10:40:52 AM,10:40:00,Hot-Wet,2010-01-31 10:40:00
15.67875875,-18.68392537,LA12,2010-01-31,11:00:52 AM,11:00:00,Hot-Wet,2010-01-31 11:00:00
15.67872213,-18.68510539,LA12,2010-01-31,11:20:52 AM,11:20:00,Hot-Wet,2010-01-31 11:20:00
15.67868754,-18.68560791,LA12,2010-01-31,11:40:52 AM,11:40:00,Hot-Wet,2010-01-31 11:40:00
15.67841899,-18.68540243,LA12,2010-01-31,12:00:52 PM,12:00:00,Hot-Wet,2010-01-31 12:00:00
15.67835083,-18.68539225,LA12,2010-01-31,12:20:52 PM,12:20:00,Hot-Wet,2010-01-31 12:20:00
15.67839355,-18.68540039,LA12,2010-01-31,12:40:52 PM,12:40:00,Hot-Wet,2010-01-31 12:40:00
15.67838542,-18.68541056,LA12,2010-01-31,01:00:52 PM,13:00:00,Hot-Wet,2010-01-31 13:00:00
15.67838033,-18.68541667,LA12,2010-01-31,01:20:52 PM,13:20:00,Hot-Wet,2010-01-31 13:20:00
15.67840068,-18.68540243,LA12,2010-01-31,01:40:52 PM,13:40:00,Hot-Wet,2010-01-31 13:40:00
15.67841187,-18.68540649,LA12,2010-01-31,02:00:52 PM,14:00:00,Hot-Wet,2010-01-31 14:00:00
15.67841187,-18.68524984,LA12,2010-01-31,02:20:52 PM,14:20:00,Hot-Wet,2010-01-31 14:20:00
15.67840474,-18.6852417,LA12,2010-01-31,02:40:52 PM,14:40:00,Hot-Wet,2010-01-31 14:40:00
15.67821045,-18.68568319,LA12,2010-01-31,03:00:52 PM,15:00:00,Hot-Wet,2010-01-31 15:00:00
15.67815043,-18.68569743,LA12,2010-01-31,03:20:52 PM,15:20:00,Hot-Wet,2010-01-31 15:20:00
15.67821045,-18.6858256,LA12,2010-01-31,03:40:52 PM,15:40:00,Hot-Wet,2010-01-31 15:40:00
15.67837931,-18.68618368,LA12,2010-01-31,04:00:52 PM,16:00:00,Hot-Wet,2010-01-31 16:00:00
15.67906189,-18.68544922,LA12,2010-01-31,04:20:52 PM,16:20:00,Hot-Wet,2010-01-31 16:20:00
15.6785024,-18.68080648,LA12,2010-01-31,04:40:52 PM,16:40:00,Hot-Wet,2010-01-31 16:40:00
15.67249044,-18.68049723,LA12,2010-01-31,05:00:52 PM,17:00:00,Hot-Wet,2010-01-31 17:00:00
15.66861165,-18.68212484,LA12,2010-01-31,05:20:52 PM,17:20:00,Hot-Wet,2010-01-31 17:20:00
15.66811829,-18.6826945,LA12,2010-01-31,05:40:52 PM,17:40:00,Hot-Wet,2010-01-31 17:40:00
15.66912842,-18.68332316,LA12,2010-01-31,06:00:52 PM,18:00:00,Hot-Wet,2010-01-31 18:00:00
15.6690155,-18.68379517,LA12,2010-01-31,06:20:52 PM,18:20:00,Hot-Wet,2010-01-31 18:20:00
15.66730652,-18.68304647,LA12,2010-01-31,06:40:52 PM,18:40:00,Hot-Wet,2010-01-31 18:40:00
15.665625,-18.6829895,LA12,2010-01-31,07:00:52 PM,19:00:00,Hot-Wet,2010-01-31 19:00:00
15.66533508,-18.68331299,LA12,2010-01-31,07:20:52 PM,19:20:00,Hot-Wet,2010-01-31 19:20:00
15.66481628,-18.68347575,LA12,2010-01-31,07:40:52 PM,19:40:00,Hot-Wet,2010-01-31 19:40:00
15.66466878,-18.68291829,LA12,2010-01-31,08:00:52 PM,20:00:00,Hot-Wet,2010-01-31 20:00:00
15.66432597,-18.68199056,LA12,2010-01-31,08:20:52 PM,20:20:00,Hot-Wet,2010-01-31 20:20:00
15.66383464,-18.68149414,LA12,2010-01-31,08:40:52 PM,20:40:00,Hot-Wet,2010-01-31 20:40:00
15.66269023,-18.68163859,LA12,2010-01-31,09:00:52 PM,21:00:00,Hot-Wet,2010-01-31 21:00:00
15.6568044,-18.68137614,LA12,2010-01-31,09:20:52 PM,21:20:00,Hot-Wet,2010-01-31 21:20:00
15.65323792,-18.68064779,LA12,2010-01-31,09:40:52 PM,21:40:00,Hot-Wet,2010-01-31 21:40:00
15.65048421,-18.67901204,LA12,2010-01-31,10:00:52 PM,22:00:00,Hot-Wet,2010-01-31 22:00:00
15.65014445,-18.67909546,LA12,2010-01-31,10:20:52 PM,22:20:00,Hot-Wet,2010-01-31 22:20:00
15.64925639,-18.6790446,LA12,2010-01-31,10:40:52 PM,22:40:00,Hot-Wet,2010-01-31 22:40:00
15.64605815,-18.67770182,LA12,2010-01-31,11:00:52 PM,23:00:00,Hot-Wet,2010-01-31 23:00:00
15.64558512,-18.67738444,LA12,2010-01-31,11:20:52 PM,23:20:00,Hot-Wet,2010-01-31 23:20:00
15.64411621,-18.67749634,LA12,2010-01-31,11:40:52 PM,23:40:00,Hot-Wet,2010-01-31 23:40:00
15.64370728,-18.67762044,LA12,2010-02-01,12:00:00 AM,00:00:00,Hot-Wet,2010-02-01 00:00:00
15.64353231,-18.67641602,LA12,2010-02-01,12:20:00 AM,00:20:00,Hot-Wet,2010-02-01 00:20:00
15.64292094,-18.67591756,LA12,2010-02-01,12:40:00 AM,00:40:00,Hot-Wet,2010-02-01 00:40:00
15.64327596,-18.67466838,LA12,2010-02-01,01:00:00 AM,01:00:00,Hot-Wet,2010-02-01 01:00:00
15.64367167,-18.67170207,LA12,2010-02-01,01:20:00 AM,01:20:00,Hot-Wet,2010-02-01 01:20:00
15.64601847,-18.66902262,LA12,2010-02-01,01:40:00 AM,01:40:00,Hot-Wet,2010-02-01 01:40:00
15.64540405,-18.66805827,LA12,2010-02-01,02:00:00 AM,02:00:00,Hot-Wet,2010-02-01 02:00:00
15.64504801,-18.66636759,LA12,2010-02-01,02:20:00 AM,02:20:00,Hot-Wet,2010-02-01 02:20:00
15.64506531,-18.66635539,LA12,2010-02-01,02:40:00 AM,02:40:00,Hot-Wet,2010-02-01 02:40:00
15.64515991,-18.66656698,LA12,2010-02-01,03:00:00 AM,03:00:00,Hot-Wet,2010-02-01 03:00:00
15.64450277,-18.66582642,LA12,2010-02-01,03:20:00 AM,03:20:00,Hot-Wet,2010-02-01 03:20:00
15.64426066,-18.66600342,LA12,2010-02-01,03:40:00 AM,03:40:00,Hot-Wet,2010-02-01 03:40:00
15.64578857,-18.66337891,LA12,2010-02-01,04:00:00 AM,04:00:00,Hot-Wet,2010-02-01 04:00:00
15.65094808,-18.66009318,LA12,2010-02-01,04:20:00 AM,04:20:00,Hot-Wet,2010-02-01 04:20:00
15.6565918,-18.65841878,LA12,2010-02-01,04:40:00 AM,04:40:00,Hot-Wet,2010-02-01 04:40:00
15.65920512,-18.65641276,LA12,2010-02-01,05:00:00 AM,05:00:00,Hot-Wet,2010-02-01 05:00:00
15.66203613,-18.65855509,LA12,2010-02-01,05:20:00 AM,05:20:00,Hot-Wet,2010-02-01 05:20:00
15.6620341,-18.65789388,LA12,2010-02-01,05:40:00 AM,05:40:00,Hot-Wet,2010-02-01 05:40:00
15.66424967,-18.65856323,LA12,2010-02-01,06:00:00 AM,06:00:00,Hot-Wet,2010-02-01 06:00:00
15.66488953,-18.65897013,LA12,2010-02-01,06:20:00 AM,06:20:00,Hot-Wet,2010-02-01 06:20:00
15.66651001,-18.65933228,LA12,2010-02-01,06:40:00 AM,06:40:00,Hot-Wet,2010-02-01 06:40:00
15.6680603,-18.65981649,LA12,2010-02-01,07:00:00 AM,07:00:00,Hot-Wet,2010-02-01 07:00:00
15.67627869,-18.66010539,LA12,2010-02-01,07:20:00 AM,07:20:00,Hot-Wet,2010-02-01 07:20:00
15.67647909,-18.65983683,LA12,2010-02-01,07:40:00 AM,07:40:00,Hot-Wet,2010-02-01 07:40:00
15.68047282,-18.6597229,LA12,2010-02-01,08:00:00 AM,08:00:00,Hot-Wet,2010-02-01 08:00:00
15.68735657,-18.6586853,LA12,2010-02-01,08:20:00 AM,08:20:00,Hot-Wet,2010-02-01 08:20:00
15.69194946,-18.65888062,LA12,2010-02-01,08:40:00 AM,08:40:00,Hot-Wet,2010-02-01 08:40:00
15.69788208,-18.65973104,LA12,2010-02-01,09:00:00 AM,09:00:00,Hot-Wet,2010-02-01 09:00:00
15.69970296,-18.66100057,LA12,2010-02-01,09:20:00 AM,09:20:00,Hot-Wet,2010-02-01 09:20:00
15.70318909,-18.66333618,LA12,2010-02-01,09:40:00 AM,09:40:00,Hot-Wet,2010-02-01 09:40:00
15.70943807,-18.66614176,LA12,2010-02-01,10:00:00 AM,10:00:00,Hot-Wet,2010-02-01 10:00:00
15.71177063,-18.66859334,LA12,2010-02-01,10:20:00 AM,10:20:00,Hot-Wet,2010-02-01 10:20:00
15.71257731,-18.66863607,LA12,2010-02-01,10:40:00 AM,10:40:00,Hot-Wet,2010-02-01 10:40:00
15.71221517,-18.66804403,LA12,2010-02-01,11:00:00 AM,11:00:00,Hot-Wet,2010-02-01 11:00:00
15.71176554,-18.66858317,LA12,2010-02-01,11:20:00 AM,11:20:00,Hot-Wet,2010-02-01 11:20:00
15.71146749,-18.66736857,LA12,2010-02-01,11:40:00 AM,11:40:00,Hot-Wet,2010-02-01 11:40:00
15.71290995,-18.66515706,LA12,2010-02-01,12:00:00 PM,12:00:00,Hot-Wet,2010-02-01 12:00:00
15.71289469,-18.6649231,LA12,2010-02-01,12:20:00 PM,12:20:00,Hot-Wet,2010-02-01 12:20:00
15.71289571,-18.66493734,LA12,2010-02-01,12:40:00 PM,12:40:00,Hot-Wet,2010-02-01 12:40:00
15.71280924,-18.66495972,LA12,2010-02-01,01:00:00 PM,13:00:00,Hot-Wet,2010-02-01 13:00:00
15.71152852,-18.66749878,LA12,2010-02-01,01:20:00 PM,13:20:00,Hot-Wet,2010-02-01 13:20:00
15.70998637,-18.66808472,LA12,2010-02-01,01:40:00 PM,13:40:00,Hot-Wet,2010-02-01 13:40:00
15.70997416,-18.66806234,LA12,2010-02-01,02:00:00 PM,14:00:00,Hot-Wet,2010-02-01 14:00:00
15.7100057,-18.66807251,LA12,2010-02-01,02:20:00 PM,14:20:00,Hot-Wet,2010-02-01 14:20:00
15.70999349,-18.66807454,LA12,2010-02-01,02:40:00 PM,14:40:00,Hot-Wet,2010-02-01 14:40:00
15.7099294,-18.66827189,LA12,2010-02-01,03:00:00 PM,15:00:00,Hot-Wet,2010-02-01 15:00:00
15.70988871,-18.67086792,LA12,2010-02-01,03:20:00 PM,15:20:00,Hot-Wet,2010-02-01 15:20:00
15.70966797,-18.67086589,LA12,2010-02-01,03:40:00 PM,15:40:00,Hot-Wet,2010-02-01 15:40:00
15.71214294,-18.66904704,LA12,2010-02-01,04:00:00 PM,16:00:00,Hot-Wet,2010-02-01 16:00:00
15.7125885,-18.67118734,LA12,2010-02-01,04:20:00 PM,16:20:00,Hot-Wet,2010-02-01 16:20:00
15.70985311,-18.67286174,LA12,2010-02-01,04:40:00 PM,16:40:00,Hot-Wet,2010-02-01 16:40:00
15.70529989,-18.67469889,LA12,2010-02-01,05:00:00 PM,17:00:00,Hot-Wet,2010-02-01 17:00:00
15.70181376,-18.67387899,LA12,2010-02-01,05:20:00 PM,17:20:00,Hot-Wet,2010-02-01 17:20:00
15.70145671,-18.67389933,LA12,2010-02-01,05:40:00 PM,17:40:00,Hot-Wet,2010-02-01 17:40:00
15.69867147,-18.67664795,LA12,2010-02-01,06:00:00 PM,18:00:00,Hot-Wet,2010-02-01 18:00:00
15.69282023,-18.68228556,LA12,2010-02-01,06:20:00 PM,18:20:00,Hot-Wet,2010-02-01 18:20:00
15.68547058,-18.68460083,LA12,2010-02-01,06:40:00 PM,18:40:00,Hot-Wet,2010-02-01 18:40:00
15.68341268,-18.68470459,LA12,2010-02-01,07:00:00 PM,19:00:00,Hot-Wet,2010-02-01 19:00:00
15.68025818,-18.68557943,LA12,2010-02-01,07:20:00 PM,19:20:00,Hot-Wet,2010-02-01 19:20:00
15.67978414,-18.68562826,LA12,2010-02-01,07:40:00 PM,19:40:00,Hot-Wet,2010-02-01 19:40:00
15.67931519,-18.6857666,LA12,2010-02-01,08:00:00 PM,20:00:00,Hot-Wet,2010-02-01 20:00:00
15.67771606,-18.68738403,LA12,2010-02-01,08:20:00 PM,20:20:00,Hot-Wet,2010-02-01 20:20:00
15.67364197,-18.69184774,LA12,2010-02-01,08:40:00 PM,20:40:00,Hot-Wet,2010-02-01 20:40:00
15.66665955,-18.69802856,LA12,2010-02-01,09:00:00 PM,21:00:00,Hot-Wet,2010-02-01 21:00:00
15.66014506,-18.69682821,LA12,2010-02-01,09:20:00 PM,21:20:00,Hot-Wet,2010-02-01 21:20:00
15.65908508,-18.70581258,LA12,2010-02-01,09:40:00 PM,21:40:00,Hot-Wet,2010-02-01 21:40:00
15.65206604,-18.7106547,LA12,2010-02-01,10:00:00 PM,22:00:00,Hot-Wet,2010-02-01 22:00:00
15.64455566,-18.71307983,LA12,2010-02-01,10:20:00 PM,22:20:00,Hot-Wet,2010-02-01 22:20:00
15.64074605,-18.71970622,LA12,2010-02-01,10:40:00 PM,22:40:00,Hot-Wet,2010-02-01 22:40:00
15.64018046,-18.72247518,LA12,2010-02-01,11:00:00 PM,23:00:00,Hot-Wet,2010-02-01 23:00:00
15.63941956,-18.7235494,LA12,2010-02-01,11:20:00 PM,23:20:00,Hot-Wet,2010-02-01 23:20:00
15.63949992,-18.72275391,LA12,2010-02-01,11:40:00 PM,23:40:00,Hot-Wet,2010-02-01 23:40:00
15.63682251,-18.72149251,LA12,2010-02-02,12:00:00 AM,00:00:00,Hot-Wet,2010-02-02 00:00:00
15.63272705,-18.71621297,LA12,2010-02-02,12:20:00 AM,00:20:00,Hot-Wet,2010-02-02 00:20:00
15.6327891,-18.70971883,LA12,2010-02-02,12:40:00 AM,00:40:00,Hot-Wet,2010-02-02 00:40:00
15.63147481,-18.7032369,LA12,2010-02-02,01:00:00 AM,01:00:00,Hot-Wet,2010-02-02 01:00:00
15.62771301,-18.69555868,LA12,2010-02-02,01:20:00 AM,01:20:00,Hot-Wet,2010-02-02 01:20:00
15.62474976,-18.69518636,LA12,2010-02-02,01:40:00 AM,01:40:00,Hot-Wet,2010-02-02 01:40:00
15.61482849,-18.69850871,LA12,2010-02-02,02:00:00 AM,02:00:00,Hot-Wet,2010-02-02 02:00:00
15.60528259,-18.69471639,LA12,2010-02-02,02:20:00 AM,02:20:00,Hot-Wet,2010-02-02 02:20:00
15.59818827,-18.68719482,LA12,2010-02-02,02:40:00 AM,02:40:00,Hot-Wet,2010-02-02 02:40:00
15.59018046,-18.6787089,LA12,2010-02-02,03:00:00 AM,03:00:00,Hot-Wet,2010-02-02 03:00:00
15.57839254,-18.67335002,LA12,2010-02-02,03:20:00 AM,03:20:00,Hot-Wet,2010-02-02 03:20:00
15.56521606,-18.67325236,LA12,2010-02-02,03:40:00 AM,03:40:00,Hot-Wet,2010-02-02 03:40:00
15.55157979,-18.67527873,LA12,2010-02-02,04:00:00 AM,04:00:00,Hot-Wet,2010-02-02 04:00:00
15.54337463,-18.67607829,LA12,2010-02-02,04:20:00 AM,04:20:00,Hot-Wet,2010-02-02 04:20:00
15.53968811,-18.68210246,LA12,2010-02-02,04:40:00 AM,04:40:00,Hot-Wet,2010-02-02 04:40:00
15.53714396,-18.68419393,LA12,2010-02-02,05:00:00 AM,05:00:00,Hot-Wet,2010-02-02 05:00:00
15.52924093,-18.67950439,LA12,2010-02-02,05:20:00 AM,05:20:00,Hot-Wet,2010-02-02 05:20:00
15.52487996,-18.67568766,LA12,2010-02-02,05:40:00 AM,05:40:00,Hot-Wet,2010-02-02 05:40:00
15.51560465,-18.67473958,LA12,2010-02-02,06:00:00 AM,06:00:00,Hot-Wet,2010-02-02 06:00:00
15.51528524,-18.67388306,LA12,2010-02-02,06:20:00 AM,06:20:00,Hot-Wet,2010-02-02 06:20:00
15.51499939,-18.67309163,LA12,2010-02-02,06:40:00 AM,06:40:00,Hot-Wet,2010-02-02 06:40:00
15.51720072,-18.67038574,LA12,2010-02-02,07:00:00 AM,07:00:00,Hot-Wet,2010-02-02 07:00:00
15.51827291,-18.67017212,LA12,2010-02-02,07:20:00 AM,07:20:00,Hot-Wet,2010-02-02 07:20:00
15.51827799,-18.67017212,LA12,2010-02-02,07:40:00 AM,07:40:00,Hot-Wet,2010-02-02 07:40:00
15.52017008,-18.66989136,LA12,2010-02-02,08:00:00 AM,08:00:00,Hot-Wet,2010-02-02 08:00:00
15.52301127,-18.66943359,LA12,2010-02-02,08:20:00 AM,08:20:00,Hot-Wet,2010-02-02 08:20:00
15.52367452,-18.67129924,LA12,2010-02-02,08:40:00 AM,08:40:00,Hot-Wet,2010-02-02 08:40:00
15.52366842,-18.67130941,LA12,2010-02-02,09:00:00 AM,09:00:00,Hot-Wet,2010-02-02 09:00:00
15.52367554,-18.67131348,LA12,2010-02-02,09:20:00 AM,09:20:00,Hot-Wet,2010-02-02 09:20:00
15.52493795,-18.67368368,LA12,2010-02-02,09:40:00 AM,09:40:00,Hot-Wet,2010-02-02 09:40:00
15.51782328,-18.67522583,LA12,2010-02-02,10:00:00 AM,10:00:00,Hot-Wet,2010-02-02 10:00:00
15.50411377,-18.67684326,LA12,2010-02-02,10:20:00 AM,10:20:00,Hot-Wet,2010-02-02 10:20:00
15.49157817,-18.67907104,LA12,2010-02-02,10:40:00 AM,10:40:00,Hot-Wet,2010-02-02 10:40:00
15.47823995,-18.6828654,LA12,2010-02-02,11:00:00 AM,11:00:00,Hot-Wet,2010-02-02 11:00:00
15.46935832,-18.69355062,LA12,2010-02-02,11:20:00 AM,11:20:00,Hot-Wet,2010-02-02 11:20:00
15.46787109,-18.69315796,LA12,2010-02-02,11:40:00 AM,11:40:00,Hot-Wet,2010-02-02 11:40:00
15.46724447,-18.69393311,LA12,2010-02-02,12:00:00 PM,12:00:00,Hot-Wet,2010-02-02 12:00:00
15.46732483,-18.69428914,LA12,2010-02-02,12:20:00 PM,12:20:00,Hot-Wet,2010-02-02 12:20:00
15.46731364,-18.69428101,LA12,2010-02-02,12:40:00 PM,12:40:00,Hot-Wet,2010-02-02 12:40:00
15.46730042,-18.69427083,LA12,2010-02-02,01:00:00 PM,13:00:00,Hot-Wet,2010-02-02 13:00:00
15.46732992,-18.69425252,LA12,2010-02-02,01:20:00 PM,13:20:00,Hot-Wet,2010-02-02 13:20:00
15.46729126,-18.69426066,LA12,2010-02-02,01:40:00 PM,13:40:00,Hot-Wet,2010-02-02 13:40:00
15.46728719,-18.69427287,LA12,2010-02-02,02:00:00 PM,14:00:00,Hot-Wet,2010-02-02 14:00:00
15.46729533,-18.6942627,LA12,2010-02-02,02:20:00 PM,14:20:00,Hot-Wet,2010-02-02 14:20:00
15.46729431,-18.69428101,LA12,2010-02-02,02:40:00 PM,14:40:00,Hot-Wet,2010-02-02 14:40:00
15.46731059,-18.69427083,LA12,2010-02-02,03:00:00 PM,15:00:00,Hot-Wet,2010-02-02 15:00:00
15.46728516,-18.69428507,LA12,2010-02-02,03:20:00 PM,15:20:00,Hot-Wet,2010-02-02 15:20:00
15.46654358,-18.69422811,LA12,2010-02-02,03:40:00 PM,15:40:00,Hot-Wet,2010-02-02 15:40:00
15.46425578,-18.69550781,LA12,2010-02-02,04:00:00 PM,16:00:00,Hot-Wet,2010-02-02 16:00:00
15.46331889,-18.6953776,LA12,2010-02-02,04:20:00 PM,16:20:00,Hot-Wet,2010-02-02 16:20:00
15.46163025,-18.69556478,LA12,2010-02-02,04:40:00 PM,16:40:00,Hot-Wet,2010-02-02 16:40:00
15.46110942,-18.69672241,LA12,2010-02-02,05:00:00 PM,17:00:00,Hot-Wet,2010-02-02 17:00:00
15.46013794,-18.69586182,LA12,2010-02-02,05:20:00 PM,17:20:00,Hot-Wet,2010-02-02 17:20:00
15.46068522,-18.69788615,LA12,2010-02-02,05:40:00 PM,17:40:00,Hot-Wet,2010-02-02 17:40:00
15.46000366,-18.7006368,LA12,2010-02-02,06:00:00 PM,18:00:00,Hot-Wet,2010-02-02 18:00:00
15.45800374,-18.70131022,LA12,2010-02-02,06:20:00 PM,18:20:00,Hot-Wet,2010-02-02 18:20:00
15.45559387,-18.70137329,LA12,2010-02-02,06:40:00 PM,18:40:00,Hot-Wet,2010-02-02 18:40:00
15.45456238,-18.70155436,LA12,2010-02-02,07:00:00 PM,19:00:00,Hot-Wet,2010-02-02 19:00:00
15.44838969,-18.70057373,LA12,2010-02-02,07:20:00 PM,19:20:00,Hot-Wet,2010-02-02 19:20:00
15.44291789,-18.69949137,LA12,2010-02-02,07:40:00 PM,19:40:00,Hot-Wet,2010-02-02 19:40:00
15.43994344,-18.69892171,LA12,2010-02-02,08:00:00 PM,20:00:00,Hot-Wet,2010-02-02 20:00:00
15.43575948,-18.69799805,LA12,2010-02-02,08:20:00 PM,20:20:00,Hot-Wet,2010-02-02 20:20:00
15.42977193,-18.6967041,LA12,2010-02-02,08:40:00 PM,20:40:00,Hot-Wet,2010-02-02 20:40:00
15.42715861,-18.69474284,LA12,2010-02-02,09:00:00 PM,21:00:00,Hot-Wet,2010-02-02 21:00:00
15.42353109,-18.69463908,LA12,2010-02-02,09:20:00 PM,21:20:00,Hot-Wet,2010-02-02 21:20:00
15.42291565,-18.6917745,LA12,2010-02-02,09:40:00 PM,21:40:00,Hot-Wet,2010-02-02 21:40:00
15.4299408,-18.68643188,LA12,2010-02-02,10:00:00 PM,22:00:00,Hot-Wet,2010-02-02 22:00:00
15.42124634,-18.68320923,LA12,2010-02-02,10:20:00 PM,22:20:00,Hot-Wet,2010-02-02 22:20:00
15.41155701,-18.68098755,LA12,2010-02-02,10:40:00 PM,22:40:00,Hot-Wet,2010-02-02 22:40:00
15.40628153,-18.67919312,LA12,2010-02-02,11:00:00 PM,23:00:00,Hot-Wet,2010-02-02 23:00:00
15.40334778,-18.67775065,LA12,2010-02-02,11:20:00 PM,23:20:00,Hot-Wet,2010-02-02 23:20:00
15.40018514,-18.67740682,LA12,2010-02-02,11:40:00 PM,23:40:00,Hot-Wet,2010-02-02 23:40:00
15.39659627,-18.67476807,LA12,2010-02-03,12:00:00 AM,00:00:00,Hot-Wet,2010-02-03 00:00:00
15.39478963,-18.67334391,LA12,2010-02-03,12:20:00 AM,00:20:00,Hot-Wet,2010-02-03 00:20:00
15.39279582,-18.67656657,LA12,2010-02-03,12:40:00 AM,00:40:00,Hot-Wet,2010-02-03 00:40:00
15.3908844,-18.67666829,LA12,2010-02-03,01:00:00 AM,01:00:00,Hot-Wet,2010-02-03 01:00:00
15.38881531,-18.67667033,LA12,2010-02-03,01:20:00 AM,01:20:00,Hot-Wet,2010-02-03 01:20:00
15.38731689,-18.67538249,LA12,2010-02-03,01:40:00 AM,01:40:00,Hot-Wet,2010-02-03 01:40:00
15.38495789,-18.67555949,LA12,2010-02-03,02:00:00 AM,02:00:00,Hot-Wet,2010-02-03 02:00:00
15.38700155,-18.6761495,LA12,2010-02-03,02:20:00 AM,02:20:00,Hot-Wet,2010-02-03 02:20:00
15.38695577,-18.67619222,LA12,2010-02-03,02:40:00 AM,02:40:00,Hot-Wet,2010-02-03 02:40:00
15.38696594,-18.67618205,LA12,2010-02-03,03:00:00 AM,03:00:00,Hot-Wet,2010-02-03 03:00:00
15.38701884,-18.67619019,LA12,2010-02-03,03:20:00 AM,03:20:00,Hot-Wet,2010-02-03 03:20:00
15.38694967,-18.67602336,LA12,2010-02-03,03:40:00 AM,03:40:00,Hot-Wet,2010-02-03 03:40:00
15.38696187,-18.67599487,LA12,2010-02-03,04:00:00 AM,04:00:00,Hot-Wet,2010-02-03 04:00:00
15.38576864,-18.67519531,LA12,2010-02-03,04:20:00 AM,04:20:00,Hot-Wet,2010-02-03 04:20:00
15.38386536,-18.67489827,LA12,2010-02-03,04:40:00 AM,04:40:00,Hot-Wet,2010-02-03 04:40:00
15.38341675,-18.67496338,LA12,2010-02-03,05:00:00 AM,05:00:00,Hot-Wet,2010-02-03 05:00:00
15.3806661,-18.6732137,LA12,2010-02-03,05:20:00 AM,05:20:00,Hot-Wet,2010-02-03 05:20:00
15.37907308,-18.67266846,LA12,2010-02-03,05:40:00 AM,05:40:00,Hot-Wet,2010-02-03 05:40:00
15.37805074,-18.67273763,LA12,2010-02-03,06:00:00 AM,06:00:00,Hot-Wet,2010-02-03 06:00:00
15.37680766,-18.67288615,LA12,2010-02-03,06:20:00 AM,06:20:00,Hot-Wet,2010-02-03 06:20:00
15.37348938,-18.67388306,LA12,2010-02-03,06:40:00 AM,06:40:00,Hot-Wet,2010-02-03 06:40:00
15.36940918,-18.67335002,LA12,2010-02-03,07:00:00 AM,07:00:00,Hot-Wet,2010-02-03 07:00:00
15.3631897,-18.67736816,LA12,2010-02-03,07:20:00 AM,07:20:00,Hot-Wet,2010-02-03 07:20:00
15.36008301,-18.68034058,LA12,2010-02-03,07:40:00 AM,07:40:00,Hot-Wet,2010-02-03 07:40:00
15.35979106,-18.68043416,LA12,2010-02-03,08:00:00 AM,08:00:00,Hot-Wet,2010-02-03 08:00:00
15.35737915,-18.67957357,LA12,2010-02-03,08:20:00 AM,08:20:00,Hot-Wet,2010-02-03 08:20:00
15.35665792,-18.67927856,LA12,2010-02-03,08:40:00 AM,08:40:00,Hot-Wet,2010-02-03 08:40:00
15.35500997,-18.67891032,LA12,2010-02-03,09:00:00 AM,09:00:00,Hot-Wet,2010-02-03 09:00:00
15.35424093,-18.67853394,LA12,2010-02-03,09:20:00 AM,09:20:00,Hot-Wet,2010-02-03 09:20:00
15.34884949,-18.67326864,LA12,2010-02-03,09:40:00 AM,09:40:00,Hot-Wet,2010-02-03 09:40:00
15.34054464,-18.67743123,LA12,2010-02-03,10:00:00 AM,10:00:00,Hot-Wet,2010-02-03 10:00:00
15.33042196,-18.67542318,LA12,2010-02-03,10:20:00 AM,10:20:00,Hot-Wet,2010-02-03 10:20:00
15.32827352,-18.67067464,LA12,2010-02-03,10:40:00 AM,10:40:00,Hot-Wet,2010-02-03 10:40:00
15.32785441,-18.67064209,LA12,2010-02-03,11:00:00 AM,11:00:00,Hot-Wet,2010-02-03 11:00:00
15.32831726,-18.67067057,LA12,2010-02-03,11:20:00 AM,11:20:00,Hot-Wet,2010-02-03 11:20:00
15.32831014,-18.67068888,LA12,2010-02-03,11:40:00 AM,11:40:00,Hot-Wet,2010-02-03 11:40:00
15.32801005,-18.67055461,LA12,2010-02-03,12:00:00 PM,12:00:00,Hot-Wet,2010-02-03 12:00:00
15.32734477,-18.66974284,LA12,2010-02-03,12:20:00 PM,12:20:00,Hot-Wet,2010-02-03 12:20:00
15.3256134,-18.66950073,LA12,2010-02-03,12:40:00 PM,12:40:00,Hot-Wet,2010-02-03 12:40:00
15.32563273,-18.66949056,LA12,2010-02-03,01:00:00 PM,13:00:00,Hot-Wet,2010-02-03 13:00:00
15.3256429,-18.66949259,LA12,2010-02-03,01:20:00 PM,13:20:00,Hot-Wet,2010-02-03 13:20:00
15.32563985,-18.66948242,LA12,2010-02-03,01:40:00 PM,13:40:00,Hot-Wet,2010-02-03 13:40:00
15.32563883,-18.66950887,LA12,2010-02-03,02:00:00 PM,14:00:00,Hot-Wet,2010-02-03 14:00:00
15.32568461,-18.66948853,LA12,2010-02-03,02:20:00 PM,14:20:00,Hot-Wet,2010-02-03 14:20:00
15.32699585,-18.66963501,LA12,2010-02-03,02:40:00 PM,14:40:00,Hot-Wet,2010-02-03 14:40:00
15.32231242,-18.66969198,LA12,2010-02-03,03:00:00 PM,15:00:00,Hot-Wet,2010-02-03 15:00:00
15.31968892,-18.6692688,LA12,2010-02-03,03:20:00 PM,15:20:00,Hot-Wet,2010-02-03 15:20:00
15.31678467,-18.67038574,LA12,2010-02-03,03:40:00 PM,15:40:00,Hot-Wet,2010-02-03 15:40:00
15.31690063,-18.67032878,LA12,2010-02-03,04:00:00 PM,16:00:00,Hot-Wet,2010-02-03 16:00:00
15.31542867,-18.67179159,LA12,2010-02-03,04:20:00 PM,16:20:00,Hot-Wet,2010-02-03 16:20:00
15.31506449,-18.67345174,LA12,2010-02-03,04:40:00 PM,16:40:00,Hot-Wet,2010-02-03 16:40:00
15.31421305,-18.67460531,LA12,2010-02-03,05:00:00 PM,17:00:00,Hot-Wet,2010-02-03 17:00:00
15.31329142,-18.67836304,LA12,2010-02-03,05:20:00 PM,17:20:00,Hot-Wet,2010-02-03 17:20:00
15.31150106,-18.67666626,LA12,2010-02-03,05:40:00 PM,17:40:00,Hot-Wet,2010-02-03 17:40:00
15.30641378,-18.67733968,LA12,2010-02-03,06:00:00 PM,18:00:00,Hot-Wet,2010-02-03 18:00:00
15.29995015,-18.67592977,LA12,2010-02-03,06:20:00 PM,18:20:00,Hot-Wet,2010-02-03 18:20:00
15.29711202,-18.67485962,LA12,2010-02-03,06:40:00 PM,18:40:00,Hot-Wet,2010-02-03 18:40:00
15.29567973,-18.67674764,LA12,2010-02-03,07:00:00 PM,19:00:00,Hot-Wet,2010-02-03 19:00:00
15.29302979,-18.68203735,LA12,2010-02-03,07:20:00 PM,19:20:00,Hot-Wet,2010-02-03 19:20:00
15.29216105,-18.68590291,LA12,2010-02-03,07:40:00 PM,19:40:00,Hot-Wet,2010-02-03 19:40:00
15.28617757,-18.68825277,LA12,2010-02-03,08:00:00 PM,20:00:00,Hot-Wet,2010-02-03 20:00:00
15.28600362,-18.6893514,LA12,2010-02-03,08:20:00 PM,20:20:00,Hot-Wet,2010-02-03 20:20:00
15.28424784,-18.69084676,LA12,2010-02-03,08:40:00 PM,20:40:00,Hot-Wet,2010-02-03 20:40:00
15.28286743,-18.69146118,LA12,2010-02-03,09:00:00 PM,21:00:00,Hot-Wet,2010-02-03 21:00:00
15.28339437,-18.69362386,LA12,2010-02-03,09:20:00 PM,21:20:00,Hot-Wet,2010-02-03 21:20:00
15.2840627,-18.69414876,LA12,2010-02-03,09:40:00 PM,21:40:00,Hot-Wet,2010-02-03 21:40:00
15.28844198,-18.69936523,LA12,2010-02-03,10:00:00 PM,22:00:00,Hot-Wet,2010-02-03 22:00:00
15.29454753,-18.70537313,LA12,2010-02-03,10:20:00 PM,22:20:00,Hot-Wet,2010-02-03 22:20:00
15.29414164,-18.70723063,LA12,2010-02-03,10:40:00 PM,22:40:00,Hot-Wet,2010-02-03 22:40:00
15.29329834,-18.70620524,LA12,2010-02-03,11:00:00 PM,23:00:00,Hot-Wet,2010-02-03 23:00:00
15.29558818,-18.70502523,LA12,2010-02-03,11:20:00 PM,23:20:00,Hot-Wet,2010-02-03 23:20:00
15.29594421,-18.70469564,LA12,2010-02-03,11:40:00 PM,23:40:00,Hot-Wet,2010-02-03 23:40:00
15.29449666,-18.70442912,LA12,2010-02-04,12:00:00 AM,00:00:00,Hot-Wet,2010-02-04 00:00:00
15.29321289,-18.70180868,LA12,2010-02-04,12:20:00 AM,00:20:00,Hot-Wet,2010-02-04 00:20:00
15.29250488,-18.70059001,LA12,2010-02-04,12:40:00 AM,00:40:00,Hot-Wet,2010-02-04 00:40:00
15.29117432,-18.69985758,LA12,2010-02-04,01:00:00 AM,01:00:00,Hot-Wet,2010-02-04 01:00:00
15.29132182,-18.69979045,LA12,2010-02-04,01:20:00 AM,01:20:00,Hot-Wet,2010-02-04 01:20:00
15.29131063,-18.6997762,LA12,2010-02-04,01:40:00 AM,01:40:00,Hot-Wet,2010-02-04 01:40:00
15.29127706,-18.69970296,LA12,2010-02-04,02:00:00 AM,02:00:00,Hot-Wet,2010-02-04 02:00:00
15.29126282,-18.69964396,LA12,2010-02-04,02:20:00 AM,02:20:00,Hot-Wet,2010-02-04 02:20:00
15.29125468,-18.69964803,LA12,2010-02-04,02:40:00 AM,02:40:00,Hot-Wet,2010-02-04 02:40:00
15.29106649,-18.69986572,LA12,2010-02-04,03:00:00 AM,03:00:00,Hot-Wet,2010-02-04 03:00:00
15.29101766,-18.7,LA12,2010-02-04,03:20:00 AM,03:20:00,Hot-Wet,2010-02-04 03:20:00
15.29104614,-18.69998169,LA12,2010-02-04,03:40:00 AM,03:40:00,Hot-Wet,2010-02-04 03:40:00
15.29105937,-18.69994914,LA12,2010-02-04,04:00:00 AM,04:00:00,Hot-Wet,2010-02-04 04:00:00
15.29026082,-18.70015259,LA12,2010-02-04,04:20:00 AM,04:20:00,Hot-Wet,2010-02-04 04:20:00
15.28816732,-18.70069173,LA12,2010-02-04,04:40:00 AM,04:40:00,Hot-Wet,2010-02-04 04:40:00
15.28827616,-18.70258993,LA12,2010-02-04,05:00:00 AM,05:00:00,Hot-Wet,2010-02-04 05:00:00
15.28933614,-18.70665283,LA12,2010-02-04,05:20:00 AM,05:20:00,Hot-Wet,2010-02-04 05:20:00
15.29015198,-18.70711873,LA12,2010-02-04,05:40:00 AM,05:40:00,Hot-Wet,2010-02-04 05:40:00
15.29028117,-18.70659993,LA12,2010-02-04,06:00:00 AM,06:00:00,Hot-Wet,2010-02-04 06:00:00
15.28829549,-18.70486654,LA12,2010-02-04,06:20:00 AM,06:20:00,Hot-Wet,2010-02-04 06:20:00
15.28698527,-18.70506999,LA12,2010-02-04,06:40:00 AM,06:40:00,Hot-Wet,2010-02-04 06:40:00
15.28518982,-18.70612183,LA12,2010-02-04,07:00:00 AM,07:00:00,Hot-Wet,2010-02-04 07:00:00
15.28447774,-18.70893351,LA12,2010-02-04,07:20:00 AM,07:20:00,Hot-Wet,2010-02-04 07:20:00
15.28449097,-18.71114299,LA12,2010-02-04,07:40:00 AM,07:40:00,Hot-Wet,2010-02-04 07:40:00
15.28472595,-18.71334635,LA12,2010-02-04,08:00:00 AM,08:00:00,Hot-Wet,2010-02-04 08:00:00
15.2852651,-18.71461182,LA12,2010-02-04,08:20:00 AM,08:20:00,Hot-Wet,2010-02-04 08:20:00
15.28451335,-18.71542358,LA12,2010-02-04,08:40:00 AM,08:40:00,Hot-Wet,2010-02-04 08:40:00
15.28204346,-18.71607056,LA12,2010-02-04,09:00:00 AM,09:00:00,Hot-Wet,2010-02-04 09:00:00
15.28321635,-18.71778768,LA12,2010-02-04,09:20:00 AM,09:20:00,Hot-Wet,2010-02-04 09:20:00
15.28474833,-18.71865234,LA12,2010-02-04,09:40:00 AM,09:40:00,Hot-Wet,2010-02-04 09:40:00
15.28421224,-18.72070109,LA12,2010-02-04,10:01:00 AM,10:01:00,Hot-Wet,2010-02-04 10:01:00
15.28361104,-18.71649984,LA12,2010-02-04,10:20:00 AM,10:20:00,Hot-Wet,2010-02-04 10:20:00
15.2827891,-18.71590169,LA12,2010-02-04,10:40:00 AM,10:40:00,Hot-Wet,2010-02-04 10:40:00
15.28429871,-18.71569417,LA12,2010-02-04,11:00:00 AM,11:00:00,Hot-Wet,2010-02-04 11:00:00
15.28503723,-18.71513265,LA12,2010-02-04,11:20:00 AM,11:20:00,Hot-Wet,2010-02-04 11:20:00
15.2867747,-18.71608276,LA12,2010-02-04,11:40:00 AM,11:40:00,Hot-Wet,2010-02-04 11:40:00
15.28619385,-18.71795044,LA12,2010-02-04,12:00:00 PM,12:00:00,Hot-Wet,2010-02-04 12:00:00
15.2872406,-18.71819458,LA12,2010-02-04,12:20:00 PM,12:20:00,Hot-Wet,2010-02-04 12:20:00
15.28690084,-18.71901449,LA12,2010-02-04,12:40:00 PM,12:40:00,Hot-Wet,2010-02-04 12:40:00
15.28379822,-18.71618652,LA12,2010-02-04,01:00:00 PM,13:00:00,Hot-Wet,2010-02-04 13:00:00
15.28425802,-18.7154541,LA12,2010-02-04,01:20:00 PM,13:20:00,Hot-Wet,2010-02-04 13:20:00
15.28426514,-18.71544189,LA12,2010-02-04,01:40:00 PM,13:40:00,Hot-Wet,2010-02-04 13:40:00
15.28427124,-18.71543376,LA12,2010-02-04,02:00:00 PM,14:00:00,Hot-Wet,2010-02-04 14:00:00
15.28426819,-18.71544189,LA12,2010-02-04,02:20:00 PM,14:20:00,Hot-Wet,2010-02-04 14:20:00
15.28487549,-18.71940918,LA12,2010-02-04,02:40:00 PM,14:40:00,Hot-Wet,2010-02-04 14:40:00
15.28241984,-18.7233785,LA12,2010-02-04,03:00:00 PM,15:00:00,Hot-Wet,2010-02-04 15:00:00
15.28326518,-18.72407023,LA12,2010-02-04,03:20:00 PM,15:20:00,Hot-Wet,2010-02-04 15:20:00
15.27920736,-18.72689819,LA12,2010-02-04,03:40:00 PM,15:40:00,Hot-Wet,2010-02-04 15:40:00
15.27791951,-18.7288147,LA12,2010-02-04,04:00:00 PM,16:00:00,Hot-Wet,2010-02-04 16:00:00
15.27908732,-18.72720337,LA12,2010-02-04,04:20:00 PM,16:20:00,Hot-Wet,2010-02-04 16:20:00
15.27934367,-18.72681681,LA12,2010-02-04,04:40:00 PM,16:40:00,Hot-Wet,2010-02-04 16:40:00
15.27362366,-18.72716064,LA12,2010-02-04,05:00:00 PM,17:00:00,Hot-Wet,2010-02-04 17:00:00
15.27379964,-18.72795207,LA12,2010-02-04,05:20:00 PM,17:20:00,Hot-Wet,2010-02-04 17:20:00
15.27425028,-18.72786865,LA12,2010-02-04,05:40:00 PM,17:40:00,Hot-Wet,2010-02-04 17:40:00
15.27477926,-18.727948,LA12,2010-02-04,06:00:00 PM,18:00:00,Hot-Wet,2010-02-04 18:00:00
15.27542928,-18.72787476,LA12,2010-02-04,06:20:00 PM,18:20:00,Hot-Wet,2010-02-04 18:20:00
15.27976379,-18.73187052,LA12,2010-02-04,06:40:00 PM,18:40:00,Hot-Wet,2010-02-04 18:40:00
15.27980042,-18.73919881,LA12,2010-02-04,07:00:00 PM,19:00:00,Hot-Wet,2010-02-04 19:00:00
15.27257792,-18.73918864,LA12,2010-02-04,07:20:00 PM,19:20:00,Hot-Wet,2010-02-04 19:20:00
15.26605733,-18.73910319,LA12,2010-02-04,07:40:00 PM,19:40:00,Hot-Wet,2010-02-04 19:40:00
15.26188354,-18.75106608,LA12,2010-02-04,08:00:00 PM,20:00:00,Hot-Wet,2010-02-04 20:00:00
15.2642924,-18.76255493,LA12,2010-02-04,08:20:00 PM,20:20:00,Hot-Wet,2010-02-04 20:20:00
15.27450155,-18.76786092,LA12,2010-02-04,08:40:00 PM,20:40:00,Hot-Wet,2010-02-04 20:40:00
15.28480225,-18.77211507,LA12,2010-02-04,09:00:00 PM,21:00:00,Hot-Wet,2010-02-04 21:00:00
15.28901164,-18.778479,LA12,2010-02-04,09:20:00 PM,21:20:00,Hot-Wet,2010-02-04 21:20:00
15.29359538,-18.78405355,LA12,2010-02-04,09:40:00 PM,21:40:00,Hot-Wet,2010-02-04 21:40:00
15.30174866,-18.78683472,LA12,2010-02-04,10:00:00 PM,22:00:00,Hot-Wet,2010-02-04 22:00:00
15.31224772,-18.7920634,LA12,2010-02-04,10:20:00 PM,22:20:00,Hot-Wet,2010-02-04 22:20:00
15.32122904,-18.79440308,LA12,2010-02-04,10:40:00 PM,22:40:00,Hot-Wet,2010-02-04 22:40:00
15.32156881,-18.79982707,LA12,2010-02-04,11:00:00 PM,23:00:00,Hot-Wet,2010-02-04 23:00:00
15.32367554,-18.80534058,LA12,2010-02-04,11:20:00 PM,23:20:00,Hot-Wet,2010-02-04 23:20:00
15.31993815,-18.80843099,LA12,2010-02-04,11:40:00 PM,23:40:00,Hot-Wet,2010-02-04 23:40:00
15.31780904,-18.80954997,LA12,2010-02-05,12:00:00 AM,00:00:00,Hot-Wet,2010-02-05 00:00:00
15.3148112,-18.81021322,LA12,2010-02-05,12:20:00 AM,00:20:00,Hot-Wet,2010-02-05 00:20:00
15.31070557,-18.8089742,LA12,2010-02-05,12:40:00 AM,00:40:00,Hot-Wet,2010-02-05 00:40:00
15.30797729,-18.80894165,LA12,2010-02-05,01:00:00 AM,01:00:00,Hot-Wet,2010-02-05 01:00:00
15.30609131,-18.80930379,LA12,2010-02-05,01:20:00 AM,01:20:00,Hot-Wet,2010-02-05 01:20:00
15.30435282,-18.80901286,LA12,2010-02-05,01:40:00 AM,01:40:00,Hot-Wet,2010-02-05 01:40:00
15.30435282,-18.80902303,LA12,2010-02-05,02:00:00 AM,02:00:00,Hot-Wet,2010-02-05 02:00:00
15.30436503,-18.80901489,LA12,2010-02-05,02:20:00 AM,02:20:00,Hot-Wet,2010-02-05 02:20:00
15.30432739,-18.80901489,LA12,2010-02-05,02:40:00 AM,02:40:00,Hot-Wet,2010-02-05 02:40:00
15.30435689,-18.80904134,LA12,2010-02-05,03:00:00 AM,03:00:00,Hot-Wet,2010-02-05 03:00:00
15.304363,-18.80903117,LA12,2010-02-05,03:20:00 AM,03:20:00,Hot-Wet,2010-02-05 03:20:00
15.30437113,-18.80905151,LA12,2010-02-05,03:40:00 AM,03:40:00,Hot-Wet,2010-02-05 03:40:00
15.30437826,-18.80904744,LA12,2010-02-05,04:01:00 AM,04:01:00,Hot-Wet,2010-02-05 04:01:00
15.30415039,-18.80911051,LA12,2010-02-05,04:20:00 AM,04:20:00,Hot-Wet,2010-02-05 04:20:00
15.30282389,-18.80859172,LA12,2010-02-05,04:40:00 AM,04:40:00,Hot-Wet,2010-02-05 04:40:00
15.29604696,-18.80888468,LA12,2010-02-05,05:00:00 AM,05:00:00,Hot-Wet,2010-02-05 05:00:00
15.29440206,-18.8060262,LA12,2010-02-05,05:20:00 AM,05:20:00,Hot-Wet,2010-02-05 05:20:00
15.29373779,-18.80340373,LA12,2010-02-05,05:40:00 AM,05:40:00,Hot-Wet,2010-02-05 05:40:00
15.29371134,-18.79499715,LA12,2010-02-05,06:00:00 AM,06:00:00,Hot-Wet,2010-02-05 06:00:00
15.29916687,-18.79534912,LA12,2010-02-05,06:20:00 AM,06:20:00,Hot-Wet,2010-02-05 06:20:00
15.30633138,-18.79260661,LA12,2010-02-05,06:40:00 AM,06:40:00,Hot-Wet,2010-02-05 06:40:00
15.31443176,-18.79130656,LA12,2010-02-05,07:00:00 AM,07:00:00,Hot-Wet,2010-02-05 07:00:00
15.31677348,-18.78843994,LA12,2010-02-05,07:20:00 AM,07:20:00,Hot-Wet,2010-02-05 07:20:00
15.31703695,-18.78700968,LA12,2010-02-05,07:40:00 AM,07:40:00,Hot-Wet,2010-02-05 07:40:00
15.31882731,-18.78701986,LA12,2010-02-05,08:00:00 AM,08:00:00,Hot-Wet,2010-02-05 08:00:00
15.32213542,-18.78775838,LA12,2010-02-05,08:20:00 AM,08:20:00,Hot-Wet,2010-02-05 08:20:00
15.32100118,-18.78553874,LA12,2010-02-05,08:40:00 AM,08:40:00,Hot-Wet,2010-02-05 08:40:00
15.32294108,-18.78416951,LA12,2010-02-05,09:00:00 AM,09:00:00,Hot-Wet,2010-02-05 09:00:00
15.32920736,-18.78269246,LA12,2010-02-05,09:20:00 AM,09:20:00,Hot-Wet,2010-02-05 09:20:00
15.32879435,-18.78332926,LA12,2010-02-05,09:40:00 AM,09:40:00,Hot-Wet,2010-02-05 09:40:00
15.33536682,-18.78192139,LA12,2010-02-05,10:00:00 AM,10:00:00,Hot-Wet,2010-02-05 10:00:00
15.34121908,-18.78216756,LA12,2010-02-05,10:20:00 AM,10:20:00,Hot-Wet,2010-02-05 10:20:00
15.34104818,-18.78185018,LA12,2010-02-05,10:40:00 AM,10:40:00,Hot-Wet,2010-02-05 10:40:00
15.33505859,-18.77902832,LA12,2010-02-05,11:00:00 AM,11:00:00,Hot-Wet,2010-02-05 11:00:00
15.33321838,-18.78063151,LA12,2010-02-05,11:20:00 AM,11:20:00,Hot-Wet,2010-02-05 11:20:00
15.33063049,-18.78104451,LA12,2010-02-05,11:40:00 AM,11:40:00,Hot-Wet,2010-02-05 11:40:00
15.32480164,-18.77804565,LA12,2010-02-05,12:00:00 PM,12:00:00,Hot-Wet,2010-02-05 12:00:00
15.31575928,-18.77581787,LA12,2010-02-05,12:20:00 PM,12:20:00,Hot-Wet,2010-02-05 12:20:00
15.30884196,-18.77670492,LA12,2010-02-05,12:40:00 PM,12:40:00,Hot-Wet,2010-02-05 12:40:00
15.30542501,-18.77955119,LA12,2010-02-05,01:00:00 PM,13:00:00,Hot-Wet,2010-02-05 13:00:00
15.30415141,-18.78170776,LA12,2010-02-05,01:20:00 PM,13:20:00,Hot-Wet,2010-02-05 13:20:00
15.30366516,-18.78230184,LA12,2010-02-05,01:40:00 PM,13:40:00,Hot-Wet,2010-02-05 13:40:00
15.30293477,-18.78393351,LA12,2010-02-05,02:00:00 PM,14:00:00,Hot-Wet,2010-02-05 14:00:00
15.30031331,-18.78800252,LA12,2010-02-05,02:20:00 PM,14:20:00,Hot-Wet,2010-02-05 14:20:00
15.30033264,-18.78797404,LA12,2010-02-05,02:40:00 PM,14:40:00,Hot-Wet,2010-02-05 14:40:00
15.30004069,-18.78733521,LA12,2010-02-05,03:00:00 PM,15:00:00,Hot-Wet,2010-02-05 15:00:00
15.30109049,-18.78717448,LA12,2010-02-05,03:20:00 PM,15:20:00,Hot-Wet,2010-02-05 15:20:00
15.29942525,-18.78764242,LA12,2010-02-05,03:40:00 PM,15:40:00,Hot-Wet,2010-02-05 15:40:00
15.29594014,-18.78473511,LA12,2010-02-05,04:00:00 PM,16:00:00,Hot-Wet,2010-02-05 16:00:00
15.29312439,-18.78545939,LA12,2010-02-05,04:20:00 PM,16:20:00,Hot-Wet,2010-02-05 16:20:00
15.29378866,-18.78527425,LA12,2010-02-05,04:40:00 PM,16:40:00,Hot-Wet,2010-02-05 16:40:00
15.29839376,-18.78358765,LA12,2010-02-05,05:00:00 PM,17:00:00,Hot-Wet,2010-02-05 17:00:00
15.30101827,-18.78225301,LA12,2010-02-05,05:20:00 PM,17:20:00,Hot-Wet,2010-02-05 17:20:00
15.3060791,-18.77937012,LA12,2010-02-05,05:40:00 PM,17:40:00,Hot-Wet,2010-02-05 17:40:00
15.31135356,-18.78302409,LA12,2010-02-05,06:00:00 PM,18:00:00,Hot-Wet,2010-02-05 18:00:00
15.32112122,-18.78867188,LA12,2010-02-05,06:20:00 PM,18:20:00,Hot-Wet,2010-02-05 18:20:00
15.32763774,-18.79587809,LA12,2010-02-05,06:40:00 PM,18:40:00,Hot-Wet,2010-02-05 18:40:00
15.33114319,-18.80039469,LA12,2010-02-05,07:00:00 PM,19:00:00,Hot-Wet,2010-02-05 19:00:00
15.33369751,-18.80796102,LA12,2010-02-05,07:20:00 PM,19:20:00,Hot-Wet,2010-02-05 19:20:00
15.33761698,-18.81436157,LA12,2010-02-05,07:40:00 PM,19:40:00,Hot-Wet,2010-02-05 19:40:00
15.33260905,-18.8212382,LA12,2010-02-05,08:00:00 PM,20:00:00,Hot-Wet,2010-02-05 20:00:00
15.3283488,-18.82087606,LA12,2010-02-05,08:20:00 PM,20:20:00,Hot-Wet,2010-02-05 20:20:00
15.32551778,-18.82024129,LA12,2010-02-05,08:40:00 PM,20:40:00,Hot-Wet,2010-02-05 20:40:00
15.32530009,-18.81871948,LA12,2010-02-05,09:00:00 PM,21:00:00,Hot-Wet,2010-02-05 21:00:00
15.32275391,-18.81512248,LA12,2010-02-05,09:20:00 PM,21:20:00,Hot-Wet,2010-02-05 21:20:00
15.31644796,-18.8040507,LA12,2010-02-05,09:40:00 PM,21:40:00,Hot-Wet,2010-02-05 21:40:00
15.31501567,-18.80333252,LA12,2010-02-05,10:00:00 PM,22:00:00,Hot-Wet,2010-02-05 22:00:00
15.31366069,-18.8023763,LA12,2010-02-05,10:20:00 PM,22:20:00,Hot-Wet,2010-02-05 22:20:00
15.31223958,-18.80194092,LA12,2010-02-05,10:40:00 PM,22:40:00,Hot-Wet,2010-02-05 22:40:00
15.31089172,-18.80175171,LA12,2010-02-05,11:00:00 PM,23:00:00,Hot-Wet,2010-02-05 23:00:00
15.31036174,-18.80178019,LA12,2010-02-05,11:20:00 PM,23:20:00,Hot-Wet,2010-02-05 23:20:00
15.30853984,-18.80321045,LA12,2010-02-05,11:40:00 PM,23:40:00,Hot-Wet,2010-02-05 23:40:00
15.30694275,-18.80404663,LA12,2010-02-06,12:00:00 AM,00:00:00,Hot-Wet,2010-02-06 00:00:00
15.30549113,-18.80621948,LA12,2010-02-06,12:20:00 AM,00:20:00,Hot-Wet,2010-02-06 00:20:00
15.30520121,-18.80650838,LA12,2010-02-06,12:40:00 AM,00:40:00,Hot-Wet,2010-02-06 00:40:00
15.30472209,-18.80618286,LA12,2010-02-06,01:00:00 AM,01:00:00,Hot-Wet,2010-02-06 01:00:00
15.304422,-18.80649414,LA12,2010-02-06,01:20:00 AM,01:20:00,Hot-Wet,2010-02-06 01:20:00
15.30444946,-18.80650024,LA12,2010-02-06,01:40:00 AM,01:40:00,Hot-Wet,2010-02-06 01:40:00
15.30445048,-18.80649414,LA12,2010-02-06,02:00:00 AM,02:00:00,Hot-Wet,2010-02-06 02:00:00
15.30442607,-18.80649211,LA12,2010-02-06,02:20:00 AM,02:20:00,Hot-Wet,2010-02-06 02:20:00
15.30446472,-18.80649211,LA12,2010-02-06,02:40:00 AM,02:40:00,Hot-Wet,2010-02-06 02:40:00
15.30446167,-18.8064738,LA12,2010-02-06,03:00:00 AM,03:00:00,Hot-Wet,2010-02-06 03:00:00
15.30445862,-18.8064799,LA12,2010-02-06,03:20:00 AM,03:20:00,Hot-Wet,2010-02-06 03:20:00
15.30445862,-18.806486,LA12,2010-02-06,03:40:00 AM,03:40:00,Hot-Wet,2010-02-06 03:40:00
15.30422262,-18.80721639,LA12,2010-02-06,04:00:00 AM,04:00:00,Hot-Wet,2010-02-06 04:00:00
15.3041748,-18.80736287,LA12,2010-02-06,04:20:00 AM,04:20:00,Hot-Wet,2010-02-06 04:20:00
15.30331319,-18.80710449,LA12,2010-02-06,04:40:00 AM,04:40:00,Hot-Wet,2010-02-06 04:40:00
15.30214132,-18.80600586,LA12,2010-02-06,05:00:00 AM,05:00:00,Hot-Wet,2010-02-06 05:00:00
15.29842224,-18.80102743,LA12,2010-02-06,05:20:00 AM,05:20:00,Hot-Wet,2010-02-06 05:20:00
15.29921468,-18.79684448,LA12,2010-02-06,05:40:00 AM,05:40:00,Hot-Wet,2010-02-06 05:40:00
15.3001414,-18.79583537,LA12,2010-02-06,06:00:00 AM,06:00:00,Hot-Wet,2010-02-06 06:00:00
15.30681356,-18.79180298,LA12,2010-02-06,06:20:00 AM,06:20:00,Hot-Wet,2010-02-06 06:20:00
15.3117808,-18.79223022,LA12,2010-02-06,06:40:00 AM,06:40:00,Hot-Wet,2010-02-06 06:40:00
15.31198018,-18.7917216,LA12,2010-02-06,07:00:00 AM,07:00:00,Hot-Wet,2010-02-06 07:00:00
15.31214498,-18.79138997,LA12,2010-02-06,07:20:00 AM,07:20:00,Hot-Wet,2010-02-06 07:20:00
15.3121521,-18.79139404,LA12,2010-02-06,07:40:00 AM,07:40:00,Hot-Wet,2010-02-06 07:40:00
15.31216329,-18.79139608,LA12,2010-02-06,08:00:00 AM,08:00:00,Hot-Wet,2010-02-06 08:00:00
15.31530355,-18.79168294,LA12,2010-02-06,08:20:00 AM,08:20:00,Hot-Wet,2010-02-06 08:20:00
15.32269999,-18.7893453,LA12,2010-02-06,08:40:00 AM,08:40:00,Hot-Wet,2010-02-06 08:40:00
15.32203573,-18.78791707,LA12,2010-02-06,09:00:00 AM,09:00:00,Hot-Wet,2010-02-06 09:00:00
15.32416077,-18.79000244,LA12,2010-02-06,09:20:00 AM,09:20:00,Hot-Wet,2010-02-06 09:20:00
15.32450765,-18.79351807,LA12,2010-02-06,09:40:00 AM,09:40:00,Hot-Wet,2010-02-06 09:40:00
15.32023722,-18.80002848,LA12,2010-02-06,10:00:00 AM,10:00:00,Hot-Wet,2010-02-06 10:00:00
15.32067464,-18.80113932,LA12,2010-02-06,10:20:00 AM,10:20:00,Hot-Wet,2010-02-06 10:20:00
15.31967468,-18.80283407,LA12,2010-02-06,10:40:00 AM,10:40:00,Hot-Wet,2010-02-06 10:40:00
15.31663818,-18.80411784,LA12,2010-02-06,11:00:00 AM,11:00:00,Hot-Wet,2010-02-06 11:00:00
15.31331075,-18.80528768,LA12,2010-02-06,11:20:00 AM,11:20:00,Hot-Wet,2010-02-06 11:20:00
15.31158447,-18.80471191,LA12,2010-02-06,11:40:00 AM,11:40:00,Hot-Wet,2010-02-06 11:40:00
15.31130473,-18.80472005,LA12,2010-02-06,12:00:00 PM,12:00:00,Hot-Wet,2010-02-06 12:00:00
15.30981547,-18.80960693,LA12,2010-02-06,12:20:00 PM,12:20:00,Hot-Wet,2010-02-06 12:20:00
15.30809123,-18.81165975,LA12,2010-02-06,12:40:00 PM,12:40:00,Hot-Wet,2010-02-06 12:40:00
15.30762939,-18.81227824,LA12,2010-02-06,01:00:00 PM,13:00:00,Hot-Wet,2010-02-06 13:00:00
15.30211995,-18.82161662,LA12,2010-02-06,01:20:00 PM,13:20:00,Hot-Wet,2010-02-06 13:20:00
15.30075684,-18.8214152,LA12,2010-02-06,01:40:00 PM,13:40:00,Hot-Wet,2010-02-06 13:40:00
15.29585063,-18.82166748,LA12,2010-02-06,02:00:00 PM,14:00:00,Hot-Wet,2010-02-06 14:00:00
15.29349264,-18.82196452,LA12,2010-02-06,02:20:00 PM,14:20:00,Hot-Wet,2010-02-06 14:20:00
15.28675028,-18.82207235,LA12,2010-02-06,02:40:00 PM,14:40:00,Hot-Wet,2010-02-06 14:40:00
15.28151245,-18.82014771,LA12,2010-02-06,03:00:00 PM,15:00:00,Hot-Wet,2010-02-06 15:00:00
15.27667236,-18.81787109,LA12,2010-02-06,03:20:00 PM,15:20:00,Hot-Wet,2010-02-06 15:20:00
15.27013143,-18.81798299,LA12,2010-02-06,03:40:00 PM,15:40:00,Hot-Wet,2010-02-06 15:40:00
15.2730601,-18.81726685,LA12,2010-02-06,04:00:00 PM,16:00:00,Hot-Wet,2010-02-06 16:00:00
15.27670593,-18.81785685,LA12,2010-02-06,04:20:00 PM,16:20:00,Hot-Wet,2010-02-06 16:20:00
15.27694499,-18.81869507,LA12,2010-02-06,04:40:00 PM,16:40:00,Hot-Wet,2010-02-06 16:40:00
15.27797241,-18.81962077,LA12,2010-02-06,05:00:00 PM,17:00:00,Hot-Wet,2010-02-06 17:00:00
15.27940267,-18.81847127,LA12,2010-02-06,05:20:00 PM,17:20:00,Hot-Wet,2010-02-06 17:20:00
15.28019104,-18.81618245,LA12,2010-02-06,05:40:00 PM,17:40:00,Hot-Wet,2010-02-06 17:40:00
15.28001811,-18.8158488,LA12,2010-02-06,06:00:00 PM,18:00:00,Hot-Wet,2010-02-06 18:00:00
15.28116353,-18.81654256,LA12,2010-02-06,06:20:00 PM,18:20:00,Hot-Wet,2010-02-06 18:20:00
15.28075358,-18.81631673,LA12,2010-02-06,06:40:00 PM,18:40:00,Hot-Wet,2010-02-06 18:40:00
15.27912191,-18.81586914,LA12,2010-02-06,07:00:00 PM,19:00:00,Hot-Wet,2010-02-06 19:00:00
15.27828471,-18.81477051,LA12,2010-02-06,07:20:00 PM,19:20:00,Hot-Wet,2010-02-06 19:20:00
15.27527364,-18.8141276,LA12,2010-02-06,07:40:00 PM,19:40:00,Hot-Wet,2010-02-06 19:40:00
15.27618815,-18.81323242,LA12,2010-02-06,08:00:00 PM,20:00:00,Hot-Wet,2010-02-06 20:00:00
15.27855021,-18.81333415,LA12,2010-02-06,08:20:00 PM,20:20:00,Hot-Wet,2010-02-06 20:20:00
15.28064575,-18.81318156,LA12,2010-02-06,08:40:00 PM,20:40:00,Hot-Wet,2010-02-06 20:40:00
15.28561096,-18.81092122,LA12,2010-02-06,09:00:00 PM,21:00:00,Hot-Wet,2010-02-06 21:00:00
15.29261576,-18.80766195,LA12,2010-02-06,09:20:00 PM,21:20:00,Hot-Wet,2010-02-06 21:20:00
15.29830831,-18.80362549,LA12,2010-02-06,09:40:00 PM,21:40:00,Hot-Wet,2010-02-06 21:40:00
15.30044352,-18.79853516,LA12,2010-02-06,10:00:00 PM,22:00:00,Hot-Wet,2010-02-06 22:00:00
15.29946086,-18.79643758,LA12,2010-02-06,10:20:00 PM,22:20:00,Hot-Wet,2010-02-06 22:20:00
15.29798075,-18.7955363,LA12,2010-02-06,10:40:00 PM,22:40:00,Hot-Wet,2010-02-06 22:40:00
15.2988505,-18.79539998,LA12,2010-02-06,11:00:00 PM,23:00:00,Hot-Wet,2010-02-06 23:00:00
15.29642944,-18.79544881,LA12,2010-02-06,11:20:00 PM,23:20:00,Hot-Wet,2010-02-06 23:20:00
15.29573771,-18.79666138,LA12,2010-02-06,11:40:00 PM,23:40:00,Hot-Wet,2010-02-06 23:40:00
15.29559326,-18.79731038,LA12,2010-02-07,12:00:00 AM,00:00:00,Hot-Wet,2010-02-07 00:00:00
15.29558818,-18.79731242,LA12,2010-02-07,12:20:00 AM,00:20:00,Hot-Wet,2010-02-07 00:20:00
15.29558614,-18.79729207,LA12,2010-02-07,12:40:00 AM,00:40:00,Hot-Wet,2010-02-07 00:40:00
15.29558919,-18.79727987,LA12,2010-02-07,01:00:00 AM,01:00:00,Hot-Wet,2010-02-07 01:00:00
15.29560445,-18.79733073,LA12,2010-02-07,01:20:00 AM,01:20:00,Hot-Wet,2010-02-07 01:20:00
15.29594421,-18.79724121,LA12,2010-02-07,01:40:00 AM,01:40:00,Hot-Wet,2010-02-07 01:40:00
15.29607544,-18.79758911,LA12,2010-02-07,02:00:00 AM,02:00:00,Hot-Wet,2010-02-07 02:00:00
15.29608663,-18.79760132,LA12,2010-02-07,02:20:00 AM,02:20:00,Hot-Wet,2010-02-07 02:20:00
15.29609172,-18.79758708,LA12,2010-02-07,02:40:00 AM,02:40:00,Hot-Wet,2010-02-07 02:40:00
15.29607035,-18.7975708,LA12,2010-02-07,03:00:00 AM,03:00:00,Hot-Wet,2010-02-07 03:00:00
15.29611511,-18.79755249,LA12,2010-02-07,03:20:00 AM,03:20:00,Hot-Wet,2010-02-07 03:20:00
15.29607951,-18.79756673,LA12,2010-02-07,03:40:00 AM,03:40:00,Hot-Wet,2010-02-07 03:40:00
15.29614156,-18.79750773,LA12,2010-02-07,04:00:00 AM,04:00:00,Hot-Wet,2010-02-07 04:00:00
15.29650777,-18.79746704,LA12,2010-02-07,04:20:00 AM,04:20:00,Hot-Wet,2010-02-07 04:20:00
15.29710286,-18.79712118,LA12,2010-02-07,04:40:00 AM,04:40:00,Hot-Wet,2010-02-07 04:40:00
15.30012004,-18.79568685,LA12,2010-02-07,05:00:00 AM,05:00:00,Hot-Wet,2010-02-07 05:00:00
15.30383809,-18.79507039,LA12,2010-02-07,05:20:00 AM,05:20:00,Hot-Wet,2010-02-07 05:20:00
15.30341492,-18.78953451,LA12,2010-02-07,05:40:00 AM,05:40:00,Hot-Wet,2010-02-07 05:40:00
15.30266317,-18.78788452,LA12,2010-02-07,06:00:00 AM,06:00:00,Hot-Wet,2010-02-07 06:00:00
15.30491028,-18.78314616,LA12,2010-02-07,06:20:00 AM,06:20:00,Hot-Wet,2010-02-07 06:20:00
15.3069163,-18.78019206,LA12,2010-02-07,06:40:00 AM,06:40:00,Hot-Wet,2010-02-07 06:40:00
15.31051636,-18.78075765,LA12,2010-02-07,07:00:00 AM,07:00:00,Hot-Wet,2010-02-07 07:00:00
15.31158854,-18.77951457,LA12,2010-02-07,07:20:00 AM,07:20:00,Hot-Wet,2010-02-07 07:20:00
15.31268717,-18.77556356,LA12,2010-02-07,07:40:00 AM,07:40:00,Hot-Wet,2010-02-07 07:40:00
15.31018677,-18.77055054,LA12,2010-02-07,08:00:00 AM,08:00:00,Hot-Wet,2010-02-07 08:00:00
15.31141357,-18.77001139,LA12,2010-02-07,08:20:00 AM,08:20:00,Hot-Wet,2010-02-07 08:20:00
15.31450806,-18.77073364,LA12,2010-02-07,08:40:00 AM,08:40:00,Hot-Wet,2010-02-07 08:40:00
15.31612752,-18.77120158,LA12,2010-02-07,09:00:00 AM,09:00:00,Hot-Wet,2010-02-07 09:00:00
15.31678569,-18.77116699,LA12,2010-02-07,09:20:00 AM,09:20:00,Hot-Wet,2010-02-07 09:20:00
15.31668701,-18.77121582,LA12,2010-02-07,09:40:00 AM,09:40:00,Hot-Wet,2010-02-07 09:40:00
15.31728007,-18.7715861,LA12,2010-02-07,10:00:00 AM,10:00:00,Hot-Wet,2010-02-07 10:00:00
15.31809082,-18.77365926,LA12,2010-02-07,10:20:00 AM,10:20:00,Hot-Wet,2010-02-07 10:20:00
15.32016805,-18.77635091,LA12,2010-02-07,10:40:00 AM,10:40:00,Hot-Wet,2010-02-07 10:40:00
15.321875,-18.77739461,LA12,2010-02-07,11:00:00 AM,11:00:00,Hot-Wet,2010-02-07 11:00:00
15.32481588,-18.77799072,LA12,2010-02-07,11:20:00 AM,11:20:00,Hot-Wet,2010-02-07 11:20:00
15.32883403,-18.78226522,LA12,2010-02-07,11:40:00 AM,11:40:00,Hot-Wet,2010-02-07 11:40:00
15.32926839,-18.78303223,LA12,2010-02-07,12:00:00 PM,12:00:00,Hot-Wet,2010-02-07 12:00:00
15.32730204,-18.78824666,LA12,2010-02-07,12:20:00 PM,12:20:00,Hot-Wet,2010-02-07 12:20:00
15.32738241,-18.79580078,LA12,2010-02-07,12:40:00 PM,12:40:00,Hot-Wet,2010-02-07 12:40:00
15.32761027,-18.79599813,LA12,2010-02-07,01:00:00 PM,13:00:00,Hot-Wet,2010-02-07 13:00:00
15.32618815,-18.79944051,LA12,2010-02-07,01:20:00 PM,13:20:00,Hot-Wet,2010-02-07 13:20:00
15.31982422,-18.8035319,LA12,2010-02-07,01:40:00 PM,13:40:00,Hot-Wet,2010-02-07 13:40:00
15.31261495,-18.80524292,LA12,2010-02-07,02:01:00 PM,14:01:00,Hot-Wet,2010-02-07 14:01:00
15.31758423,-18.81091105,LA12,2010-02-07,02:20:00 PM,14:20:00,Hot-Wet,2010-02-07 14:20:00
15.32839355,-18.81415812,LA12,2010-02-07,02:40:00 PM,14:40:00,Hot-Wet,2010-02-07 14:40:00
15.33675842,-18.81605632,LA12,2010-02-07,03:00:00 PM,15:00:00,Hot-Wet,2010-02-07 15:00:00
15.34422913,-18.81858927,LA12,2010-02-07,03:20:00 PM,15:20:00,Hot-Wet,2010-02-07 15:20:00
15.35066833,-18.81454875,LA12,2010-02-07,03:40:00 PM,15:40:00,Hot-Wet,2010-02-07 15:40:00
15.35089111,-18.81300252,LA12,2010-02-07,04:00:00 PM,16:00:00,Hot-Wet,2010-02-07 16:00:00
15.35144348,-18.81009928,LA12,2010-02-07,04:20:00 PM,16:20:00,Hot-Wet,2010-02-07 16:20:00
15.35316467,-18.81353556,LA12,2010-02-07,04:40:00 PM,16:40:00,Hot-Wet,2010-02-07 16:40:00
15.35497945,-18.81786092,LA12,2010-02-07,05:00:00 PM,17:00:00,Hot-Wet,2010-02-07 17:00:00
15.35544434,-18.8241984,LA12,2010-02-07,05:20:00 PM,17:20:00,Hot-Wet,2010-02-07 17:20:00
15.35706685,-18.82839355,LA12,2010-02-07,05:40:00 PM,17:40:00,Hot-Wet,2010-02-07 17:40:00
15.35849101,-18.82990112,LA12,2010-02-07,06:00:00 PM,18:00:00,Hot-Wet,2010-02-07 18:00:00
15.35811869,-18.83155518,LA12,2010-02-07,06:20:00 PM,18:20:00,Hot-Wet,2010-02-07 18:20:00
15.35970561,-18.83272298,LA12,2010-02-07,06:40:00 PM,18:40:00,Hot-Wet,2010-02-07 18:40:00
15.36359456,-18.83055013,LA12,2010-02-07,07:00:00 PM,19:00:00,Hot-Wet,2010-02-07 19:00:00
15.36357625,-18.83058065,LA12,2010-02-07,07:20:00 PM,19:20:00,Hot-Wet,2010-02-07 19:20:00
15.36467387,-18.83249105,LA12,2010-02-07,07:40:00 PM,19:40:00,Hot-Wet,2010-02-07 19:40:00
15.36636658,-18.83297323,LA12,2010-02-07,08:00:00 PM,20:00:00,Hot-Wet,2010-02-07 20:00:00
15.36703288,-18.8343221,LA12,2010-02-07,08:20:00 PM,20:20:00,Hot-Wet,2010-02-07 20:20:00
15.36730042,-18.83470662,LA12,2010-02-07,08:40:00 PM,20:40:00,Hot-Wet,2010-02-07 20:40:00
15.36729635,-18.8347229,LA12,2010-02-07,09:00:00 PM,21:00:00,Hot-Wet,2010-02-07 21:00:00
15.36730042,-18.83467611,LA12,2010-02-07,09:20:00 PM,21:20:00,Hot-Wet,2010-02-07 21:20:00
15.3673116,-18.83469035,LA12,2010-02-07,09:40:00 PM,21:40:00,Hot-Wet,2010-02-07 21:40:00
15.36729126,-18.83469442,LA12,2010-02-07,10:00:00 PM,22:00:00,Hot-Wet,2010-02-07 22:00:00
15.36730957,-18.83472493,LA12,2010-02-07,10:20:00 PM,22:20:00,Hot-Wet,2010-02-07 22:20:00
15.36731567,-18.83470052,LA12,2010-02-07,10:40:00 PM,22:40:00,Hot-Wet,2010-02-07 22:40:00
15.36736247,-18.83465576,LA12,2010-02-07,11:00:00 PM,23:00:00,Hot-Wet,2010-02-07 23:00:00
15.36803894,-18.83382975,LA12,2010-02-07,11:20:00 PM,23:20:00,Hot-Wet,2010-02-07 23:20:00
15.36941121,-18.83205973,LA12,2010-02-07,11:40:00 PM,23:40:00,Hot-Wet,2010-02-07 23:40:00
15.37142639,-18.83094686,LA12,2010-02-08,12:00:00 AM,00:00:00,Hot-Wet,2010-02-08 00:00:00
15.37358093,-18.8315328,LA12,2010-02-08,12:20:00 AM,00:20:00,Hot-Wet,2010-02-08 00:20:00
15.37209574,-18.83250936,LA12,2010-02-08,12:40:00 AM,00:40:00,Hot-Wet,2010-02-08 00:40:00
15.37200928,-18.83305461,LA12,2010-02-08,01:00:00 AM,01:00:00,Hot-Wet,2010-02-08 01:00:00
15.37162272,-18.83190308,LA12,2010-02-08,01:20:00 AM,01:20:00,Hot-Wet,2010-02-08 01:20:00
15.37068481,-18.83210042,LA12,2010-02-08,01:40:00 AM,01:40:00,Hot-Wet,2010-02-08 01:40:00
15.37069397,-18.83209635,LA12,2010-02-08,02:00:00 AM,02:00:00,Hot-Wet,2010-02-08 02:00:00
15.37073364,-18.83208008,LA12,2010-02-08,02:20:00 AM,02:20:00,Hot-Wet,2010-02-08 02:20:00
15.37096354,-18.83208008,LA12,2010-02-08,02:40:00 AM,02:40:00,Hot-Wet,2010-02-08 02:40:00
15.37080892,-18.83238525,LA12,2010-02-08,03:00:00 AM,03:00:00,Hot-Wet,2010-02-08 03:00:00
15.37112935,-18.83225505,LA12,2010-02-08,03:20:00 AM,03:20:00,Hot-Wet,2010-02-08 03:20:00
15.37160848,-18.83122355,LA12,2010-02-08,03:40:00 AM,03:40:00,Hot-Wet,2010-02-08 03:40:00
15.37171021,-18.8311259,LA12,2010-02-08,04:00:00 AM,04:00:00,Hot-Wet,2010-02-08 04:00:00
15.37164001,-18.83070679,LA12,2010-02-08,04:20:00 AM,04:20:00,Hot-Wet,2010-02-08 04:20:00
15.37138367,-18.83000285,LA12,2010-02-08,04:40:00 AM,04:40:00,Hot-Wet,2010-02-08 04:40:00
15.37355143,-18.82879842,LA12,2010-02-08,05:00:00 AM,05:00:00,Hot-Wet,2010-02-08 05:00:00
15.37497253,-18.82769165,LA12,2010-02-08,05:20:00 AM,05:20:00,Hot-Wet,2010-02-08 05:20:00
15.37731018,-18.82395833,LA12,2010-02-08,05:40:00 AM,05:40:00,Hot-Wet,2010-02-08 05:40:00
15.37868245,-18.8173645,LA12,2010-02-08,06:00:00 AM,06:00:00,Hot-Wet,2010-02-08 06:00:00
15.38155619,-18.81108398,LA12,2010-02-08,06:20:00 AM,06:20:00,Hot-Wet,2010-02-08 06:20:00
15.38134054,-18.8052063,LA12,2010-02-08,06:40:00 AM,06:40:00,Hot-Wet,2010-02-08 06:40:00
15.38296,-18.8026062,LA12,2010-02-08,07:00:00 AM,07:00:00,Hot-Wet,2010-02-08 07:00:00
15.38644511,-18.80326538,LA12,2010-02-08,07:20:00 AM,07:20:00,Hot-Wet,2010-02-08 07:20:00
15.38724264,-18.80058797,LA12,2010-02-08,07:40:00 AM,07:40:00,Hot-Wet,2010-02-08 07:40:00
15.38625285,-18.79621989,LA12,2010-02-08,08:00:00 AM,08:00:00,Hot-Wet,2010-02-08 08:00:00
15.38621623,-18.79539795,LA12,2010-02-08,08:20:00 AM,08:20:00,Hot-Wet,2010-02-08 08:20:00
15.38647868,-18.79514771,LA12,2010-02-08,08:40:00 AM,08:40:00,Hot-Wet,2010-02-08 08:40:00
15.38573303,-18.79535726,LA12,2010-02-08,09:00:00 AM,09:00:00,Hot-Wet,2010-02-08 09:00:00
15.38592529,-18.79517822,LA12,2010-02-08,09:20:00 AM,09:20:00,Hot-Wet,2010-02-08 09:20:00
15.38585917,-18.79478149,LA12,2010-02-08,09:40:00 AM,09:40:00,Hot-Wet,2010-02-08 09:40:00
15.38613281,-18.79430949,LA12,2010-02-08,10:00:00 AM,10:00:00,Hot-Wet,2010-02-08 10:00:00
15.38766276,-18.79247843,LA12,2010-02-08,10:20:00 AM,10:20:00,Hot-Wet,2010-02-08 10:20:00
15.38821106,-18.79240926,LA12,2010-02-08,10:40:00 AM,10:40:00,Hot-Wet,2010-02-08 10:40:00
15.38926188,-18.79240112,LA12,2010-02-08,11:00:00 AM,11:00:00,Hot-Wet,2010-02-08 11:00:00
15.39296061,-18.79302572,LA12,2010-02-08,11:20:00 AM,11:20:00,Hot-Wet,2010-02-08 11:20:00
15.38993429,-18.79356079,LA12,2010-02-08,11:40:00 AM,11:40:00,Hot-Wet,2010-02-08 11:40:00
15.3898234,-18.79355265,LA12,2010-02-08,12:00:00 PM,12:00:00,Hot-Wet,2010-02-08 12:00:00
15.38959249,-18.79319661,LA12,2010-02-08,12:20:00 PM,12:20:00,Hot-Wet,2010-02-08 12:20:00
15.38873901,-18.79347331,LA12,2010-02-08,12:40:00 PM,12:40:00,Hot-Wet,2010-02-08 12:40:00
15.3882548,-18.79369507,LA12,2010-02-08,01:00:00 PM,13:00:00,Hot-Wet,2010-02-08 13:00:00
15.38825175,-18.79369507,LA12,2010-02-08,01:20:00 PM,13:20:00,Hot-Wet,2010-02-08 13:20:00
15.38792013,-18.79380493,LA12,2010-02-08,01:40:00 PM,13:40:00,Hot-Wet,2010-02-08 13:40:00
15.3862325,-18.793809,LA12,2010-02-08,02:00:00 PM,14:00:00,Hot-Wet,2010-02-08 14:00:00
15.38180644,-18.79263713,LA12,2010-02-08,02:20:00 PM,14:20:00,Hot-Wet,2010-02-08 14:20:00
15.38181356,-18.79116821,LA12,2010-02-08,02:40:00 PM,14:40:00,Hot-Wet,2010-02-08 14:40:00
15.38125305,-18.7891276,LA12,2010-02-08,03:00:00 PM,15:00:00,Hot-Wet,2010-02-08 15:00:00
15.38128153,-18.78910116,LA12,2010-02-08,03:20:00 PM,15:20:00,Hot-Wet,2010-02-08 15:20:00
15.38129069,-18.78909302,LA12,2010-02-08,03:40:00 PM,15:40:00,Hot-Wet,2010-02-08 15:40:00
15.38120321,-18.78901774,LA12,2010-02-08,04:00:00 PM,16:00:00,Hot-Wet,2010-02-08 16:00:00
15.38131612,-18.7887146,LA12,2010-02-08,04:20:00 PM,16:20:00,Hot-Wet,2010-02-08 16:20:00
15.38294678,-18.78998617,LA12,2010-02-08,04:40:00 PM,16:40:00,Hot-Wet,2010-02-08 16:40:00
15.39083964,-18.7922994,LA12,2010-02-08,05:00:00 PM,17:00:00,Hot-Wet,2010-02-08 17:00:00
15.39260356,-18.79282227,LA12,2010-02-08,05:20:00 PM,17:20:00,Hot-Wet,2010-02-08 17:20:00
15.39393412,-18.79047852,LA12,2010-02-08,05:40:00 PM,17:40:00,Hot-Wet,2010-02-08 17:40:00
15.39582621,-18.79053548,LA12,2010-02-08,06:00:00 PM,18:00:00,Hot-Wet,2010-02-08 18:00:00
15.39594421,-18.79087728,LA12,2010-02-08,06:20:00 PM,18:20:00,Hot-Wet,2010-02-08 18:20:00
15.39586283,-18.79110718,LA12,2010-02-08,06:40:00 PM,18:40:00,Hot-Wet,2010-02-08 18:40:00
15.39598999,-18.79113159,LA12,2010-02-08,07:00:00 PM,19:00:00,Hot-Wet,2010-02-08 19:00:00
15.3961558,-18.79112549,LA12,2010-02-08,07:20:00 PM,19:20:00,Hot-Wet,2010-02-08 19:20:00
15.39724833,-18.79347738,LA12,2010-02-08,07:40:00 PM,19:40:00,Hot-Wet,2010-02-08 19:40:00
15.39857483,-18.79459839,LA12,2010-02-08,08:00:00 PM,20:00:00,Hot-Wet,2010-02-08 20:00:00
15.39843648,-18.79479167,LA12,2010-02-08,08:20:00 PM,20:20:00,Hot-Wet,2010-02-08 20:20:00
15.3987559,-18.79515177,LA12,2010-02-08,08:40:00 PM,20:40:00,Hot-Wet,2010-02-08 20:40:00
15.39924215,-18.79536336,LA12,2010-02-08,09:00:00 PM,21:00:00,Hot-Wet,2010-02-08 21:00:00
15.39898376,-18.79563395,LA12,2010-02-08,09:20:00 PM,21:20:00,Hot-Wet,2010-02-08 21:20:00
15.39840088,-18.79569092,LA12,2010-02-08,09:40:00 PM,21:40:00,Hot-Wet,2010-02-08 21:40:00
15.39821472,-18.79626058,LA12,2010-02-08,10:00:00 PM,22:00:00,Hot-Wet,2010-02-08 22:00:00
15.3976532,-18.79635213,LA12,2010-02-08,10:20:00 PM,22:20:00,Hot-Wet,2010-02-08 22:20:00
15.39627584,-18.79565226,LA12,2010-02-08,10:40:00 PM,22:40:00,Hot-Wet,2010-02-08 22:40:00
15.39676005,-18.79639689,LA12,2010-02-08,11:00:00 PM,23:00:00,Hot-Wet,2010-02-08 23:00:00
15.39816081,-18.79662476,LA12,2010-02-08,11:20:00 PM,23:20:00,Hot-Wet,2010-02-08 23:20:00
15.39856567,-18.79602661,LA12,2010-02-08,11:40:00 PM,23:40:00,Hot-Wet,2010-02-08 23:40:00
15.39830119,-18.79558105,LA12,2010-02-09,12:00:00 AM,00:00:00,Hot-Wet,2010-02-09 00:00:00
15.39642131,-18.7957133,LA12,2010-02-09,12:20:00 AM,00:20:00,Hot-Wet,2010-02-09 00:20:00
15.39553935,-18.7940328,LA12,2010-02-09,12:40:00 AM,00:40:00,Hot-Wet,2010-02-09 00:40:00
15.39549764,-18.79406738,LA12,2010-02-09,01:00:00 AM,01:00:00,Hot-Wet,2010-02-09 01:00:00
15.39554952,-18.79410807,LA12,2010-02-09,01:20:00 AM,01:20:00,Hot-Wet,2010-02-09 01:20:00
15.39551595,-18.79403687,LA12,2010-02-09,01:40:00 AM,01:40:00,Hot-Wet,2010-02-09 01:40:00
15.39552816,-18.79401449,LA12,2010-02-09,02:00:00 AM,02:00:00,Hot-Wet,2010-02-09 02:00:00
15.39549967,-18.79405111,LA12,2010-02-09,02:20:00 AM,02:20:00,Hot-Wet,2010-02-09 02:20:00
15.39551799,-18.79408366,LA12,2010-02-09,02:40:00 AM,02:40:00,Hot-Wet,2010-02-09 02:40:00
15.39554647,-18.79413045,LA12,2010-02-09,03:00:00 AM,03:00:00,Hot-Wet,2010-02-09 03:00:00
15.39553528,-18.79405518,LA12,2010-02-09,03:20:00 AM,03:20:00,Hot-Wet,2010-02-09 03:20:00
15.39552409,-18.79406331,LA12,2010-02-09,03:40:00 AM,03:40:00,Hot-Wet,2010-02-09 03:40:00
15.39552917,-18.79405924,LA12,2010-02-09,04:00:00 AM,04:00:00,Hot-Wet,2010-02-09 04:00:00
15.39549561,-18.79408162,LA12,2010-02-09,04:20:00 AM,04:20:00,Hot-Wet,2010-02-09 04:20:00
15.39529419,-18.7935201,LA12,2010-02-09,04:40:00 AM,04:40:00,Hot-Wet,2010-02-09 04:40:00
15.39550374,-18.7912557,LA12,2010-02-09,05:00:00 AM,05:00:00,Hot-Wet,2010-02-09 05:00:00
15.39555766,-18.79115804,LA12,2010-02-09,05:20:00 AM,05:20:00,Hot-Wet,2010-02-09 05:20:00
15.39538167,-18.79099325,LA12,2010-02-09,05:40:00 AM,05:40:00,Hot-Wet,2010-02-09 05:40:00
15.39641317,-18.7909078,LA12,2010-02-09,06:00:00 AM,06:00:00,Hot-Wet,2010-02-09 06:00:00
15.39512024,-18.79136963,LA12,2010-02-09,06:20:00 AM,06:20:00,Hot-Wet,2010-02-09 06:20:00
15.39118551,-18.79113566,LA12,2010-02-09,06:40:00 AM,06:40:00,Hot-Wet,2010-02-09 06:40:00
15.38637797,-18.79036051,LA12,2010-02-09,07:00:00 AM,07:00:00,Hot-Wet,2010-02-09 07:00:00
15.38597717,-18.79054565,LA12,2010-02-09,07:20:00 AM,07:20:00,Hot-Wet,2010-02-09 07:20:00
15.38600871,-18.79057414,LA12,2010-02-09,07:40:00 AM,07:40:00,Hot-Wet,2010-02-09 07:40:00
15.38374329,-18.78935954,LA12,2010-02-09,08:00:00 AM,08:00:00,Hot-Wet,2010-02-09 08:00:00
15.38224996,-18.7892863,LA12,2010-02-09,08:20:00 AM,08:20:00,Hot-Wet,2010-02-09 08:20:00
15.38185018,-18.78901367,LA12,2010-02-09,08:40:00 AM,08:40:00,Hot-Wet,2010-02-09 08:40:00
15.38192749,-18.78844401,LA12,2010-02-09,09:00:00 AM,09:00:00,Hot-Wet,2010-02-09 09:00:00
15.38251648,-18.78871867,LA12,2010-02-09,09:20:00 AM,09:20:00,Hot-Wet,2010-02-09 09:20:00
15.38423971,-18.7894755,LA12,2010-02-09,09:40:00 AM,09:40:00,Hot-Wet,2010-02-09 09:40:00
15.39081319,-18.79228923,LA12,2010-02-09,10:00:00 AM,10:00:00,Hot-Wet,2010-02-09 10:00:00
15.39500732,-18.79244995,LA12,2010-02-09,10:20:00 AM,10:20:00,Hot-Wet,2010-02-09 10:20:00
15.39654541,-18.79332479,LA12,2010-02-09,10:40:00 AM,10:40:00,Hot-Wet,2010-02-09 10:40:00
15.39870911,-18.79418335,LA12,2010-02-09,11:00:00 AM,11:00:00,Hot-Wet,2010-02-09 11:00:00
15.39870097,-18.79381307,LA12,2010-02-09,11:20:00 AM,11:20:00,Hot-Wet,2010-02-09 11:20:00
15.39836222,-18.79309285,LA12,2010-02-09,11:40:00 AM,11:40:00,Hot-Wet,2010-02-09 11:40:00
15.39789429,-18.79296875,LA12,2010-02-09,12:00:00 PM,12:00:00,Hot-Wet,2010-02-09 12:00:00
15.3977946,-18.79291178,LA12,2010-02-09,12:20:00 PM,12:20:00,Hot-Wet,2010-02-09 12:20:00
15.39592794,-18.79214274,LA12,2010-02-09,12:40:00 PM,12:40:00,Hot-Wet,2010-02-09 12:40:00
15.39791463,-18.79217936,LA12,2010-02-09,01:00:00 PM,13:00:00,Hot-Wet,2010-02-09 13:00:00
15.4058787,-18.79220378,LA12,2010-02-09,01:20:00 PM,13:20:00,Hot-Wet,2010-02-09 13:20:00
15.41020813,-18.79689941,LA12,2010-02-09,01:40:00 PM,13:40:00,Hot-Wet,2010-02-09 13:40:00
15.41414083,-18.79242554,LA12,2010-02-09,02:00:00 PM,14:00:00,Hot-Wet,2010-02-09 14:00:00
15.41450806,-18.79106038,LA12,2010-02-09,02:20:00 PM,14:20:00,Hot-Wet,2010-02-09 14:20:00
15.41444499,-18.79107463,LA12,2010-02-09,02:40:00 PM,14:40:00,Hot-Wet,2010-02-09 14:40:00
15.41507772,-18.79246012,LA12,2010-02-09,03:00:00 PM,15:00:00,Hot-Wet,2010-02-09 15:00:00
15.41556498,-18.79163615,LA12,2010-02-09,03:20:00 PM,15:20:00,Hot-Wet,2010-02-09 15:20:00
15.41800232,-18.79549154,LA12,2010-02-09,03:40:00 PM,15:40:00,Hot-Wet,2010-02-09 15:40:00
15.41817322,-18.79899089,LA12,2010-02-09,04:00:00 PM,16:00:00,Hot-Wet,2010-02-09 16:00:00
15.41968892,-18.80257975,LA12,2010-02-09,04:20:00 PM,16:20:00,Hot-Wet,2010-02-09 16:20:00
15.41993713,-18.80551147,LA12,2010-02-09,04:40:00 PM,16:40:00,Hot-Wet,2010-02-09 16:40:00
15.42004903,-18.8079244,LA12,2010-02-09,05:00:00 PM,17:00:00,Hot-Wet,2010-02-09 17:00:00
15.41948039,-18.80833944,LA12,2010-02-09,05:20:00 PM,17:20:00,Hot-Wet,2010-02-09 17:20:00
15.41883952,-18.80818685,LA12,2010-02-09,05:40:00 PM,17:40:00,Hot-Wet,2010-02-09 17:40:00
15.41833598,-18.80814412,LA12,2010-02-09,06:00:00 PM,18:00:00,Hot-Wet,2010-02-09 18:00:00
15.41806641,-18.80790202,LA12,2010-02-09,06:20:00 PM,18:20:00,Hot-Wet,2010-02-09 18:20:00
15.41658936,-18.8070516,LA12,2010-02-09,06:40:00 PM,18:40:00,Hot-Wet,2010-02-09 18:40:00
15.4159668,-18.80649211,LA12,2010-02-09,07:00:00 PM,19:00:00,Hot-Wet,2010-02-09 19:00:00
15.41578369,-18.80618896,LA12,2010-02-09,07:20:00 PM,19:20:00,Hot-Wet,2010-02-09 19:20:00
15.4152537,-18.80581665,LA12,2010-02-09,07:40:00 PM,19:40:00,Hot-Wet,2010-02-09 19:40:00
15.41414897,-18.80495402,LA12,2010-02-09,08:00:00 PM,20:00:00,Hot-Wet,2010-02-09 20:00:00
15.41262207,-18.80439046,LA12,2010-02-09,08:20:00 PM,20:20:00,Hot-Wet,2010-02-09 20:20:00
15.41179504,-18.80385742,LA12,2010-02-09,08:40:00 PM,20:40:00,Hot-Wet,2010-02-09 20:40:00
15.4101237,-18.80337728,LA12,2010-02-09,09:00:00 PM,21:00:00,Hot-Wet,2010-02-09 21:00:00
15.40860697,-18.80242513,LA12,2010-02-09,09:20:00 PM,21:20:00,Hot-Wet,2010-02-09 21:20:00
15.40735779,-18.79874471,LA12,2010-02-09,09:40:00 PM,21:40:00,Hot-Wet,2010-02-09 21:40:00
15.40701497,-18.79836629,LA12,2010-02-09,10:00:00 PM,22:00:00,Hot-Wet,2010-02-09 22:00:00
15.40718994,-18.79856364,LA12,2010-02-09,10:20:00 PM,22:20:00,Hot-Wet,2010-02-09 22:20:00
15.40682576,-18.79730225,LA12,2010-02-09,10:40:00 PM,22:40:00,Hot-Wet,2010-02-09 22:40:00
15.40683187,-18.79732869,LA12,2010-02-09,11:00:00 PM,23:00:00,Hot-Wet,2010-02-09 23:00:00
15.40683797,-18.7973348,LA12,2010-02-09,11:20:00 PM,23:20:00,Hot-Wet,2010-02-09 23:20:00
15.40682271,-18.79730835,LA12,2010-02-09,11:40:00 PM,23:40:00,Hot-Wet,2010-02-09 23:40:00
15.40682576,-18.79732056,LA12,2010-02-10,12:00:00 AM,00:00:00,Hot-Wet,2010-02-10 00:00:00
15.40681864,-18.7973348,LA12,2010-02-10,12:20:00 AM,00:20:00,Hot-Wet,2010-02-10 00:20:00
15.40682373,-18.79730225,LA12,2010-02-10,12:40:00 AM,00:40:00,Hot-Wet,2010-02-10 00:40:00
15.40681763,-18.79732869,LA12,2010-02-10,01:00:00 AM,01:00:00,Hot-Wet,2010-02-10 01:00:00
15.40679525,-18.79730835,LA12,2010-02-10,01:20:00 AM,01:20:00,Hot-Wet,2010-02-10 01:20:00
15.4067983,-18.79729411,LA12,2010-02-10,01:40:00 AM,01:40:00,Hot-Wet,2010-02-10 01:40:00
15.40680542,-18.79731038,LA12,2010-02-10,02:00:00 AM,02:00:00,Hot-Wet,2010-02-10 02:00:00
15.40677897,-18.79724121,LA12,2010-02-10,02:20:00 AM,02:20:00,Hot-Wet,2010-02-10 02:20:00
15.40677592,-18.79724528,LA12,2010-02-10,02:40:00 AM,02:40:00,Hot-Wet,2010-02-10 02:40:00
15.40677389,-18.79724528,LA12,2010-02-10,03:00:00 AM,03:00:00,Hot-Wet,2010-02-10 03:00:00
15.40681661,-18.79721273,LA12,2010-02-10,03:20:00 AM,03:20:00,Hot-Wet,2010-02-10 03:20:00
15.40682068,-18.79720662,LA12,2010-02-10,03:40:00 AM,03:40:00,Hot-Wet,2010-02-10 03:40:00
15.4068634,-18.79725138,LA12,2010-02-10,04:00:00 AM,04:00:00,Hot-Wet,2010-02-10 04:00:00
15.40672302,-18.7978007,LA12,2010-02-10,04:20:00 AM,04:20:00,Hot-Wet,2010-02-10 04:20:00
15.40623881,-18.79781087,LA12,2010-02-10,04:40:00 AM,04:40:00,Hot-Wet,2010-02-10 04:40:00
15.40873006,-18.79550985,LA12,2010-02-10,05:00:00 AM,05:00:00,Hot-Wet,2010-02-10 05:00:00
15.40913493,-18.79335938,LA12,2010-02-10,05:20:00 AM,05:20:00,Hot-Wet,2010-02-10 05:20:00
15.40861816,-18.79209391,LA12,2010-02-10,05:40:00 AM,05:40:00,Hot-Wet,2010-02-10 05:40:00
15.40750122,-18.79219971,LA12,2010-02-10,06:00:00 AM,06:00:00,Hot-Wet,2010-02-10 06:00:00
15.40605672,-18.790448,LA12,2010-02-10,06:20:00 AM,06:20:00,Hot-Wet,2010-02-10 06:20:00
15.40587769,-18.78998617,LA12,2010-02-10,06:40:00 AM,06:40:00,Hot-Wet,2010-02-10 06:40:00
15.40567729,-18.79005941,LA12,2010-02-10,07:00:00 AM,07:00:00,Hot-Wet,2010-02-10 07:00:00
15.40567424,-18.79019165,LA12,2010-02-10,07:20:00 AM,07:20:00,Hot-Wet,2010-02-10 07:20:00
15.40560303,-18.79001058,LA12,2010-02-10,07:40:00 AM,07:40:00,Hot-Wet,2010-02-10 07:40:00
15.40472616,-18.78905029,LA12,2010-02-10,08:00:00 AM,08:00:00,Hot-Wet,2010-02-10 08:00:00
15.40426127,-18.78877157,LA12,2010-02-10,08:20:00 AM,08:20:00,Hot-Wet,2010-02-10 08:20:00
15.40181783,-18.78966064,LA12,2010-02-10,08:40:00 AM,08:40:00,Hot-Wet,2010-02-10 08:40:00
15.39886068,-18.79140625,LA12,2010-02-10,09:00:00 AM,09:00:00,Hot-Wet,2010-02-10 09:00:00
15.39874776,-18.78759562,LA12,2010-02-10,09:20:00 AM,09:20:00,Hot-Wet,2010-02-10 09:20:00
15.40032247,-18.78726603,LA12,2010-02-10,09:40:00 AM,09:40:00,Hot-Wet,2010-02-10 09:40:00
15.40410156,-18.7885437,LA12,2010-02-10,10:00:00 AM,10:00:00,Hot-Wet,2010-02-10 10:00:00
15.4066864,-18.79187826,LA12,2010-02-10,10:20:00 AM,10:20:00,Hot-Wet,2010-02-10 10:20:00
15.40709635,-18.79391276,LA12,2010-02-10,10:40:00 AM,10:40:00,Hot-Wet,2010-02-10 10:40:00
15.40941162,-18.793986,LA12,2010-02-10,11:00:00 AM,11:00:00,Hot-Wet,2010-02-10 11:00:00
15.41126099,-18.79395955,LA12,2010-02-10,11:20:00 AM,11:20:00,Hot-Wet,2010-02-10 11:20:00
15.41222127,-18.79382121,LA12,2010-02-10,11:40:00 AM,11:40:00,Hot-Wet,2010-02-10 11:40:00
15.41554667,-18.79351603,LA12,2010-02-10,12:00:00 PM,12:00:00,Hot-Wet,2010-02-10 12:00:00
15.41679484,-18.79223022,LA12,2010-02-10,12:20:00 PM,12:20:00,Hot-Wet,2010-02-10 12:20:00
15.41884562,-18.7930481,LA12,2010-02-10,12:40:00 PM,12:40:00,Hot-Wet,2010-02-10 12:40:00
15.42160339,-18.79380086,LA12,2010-02-10,01:00:00 PM,13:00:00,Hot-Wet,2010-02-10 13:00:00
15.42274475,-18.79404907,LA12,2010-02-10,01:20:00 PM,13:20:00,Hot-Wet,2010-02-10 13:20:00
15.42398682,-18.79150391,LA12,2010-02-10,01:40:00 PM,13:40:00,Hot-Wet,2010-02-10 13:40:00
15.43265991,-18.79298503,LA12,2010-02-10,02:00:00 PM,14:00:00,Hot-Wet,2010-02-10 14:00:00
15.43805847,-18.79909465,LA12,2010-02-10,02:20:00 PM,14:20:00,Hot-Wet,2010-02-10 14:20:00
15.44610799,-18.79809163,LA12,2010-02-10,02:40:00 PM,14:40:00,Hot-Wet,2010-02-10 14:40:00
15.44912211,-18.79235026,LA12,2010-02-10,03:00:00 PM,15:00:00,Hot-Wet,2010-02-10 15:00:00
15.45574951,-18.79444784,LA12,2010-02-10,03:20:00 PM,15:20:00,Hot-Wet,2010-02-10 15:20:00
15.46162516,-18.80034587,LA12,2010-02-10,03:40:00 PM,15:40:00,Hot-Wet,2010-02-10 15:40:00
15.46380208,-18.81015625,LA12,2010-02-10,04:00:00 PM,16:00:00,Hot-Wet,2010-02-10 16:00:00
15.47413737,-18.81589966,LA12,2010-02-10,04:20:00 PM,16:20:00,Hot-Wet,2010-02-10 16:20:00
15.47837626,-18.81533203,LA12,2010-02-10,04:40:00 PM,16:40:00,Hot-Wet,2010-02-10 16:40:00
15.47921549,-18.81496785,LA12,2010-02-10,05:00:00 PM,17:00:00,Hot-Wet,2010-02-10 17:00:00
15.48027852,-18.81403605,LA12,2010-02-10,05:20:00 PM,17:20:00,Hot-Wet,2010-02-10 17:20:00
15.48329163,-18.81066895,LA12,2010-02-10,05:40:00 PM,17:40:00,Hot-Wet,2010-02-10 17:40:00
15.48383484,-18.80900675,LA12,2010-02-10,06:00:00 PM,18:00:00,Hot-Wet,2010-02-10 18:00:00
15.48538208,-18.80686442,LA12,2010-02-10,06:20:00 PM,18:20:00,Hot-Wet,2010-02-10 18:20:00
15.48654073,-18.80612793,LA12,2010-02-10,06:40:00 PM,18:40:00,Hot-Wet,2010-02-10 18:40:00
15.49113668,-18.80242106,LA12,2010-02-10,07:00:00 PM,19:00:00,Hot-Wet,2010-02-10 19:00:00
15.49567464,-18.80060832,LA12,2010-02-10,07:20:00 PM,19:20:00,Hot-Wet,2010-02-10 19:20:00
15.49745687,-18.80145264,LA12,2010-02-10,07:40:00 PM,19:40:00,Hot-Wet,2010-02-10 19:40:00
15.49760946,-18.80190633,LA12,2010-02-10,08:00:00 PM,20:00:00,Hot-Wet,2010-02-10 20:00:00
15.49792989,-18.80188802,LA12,2010-02-10,08:20:00 PM,20:20:00,Hot-Wet,2010-02-10 20:20:00
15.49792786,-18.80205892,LA12,2010-02-10,08:40:00 PM,20:40:00,Hot-Wet,2010-02-10 20:40:00
15.4972758,-18.80238851,LA12,2010-02-10,09:00:00 PM,21:00:00,Hot-Wet,2010-02-10 21:00:00
15.4942454,-18.79982503,LA12,2010-02-10,09:20:00 PM,21:20:00,Hot-Wet,2010-02-10 21:20:00
15.49235535,-18.79866333,LA12,2010-02-10,09:40:00 PM,21:40:00,Hot-Wet,2010-02-10 21:40:00
15.49241842,-18.79790649,LA12,2010-02-10,10:00:00 PM,22:00:00,Hot-Wet,2010-02-10 22:00:00
15.49207153,-18.79752197,LA12,2010-02-10,10:20:00 PM,22:20:00,Hot-Wet,2010-02-10 22:20:00
15.49207357,-18.7975179,LA12,2010-02-10,10:40:00 PM,22:40:00,Hot-Wet,2010-02-10 22:40:00
15.49206034,-18.79751994,LA12,2010-02-10,11:00:00 PM,23:00:00,Hot-Wet,2010-02-10 23:00:00
15.49485067,-18.79521484,LA12,2010-02-10,11:20:00 PM,23:20:00,Hot-Wet,2010-02-10 23:20:00
15.49599304,-18.79456787,LA12,2010-02-10,11:40:00 PM,23:40:00,Hot-Wet,2010-02-10 23:40:00
15.4960083,-18.79459635,LA12,2010-02-11,12:00:00 AM,00:00:00,Hot-Wet,2010-02-11 00:00:00
15.49603577,-18.79457397,LA12,2010-02-11,12:20:00 AM,00:20:00,Hot-Wet,2010-02-11 00:20:00
15.49599304,-18.79458008,LA12,2010-02-11,12:40:00 AM,00:40:00,Hot-Wet,2010-02-11 00:40:00
15.49603068,-18.79458618,LA12,2010-02-11,01:00:00 AM,01:00:00,Hot-Wet,2010-02-11 01:00:00
15.49611715,-18.79446004,LA12,2010-02-11,01:20:00 AM,01:20:00,Hot-Wet,2010-02-11 01:20:00
15.4962148,-18.79445394,LA12,2010-02-11,01:40:00 AM,01:40:00,Hot-Wet,2010-02-11 01:40:00
15.49542948,-18.79385986,LA12,2010-02-11,02:00:00 AM,02:00:00,Hot-Wet,2010-02-11 02:00:00
15.49537964,-18.79375814,LA12,2010-02-11,02:20:00 AM,02:20:00,Hot-Wet,2010-02-11 02:20:00
15.49524129,-18.79258423,LA12,2010-02-11,02:40:00 AM,02:40:00,Hot-Wet,2010-02-11 02:40:00
15.49471232,-18.79267375,LA12,2010-02-11,03:00:00 AM,03:00:00,Hot-Wet,2010-02-11 03:00:00
15.4944753,-18.79262695,LA12,2010-02-11,03:20:00 AM,03:20:00,Hot-Wet,2010-02-11 03:20:00
15.49444885,-18.79260661,LA12,2010-02-11,03:40:00 AM,03:40:00,Hot-Wet,2010-02-11 03:40:00
15.49438578,-18.79255778,LA12,2010-02-11,04:00:00 AM,04:00:00,Hot-Wet,2010-02-11 04:00:00
15.49426168,-18.79346517,LA12,2010-02-11,04:20:00 AM,04:20:00,Hot-Wet,2010-02-11 04:20:00
15.49382121,-18.79293009,LA12,2010-02-11,04:40:00 AM,04:40:00,Hot-Wet,2010-02-11 04:40:00
15.49246724,-18.79226481,LA12,2010-02-11,05:00:00 AM,05:00:00,Hot-Wet,2010-02-11 05:00:00
15.49163208,-18.79003092,LA12,2010-02-11,05:20:00 AM,05:20:00,Hot-Wet,2010-02-11 05:20:00
15.49063822,-18.79001465,LA12,2010-02-11,05:40:00 AM,05:40:00,Hot-Wet,2010-02-11 05:40:00
15.48778381,-18.79007568,LA12,2010-02-11,06:00:00 AM,06:00:00,Hot-Wet,2010-02-11 06:00:00
15.48324178,-18.78998617,LA12,2010-02-11,06:20:00 AM,06:20:00,Hot-Wet,2010-02-11 06:20:00
15.48297628,-18.79003703,LA12,2010-02-11,06:40:00 AM,06:40:00,Hot-Wet,2010-02-11 06:40:00
15.48312785,-18.78667399,LA12,2010-02-11,07:00:00 AM,07:00:00,Hot-Wet,2010-02-11 07:00:00
15.48433228,-18.7867513,LA12,2010-02-11,07:20:00 AM,07:20:00,Hot-Wet,2010-02-11 07:20:00
15.48683777,-18.79009399,LA12,2010-02-11,07:40:00 AM,07:40:00,Hot-Wet,2010-02-11 07:40:00
15.48927816,-18.79043986,LA12,2010-02-11,08:00:00 AM,08:00:00,Hot-Wet,2010-02-11 08:00:00
15.49045614,-18.79332886,LA12,2010-02-11,08:20:00 AM,08:20:00,Hot-Wet,2010-02-11 08:20:00
15.49126892,-18.79347534,LA12,2010-02-11,08:40:00 AM,08:40:00,Hot-Wet,2010-02-11 08:40:00
15.49459737,-18.79005941,LA12,2010-02-11,09:00:00 AM,09:00:00,Hot-Wet,2010-02-11 09:00:00
15.49551493,-18.79015096,LA12,2010-02-11,09:20:00 AM,09:20:00,Hot-Wet,2010-02-11 09:20:00
15.498585,-18.78983561,LA12,2010-02-11,09:40:00 AM,09:40:00,Hot-Wet,2010-02-11 09:40:00
15.50993449,-18.78959757,LA12,2010-02-11,10:00:00 AM,10:00:00,Hot-Wet,2010-02-11 10:00:00
15.51930644,-18.78960368,LA12,2010-02-11,10:20:00 AM,10:20:00,Hot-Wet,2010-02-11 10:20:00
15.5248759,-18.78933105,LA12,2010-02-11,10:40:00 AM,10:40:00,Hot-Wet,2010-02-11 10:40:00
15.53080648,-18.79031372,LA12,2010-02-11,11:00:00 AM,11:00:00,Hot-Wet,2010-02-11 11:00:00
15.53689677,-18.7897522,LA12,2010-02-11,11:20:00 AM,11:20:00,Hot-Wet,2010-02-11 11:20:00
15.53797404,-18.78961385,LA12,2010-02-11,11:40:00 AM,11:40:00,Hot-Wet,2010-02-11 11:40:00
15.54022725,-18.78928019,LA12,2010-02-11,12:00:00 PM,12:00:00,Hot-Wet,2010-02-11 12:00:00
15.54015605,-18.78937581,LA12,2010-02-11,12:20:00 PM,12:20:00,Hot-Wet,2010-02-11 12:20:00
15.5423879,-18.78883057,LA12,2010-02-11,12:40:00 PM,12:40:00,Hot-Wet,2010-02-11 12:40:00
15.54300944,-18.78867391,LA12,2010-02-11,01:00:00 PM,13:00:00,Hot-Wet,2010-02-11 13:00:00
15.54355672,-18.78844808,LA12,2010-02-11,01:20:00 PM,13:20:00,Hot-Wet,2010-02-11 13:20:00
15.54445903,-18.78886108,LA12,2010-02-11,01:40:00 PM,13:40:00,Hot-Wet,2010-02-11 13:40:00
15.54553324,-18.78885701,LA12,2010-02-11,02:00:00 PM,14:00:00,Hot-Wet,2010-02-11 14:00:00
15.54613546,-18.78883667,LA12,2010-02-11,02:20:00 PM,14:20:00,Hot-Wet,2010-02-11 14:20:00
15.54770406,-18.78874512,LA12,2010-02-11,02:40:00 PM,14:40:00,Hot-Wet,2010-02-11 14:40:00
15.54968465,-18.78878784,LA12,2010-02-11,03:00:00 PM,15:00:00,Hot-Wet,2010-02-11 15:00:00
15.55084432,-18.78938599,LA12,2010-02-11,03:20:00 PM,15:20:00,Hot-Wet,2010-02-11 15:20:00
15.55108236,-18.79014689,LA12,2010-02-11,03:40:00 PM,15:40:00,Hot-Wet,2010-02-11 15:40:00
15.55147298,-18.790271,LA12,2010-02-11,04:00:00 PM,16:00:00,Hot-Wet,2010-02-11 16:00:00
15.55147196,-18.79027913,LA12,2010-02-11,04:20:00 PM,16:20:00,Hot-Wet,2010-02-11 16:20:00
15.55156759,-18.78972168,LA12,2010-02-11,04:40:00 PM,16:40:00,Hot-Wet,2010-02-11 16:40:00
15.55036316,-18.78949788,LA12,2010-02-11,05:00:00 PM,17:00:00,Hot-Wet,2010-02-11 17:00:00
15.54972432,-18.78981527,LA12,2010-02-11,05:20:00 PM,17:20:00,Hot-Wet,2010-02-11 17:20:00
15.54993998,-18.79224447,LA12,2010-02-11,05:40:00 PM,17:40:00,Hot-Wet,2010-02-11 17:40:00
15.54926351,-18.79671834,LA12,2010-02-11,06:00:00 PM,18:00:00,Hot-Wet,2010-02-11 18:00:00
15.54803772,-18.79923096,LA12,2010-02-11,06:20:00 PM,18:20:00,Hot-Wet,2010-02-11 18:20:00
15.54758301,-18.79987386,LA12,2010-02-11,06:40:00 PM,18:40:00,Hot-Wet,2010-02-11 18:40:00
15.54687907,-18.80001221,LA12,2010-02-11,07:00:00 PM,19:00:00,Hot-Wet,2010-02-11 19:00:00
15.54599915,-18.80026652,LA12,2010-02-11,07:20:00 PM,19:20:00,Hot-Wet,2010-02-11 19:20:00
15.5436849,-18.80138957,LA12,2010-02-11,07:40:00 PM,19:40:00,Hot-Wet,2010-02-11 19:40:00
15.54376424,-18.80150757,LA12,2010-02-11,08:00:00 PM,20:00:00,Hot-Wet,2010-02-11 20:00:00
15.54367167,-18.80149333,LA12,2010-02-11,08:20:00 PM,20:20:00,Hot-Wet,2010-02-11 20:20:00
15.54378967,-18.8014974,LA12,2010-02-11,08:40:00 PM,20:40:00,Hot-Wet,2010-02-11 20:40:00
15.54376221,-18.8015096,LA12,2010-02-11,09:00:00 PM,21:00:00,Hot-Wet,2010-02-11 21:00:00
15.54355062,-18.8015686,LA12,2010-02-11,09:20:00 PM,21:20:00,Hot-Wet,2010-02-11 21:20:00
15.54535116,-18.8014445,LA12,2010-02-11,09:40:00 PM,21:40:00,Hot-Wet,2010-02-11 21:40:00
15.54591166,-18.80074666,LA12,2010-02-11,10:00:00 PM,22:00:00,Hot-Wet,2010-02-11 22:00:00
15.54727885,-18.79973755,LA12,2010-02-11,10:20:00 PM,22:20:00,Hot-Wet,2010-02-11 22:20:00
15.54868266,-18.79797974,LA12,2010-02-11,10:40:00 PM,22:40:00,Hot-Wet,2010-02-11 22:40:00
15.54868978,-18.79797363,LA12,2010-02-11,11:00:00 PM,23:00:00,Hot-Wet,2010-02-11 23:00:00
15.5491394,-18.79758301,LA12,2010-02-11,11:20:00 PM,23:20:00,Hot-Wet,2010-02-11 23:20:00
15.55014242,-18.79613647,LA12,2010-02-11,11:40:00 PM,23:40:00,Hot-Wet,2010-02-11 23:40:00
15.55020243,-18.79620565,LA12,2010-02-12,12:00:00 AM,00:00:00,Hot-Wet,2010-02-12 00:00:00
15.55018107,-18.7961853,LA12,2010-02-12,12:20:00 AM,00:20:00,Hot-Wet,2010-02-12 00:20:00
15.5501943,-18.79618734,LA12,2010-02-12,12:40:00 AM,00:40:00,Hot-Wet,2010-02-12 00:40:00
15.55018514,-18.79618734,LA12,2010-02-12,01:00:00 AM,01:00:00,Hot-Wet,2010-02-12 01:00:00
15.55019836,-18.79618123,LA12,2010-02-12,01:20:00 AM,01:20:00,Hot-Wet,2010-02-12 01:20:00
15.55016378,-18.79619954,LA12,2010-02-12,01:40:00 AM,01:40:00,Hot-Wet,2010-02-12 01:40:00
15.54993184,-18.79624023,LA12,2010-02-12,02:00:00 AM,02:00:00,Hot-Wet,2010-02-12 02:00:00
15.54968262,-18.79626261,LA12,2010-02-12,02:20:00 AM,02:20:00,Hot-Wet,2010-02-12 02:20:00
15.54966125,-18.79625448,LA12,2010-02-12,02:40:00 AM,02:40:00,Hot-Wet,2010-02-12 02:40:00
15.54950968,-18.79564209,LA12,2010-02-12,03:00:00 AM,03:00:00,Hot-Wet,2010-02-12 03:00:00
15.5493988,-18.79539185,LA12,2010-02-12,03:20:00 AM,03:20:00,Hot-Wet,2010-02-12 03:20:00
15.54905396,-18.79535522,LA12,2010-02-12,03:40:00 AM,03:40:00,Hot-Wet,2010-02-12 03:40:00
15.54906209,-18.7953715,LA12,2010-02-12,04:00:00 AM,04:00:00,Hot-Wet,2010-02-12 04:00:00
15.54905396,-18.79536133,LA12,2010-02-12,04:20:00 AM,04:20:00,Hot-Wet,2010-02-12 04:20:00
15.54903564,-18.79539185,LA12,2010-02-12,04:40:00 AM,04:40:00,Hot-Wet,2010-02-12 04:40:00
15.54997559,-18.79498088,LA12,2010-02-12,05:00:00 AM,05:00:00,Hot-Wet,2010-02-12 05:00:00
15.5510498,-18.79260254,LA12,2010-02-12,05:20:00 AM,05:20:00,Hot-Wet,2010-02-12 05:20:00
15.55140991,-18.79075114,LA12,2010-02-12,05:40:00 AM,05:40:00,Hot-Wet,2010-02-12 05:40:00
15.5512146,-18.79066976,LA12,2010-02-12,06:00:00 AM,06:00:00,Hot-Wet,2010-02-12 06:00:00
15.54775085,-18.79347534,LA12,2010-02-12,06:20:00 AM,06:20:00,Hot-Wet,2010-02-12 06:20:00
15.54789734,-18.79319661,LA12,2010-02-12,06:40:00 AM,06:40:00,Hot-Wet,2010-02-12 06:40:00
15.55298157,-18.79167887,LA12,2010-02-12,07:00:00 AM,07:00:00,Hot-Wet,2010-02-12 07:00:00
15.55381775,-18.78946533,LA12,2010-02-12,07:20:00 AM,07:20:00,Hot-Wet,2010-02-12 07:20:00
15.55364787,-18.78919067,LA12,2010-02-12,07:40:00 AM,07:40:00,Hot-Wet,2010-02-12 07:40:00
15.55281372,-18.78984578,LA12,2010-02-12,08:00:00 AM,08:00:00,Hot-Wet,2010-02-12 08:00:00
15.55209554,-18.79060262,LA12,2010-02-12,08:20:00 AM,08:20:00,Hot-Wet,2010-02-12 08:20:00
15.55201823,-18.79059448,LA12,2010-02-12,08:40:00 AM,08:40:00,Hot-Wet,2010-02-12 08:40:00
15.55196025,-18.79051921,LA12,2010-02-12,09:00:00 AM,09:00:00,Hot-Wet,2010-02-12 09:00:00
15.5511261,-18.79107259,LA12,2010-02-12,09:20:00 AM,09:20:00,Hot-Wet,2010-02-12 09:20:00
15.54836121,-18.79201864,LA12,2010-02-12,09:40:00 AM,09:40:00,Hot-Wet,2010-02-12 09:40:00
15.54442139,-18.7943868,LA12,2010-02-12,10:00:00 AM,10:00:00,Hot-Wet,2010-02-12 10:00:00
15.54197489,-18.79802856,LA12,2010-02-12,10:20:00 AM,10:20:00,Hot-Wet,2010-02-12 10:20:00
15.53923035,-18.80076701,LA12,2010-02-12,10:40:00 AM,10:40:00,Hot-Wet,2010-02-12 10:40:00
15.53808289,-18.80183309,LA12,2010-02-12,11:00:00 AM,11:00:00,Hot-Wet,2010-02-12 11:00:00
15.537146,-18.80243734,LA12,2010-02-12,11:20:00 AM,11:20:00,Hot-Wet,2010-02-12 11:20:00
15.53439535,-18.80202637,LA12,2010-02-12,11:40:00 AM,11:40:00,Hot-Wet,2010-02-12 11:40:00
15.53301595,-18.80182292,LA12,2010-02-12,12:00:00 PM,12:00:00,Hot-Wet,2010-02-12 12:00:00
15.53043722,-18.80252686,LA12,2010-02-12,12:20:00 PM,12:20:00,Hot-Wet,2010-02-12 12:20:00
15.52573751,-18.8005839,LA12,2010-02-12,12:40:00 PM,12:40:00,Hot-Wet,2010-02-12 12:40:00
15.52349752,-18.80009562,LA12,2010-02-12,01:00:00 PM,13:00:00,Hot-Wet,2010-02-12 13:00:00
15.52145894,-18.79616292,LA12,2010-02-12,01:20:00 PM,13:20:00,Hot-Wet,2010-02-12 13:20:00
15.52082113,-18.79536947,LA12,2010-02-12,01:40:00 PM,13:40:00,Hot-Wet,2010-02-12 13:40:00
15.52074178,-18.79490356,LA12,2010-02-12,02:00:00 PM,14:00:00,Hot-Wet,2010-02-12 14:00:00
15.52075907,-18.79447225,LA12,2010-02-12,02:20:00 PM,14:20:00,Hot-Wet,2010-02-12 14:20:00
15.51869507,-18.7913147,LA12,2010-02-12,02:40:00 PM,14:40:00,Hot-Wet,2010-02-12 14:40:00
15.51923421,-18.79045207,LA12,2010-02-12,03:00:00 PM,15:00:00,Hot-Wet,2010-02-12 15:00:00
15.51977946,-18.79031779,LA12,2010-02-12,03:20:00 PM,15:20:00,Hot-Wet,2010-02-12 15:20:00
15.52180786,-18.78814697,LA12,2010-02-12,03:40:00 PM,15:40:00,Hot-Wet,2010-02-12 15:40:00
15.5226064,-18.78716838,LA12,2010-02-12,04:00:00 PM,16:00:00,Hot-Wet,2010-02-12 16:00:00
15.52220154,-18.78391317,LA12,2010-02-12,04:20:00 PM,16:20:00,Hot-Wet,2010-02-12 16:20:00
15.52105204,-18.78414307,LA12,2010-02-12,04:40:00 PM,16:40:00,Hot-Wet,2010-02-12 16:40:00
15.51971334,-18.78419393,LA12,2010-02-12,05:00:00 PM,17:00:00,Hot-Wet,2010-02-12 17:00:00
15.51990865,-18.78611654,LA12,2010-02-12,05:20:00 PM,17:20:00,Hot-Wet,2010-02-12 17:20:00
15.52064006,-18.78571981,LA12,2010-02-12,05:40:00 PM,17:40:00,Hot-Wet,2010-02-12 17:40:00
15.52216593,-18.78585815,LA12,2010-02-12,06:00:00 PM,18:00:00,Hot-Wet,2010-02-12 18:00:00
15.52270101,-18.7865214,LA12,2010-02-12,06:20:00 PM,18:20:00,Hot-Wet,2010-02-12 18:20:00
15.52357076,-18.78686117,LA12,2010-02-12,06:40:00 PM,18:40:00,Hot-Wet,2010-02-12 18:40:00
15.52437236,-18.78933716,LA12,2010-02-12,07:00:00 PM,19:00:00,Hot-Wet,2010-02-12 19:00:00
15.53036397,-18.78920085,LA12,2010-02-12,07:20:00 PM,19:20:00,Hot-Wet,2010-02-12 19:20:00
15.53126831,-18.79317017,LA12,2010-02-12,07:40:00 PM,19:40:00,Hot-Wet,2010-02-12 19:40:00
15.53210042,-18.79510905,LA12,2010-02-12,08:00:00 PM,20:00:00,Hot-Wet,2010-02-12 20:00:00
15.53219604,-18.79506836,LA12,2010-02-12,08:20:00 PM,20:20:00,Hot-Wet,2010-02-12 20:20:00
15.53226115,-18.79526774,LA12,2010-02-12,08:40:00 PM,20:40:00,Hot-Wet,2010-02-12 20:40:00
15.53196513,-18.7976298,LA12,2010-02-12,09:00:00 PM,21:00:00,Hot-Wet,2010-02-12 21:00:00
15.5324707,-18.79850667,LA12,2010-02-12,09:20:00 PM,21:20:00,Hot-Wet,2010-02-12 21:20:00
15.5318929,-18.79901326,LA12,2010-02-12,09:40:00 PM,21:40:00,Hot-Wet,2010-02-12 21:40:00
15.53000285,-18.79907633,LA12,2010-02-12,10:00:00 PM,22:00:00,Hot-Wet,2010-02-12 22:00:00
15.52976786,-18.79881388,LA12,2010-02-12,10:20:00 PM,22:20:00,Hot-Wet,2010-02-12 22:20:00
15.52914632,-18.79879761,LA12,2010-02-12,10:40:00 PM,22:40:00,Hot-Wet,2010-02-12 22:40:00
15.52855937,-18.79818319,LA12,2010-02-12,11:00:00 PM,23:00:00,Hot-Wet,2010-02-12 23:00:00
15.52932231,-18.79807536,LA12,2010-02-12,11:20:00 PM,23:20:00,Hot-Wet,2010-02-12 23:20:00
15.53019409,-18.79766439,LA12,2010-02-12,11:40:00 PM,23:40:00,Hot-Wet,2010-02-12 23:40:00
15.53031108,-18.79773966,LA12,2010-02-13,12:00:52 AM,00:00:00,Hot-Wet,2010-02-13 00:00:00
15.53024495,-18.79771729,LA12,2010-02-13,12:20:52 AM,00:20:00,Hot-Wet,2010-02-13 00:20:00
15.52976786,-18.7965861,LA12,2010-02-13,12:40:52 AM,00:40:00,Hot-Wet,2010-02-13 00:40:00
15.52952067,-18.79724121,LA12,2010-02-13,01:00:52 AM,01:00:00,Hot-Wet,2010-02-13 01:00:00
15.52958171,-18.79848836,LA12,2010-02-13,01:20:52 AM,01:20:00,Hot-Wet,2010-02-13 01:20:00
15.52952169,-18.79849854,LA12,2010-02-13,01:40:52 AM,01:40:00,Hot-Wet,2010-02-13 01:40:00
15.52945048,-18.79848836,LA12,2010-02-13,02:00:52 AM,02:00:00,Hot-Wet,2010-02-13 02:00:00
15.5296051,-18.7984904,LA12,2010-02-13,02:20:52 AM,02:20:00,Hot-Wet,2010-02-13 02:20:00
15.5295929,-18.7984965,LA12,2010-02-13,02:40:52 AM,02:40:00,Hot-Wet,2010-02-13 02:40:00
15.52958883,-18.79852498,LA12,2010-02-13,03:00:52 AM,03:00:00,Hot-Wet,2010-02-13 03:00:00
15.52957967,-18.79848836,LA12,2010-02-13,03:20:52 AM,03:20:00,Hot-Wet,2010-02-13 03:20:00
15.52920837,-18.79811198,LA12,2010-02-13,03:40:52 AM,03:40:00,Hot-Wet,2010-02-13 03:40:00
15.52886658,-18.79756877,LA12,2010-02-13,04:00:52 AM,04:00:00,Hot-Wet,2010-02-13 04:00:00
15.52886759,-18.79746908,LA12,2010-02-13,04:20:52 AM,04:20:00,Hot-Wet,2010-02-13 04:20:00
15.52964172,-18.79732666,LA12,2010-02-13,04:40:52 AM,04:40:00,Hot-Wet,2010-02-13 04:40:00
15.53007711,-18.79643758,LA12,2010-02-13,05:00:52 AM,05:00:00,Hot-Wet,2010-02-13 05:00:00
15.52874146,-18.79510295,LA12,2010-02-13,05:20:52 AM,05:20:00,Hot-Wet,2010-02-13 05:20:00
15.5275706,-18.79496867,LA12,2010-02-13,05:40:52 AM,05:40:00,Hot-Wet,2010-02-13 05:40:00
15.52662964,-18.79505208,LA12,2010-02-13,06:00:52 AM,06:00:00,Hot-Wet,2010-02-13 06:00:00
15.52864787,-18.79449056,LA12,2010-02-13,06:20:52 AM,06:20:00,Hot-Wet,2010-02-13 06:20:00
15.52829285,-18.79257609,LA12,2010-02-13,06:40:52 AM,06:40:00,Hot-Wet,2010-02-13 06:40:00
15.5264445,-18.78766479,LA12,2010-02-13,07:00:52 AM,07:00:00,Hot-Wet,2010-02-13 07:00:00
15.52626546,-18.78188883,LA12,2010-02-13,07:20:52 AM,07:20:00,Hot-Wet,2010-02-13 07:20:00
15.52782898,-18.77889201,LA12,2010-02-13,07:40:52 AM,07:40:00,Hot-Wet,2010-02-13 07:40:00
15.52961019,-18.77823893,LA12,2010-02-13,08:00:52 AM,08:00:00,Hot-Wet,2010-02-13 08:00:00
15.52980245,-18.77250366,LA12,2010-02-13,08:20:52 AM,08:20:00,Hot-Wet,2010-02-13 08:20:00
15.53198446,-18.77175293,LA12,2010-02-13,08:40:52 AM,08:40:00,Hot-Wet,2010-02-13 08:40:00
15.53648071,-18.77003581,LA12,2010-02-13,09:00:52 AM,09:00:00,Hot-Wet,2010-02-13 09:00:00
15.54360758,-18.77189535,LA12,2010-02-13,09:20:52 AM,09:20:00,Hot-Wet,2010-02-13 09:20:00
15.54876099,-18.77292277,LA12,2010-02-13,09:40:52 AM,09:40:00,Hot-Wet,2010-02-13 09:40:00
15.55504557,-18.77698364,LA12,2010-02-13,10:00:52 AM,10:00:00,Hot-Wet,2010-02-13 10:00:00
15.55680339,-18.77966512,LA12,2010-02-13,10:20:52 AM,10:20:00,Hot-Wet,2010-02-13 10:20:00
15.55970662,-18.78133138,LA12,2010-02-13,10:40:52 AM,10:40:00,Hot-Wet,2010-02-13 10:40:00
15.56330973,-18.78147583,LA12,2010-02-13,11:00:52 AM,11:00:00,Hot-Wet,2010-02-13 11:00:00
15.56427205,-18.77968547,LA12,2010-02-13,11:20:52 AM,11:20:00,Hot-Wet,2010-02-13 11:20:00
15.56577861,-18.78151245,LA12,2010-02-13,11:40:52 AM,11:40:00,Hot-Wet,2010-02-13 11:40:00
15.56587219,-18.78163249,LA12,2010-02-13,12:00:52 PM,12:00:00,Hot-Wet,2010-02-13 12:00:00
15.56045736,-18.78487956,LA12,2010-02-13,12:20:52 PM,12:20:00,Hot-Wet,2010-02-13 12:20:00
15.55673523,-18.78542074,LA12,2010-02-13,12:40:52 PM,12:40:00,Hot-Wet,2010-02-13 12:40:00
15.55548401,-18.78578898,LA12,2010-02-13,01:00:52 PM,13:00:00,Hot-Wet,2010-02-13 13:00:00
15.55316162,-18.78470256,LA12,2010-02-13,01:20:52 PM,13:20:00,Hot-Wet,2010-02-13 13:20:00
15.55320638,-18.7847168,LA12,2010-02-13,01:40:52 PM,13:40:00,Hot-Wet,2010-02-13 13:40:00
15.55281982,-18.78319092,LA12,2010-02-13,02:00:52 PM,14:00:00,Hot-Wet,2010-02-13 14:00:00
15.55102132,-18.78236898,LA12,2010-02-13,02:20:52 PM,14:20:00,Hot-Wet,2010-02-13 14:20:00
15.55040385,-18.78295492,LA12,2010-02-13,02:40:52 PM,14:40:00,Hot-Wet,2010-02-13 14:40:00
15.54739889,-18.78271484,LA12,2010-02-13,03:00:52 PM,15:00:00,Hot-Wet,2010-02-13 15:00:00
15.54635824,-18.78627116,LA12,2010-02-13,03:20:52 PM,15:20:00,Hot-Wet,2010-02-13 15:20:00
15.54333801,-18.78714396,LA12,2010-02-13,03:40:52 PM,15:40:00,Hot-Wet,2010-02-13 15:40:00
15.53961792,-18.78941854,LA12,2010-02-13,04:00:52 PM,16:00:00,Hot-Wet,2010-02-13 16:00:00
15.53808289,-18.79095459,LA12,2010-02-13,04:20:52 PM,16:20:00,Hot-Wet,2010-02-13 16:20:00
15.53535665,-18.79411418,LA12,2010-02-13,04:40:52 PM,16:40:00,Hot-Wet,2010-02-13 16:40:00
15.53514404,-18.79684448,LA12,2010-02-13,05:00:52 PM,17:00:00,Hot-Wet,2010-02-13 17:00:00
15.534316,-18.80087687,LA12,2010-02-13,05:20:52 PM,17:20:00,Hot-Wet,2010-02-13 17:20:00
15.53317159,-18.80213216,LA12,2010-02-13,05:40:52 PM,17:40:00,Hot-Wet,2010-02-13 17:40:00
15.53217468,-18.80344442,LA12,2010-02-13,06:00:52 PM,18:00:00,Hot-Wet,2010-02-13 18:00:00
15.53161316,-18.80428467,LA12,2010-02-13,06:20:52 PM,18:20:00,Hot-Wet,2010-02-13 18:20:00
15.53188782,-18.80434774,LA12,2010-02-13,06:40:52 PM,18:40:00,Hot-Wet,2010-02-13 18:40:00
15.53126933,-18.80438029,LA12,2010-02-13,07:00:52 PM,19:00:00,Hot-Wet,2010-02-13 19:00:00
15.53122355,-18.80415853,LA12,2010-02-13,07:20:52 PM,19:20:00,Hot-Wet,2010-02-13 19:20:00
15.53109741,-18.80442505,LA12,2010-02-13,07:40:53 PM,19:40:00,Hot-Wet,2010-02-13 19:40:00
15.53068542,-18.80465088,LA12,2010-02-13,08:00:52 PM,20:00:00,Hot-Wet,2010-02-13 20:00:00
15.5308136,-18.8047526,LA12,2010-02-13,08:20:52 PM,20:20:00,Hot-Wet,2010-02-13 20:20:00
15.53079325,-18.80477498,LA12,2010-02-13,08:40:52 PM,20:40:00,Hot-Wet,2010-02-13 20:40:00
15.53088989,-18.80460205,LA12,2010-02-13,09:00:52 PM,21:00:00,Hot-Wet,2010-02-13 21:00:00
15.53082682,-18.80424601,LA12,2010-02-13,09:20:52 PM,21:20:00,Hot-Wet,2010-02-13 21:20:00
15.53223165,-18.80441895,LA12,2010-02-13,09:40:52 PM,21:40:00,Hot-Wet,2010-02-13 21:40:00
15.53500977,-18.80230103,LA12,2010-02-13,10:00:52 PM,22:00:00,Hot-Wet,2010-02-13 22:00:00
15.53508606,-18.80238037,LA12,2010-02-13,10:20:52 PM,22:20:00,Hot-Wet,2010-02-13 22:20:00
15.53656209,-18.80284017,LA12,2010-02-13,10:40:52 PM,22:40:00,Hot-Wet,2010-02-13 22:40:00
15.53801371,-18.80307007,LA12,2010-02-13,11:00:52 PM,23:00:00,Hot-Wet,2010-02-13 23:00:00
15.53830363,-18.80293986,LA12,2010-02-13,11:20:52 PM,23:20:00,Hot-Wet,2010-02-13 23:20:00
15.53909912,-18.80193278,LA12,2010-02-13,11:40:52 PM,23:40:00,Hot-Wet,2010-02-13 23:40:00
15.53868713,-18.80043742,LA12,2010-02-14,12:00:52 AM,00:00:00,Hot-Wet,2010-02-14 00:00:00
15.53777568,-18.80065511,LA12,2010-02-14,12:20:52 AM,00:20:00,Hot-Wet,2010-02-14 00:20:00
15.53757222,-18.80042928,LA12,2010-02-14,12:40:52 AM,00:40:00,Hot-Wet,2010-02-14 00:40:00
15.53691101,-18.79822184,LA12,2010-02-14,01:00:52 AM,01:00:00,Hot-Wet,2010-02-14 01:00:00
15.53477681,-18.79932048,LA12,2010-02-14,01:20:52 AM,01:20:00,Hot-Wet,2010-02-14 01:20:00
15.53213603,-18.79825643,LA12,2010-02-14,01:40:52 AM,01:40:00,Hot-Wet,2010-02-14 01:40:00
15.53180135,-18.79751994,LA12,2010-02-14,02:00:52 AM,02:00:00,Hot-Wet,2010-02-14 02:00:00
15.53078715,-18.79854533,LA12,2010-02-14,02:20:52 AM,02:20:00,Hot-Wet,2010-02-14 02:20:00
15.53130493,-18.79452311,LA12,2010-02-14,02:40:52 AM,02:40:00,Hot-Wet,2010-02-14 02:40:00
15.53240153,-18.79721476,LA12,2010-02-14,03:00:52 AM,03:00:00,Hot-Wet,2010-02-14 03:00:00
15.53382365,-18.79716797,LA12,2010-02-14,03:20:52 AM,03:20:00,Hot-Wet,2010-02-14 03:20:00
15.53385111,-18.79726156,LA12,2010-02-14,03:40:52 AM,03:40:00,Hot-Wet,2010-02-14 03:40:00
15.5336853,-18.79672445,LA12,2010-02-14,04:00:52 AM,04:00:00,Hot-Wet,2010-02-14 04:00:00
15.53368022,-18.79673055,LA12,2010-02-14,04:20:52 AM,04:20:00,Hot-Wet,2010-02-14 04:20:00
15.53367411,-18.79673462,LA12,2010-02-14,04:40:52 AM,04:40:00,Hot-Wet,2010-02-14 04:40:00
15.53451945,-18.79597371,LA12,2010-02-14,05:00:52 AM,05:00:00,Hot-Wet,2010-02-14 05:00:00
15.53939311,-18.79581299,LA12,2010-02-14,05:20:52 AM,05:20:00,Hot-Wet,2010-02-14 05:20:00
15.54086304,-18.79621989,LA12,2010-02-14,05:40:52 AM,05:40:00,Hot-Wet,2010-02-14 05:40:00
15.54072774,-18.79568278,LA12,2010-02-14,06:00:52 AM,06:00:00,Hot-Wet,2010-02-14 06:00:00
15.54121501,-18.79481405,LA12,2010-02-14,06:20:52 AM,06:20:00,Hot-Wet,2010-02-14 06:20:00
15.54141439,-18.79402466,LA12,2010-02-14,06:40:52 AM,06:40:00,Hot-Wet,2010-02-14 06:40:00
15.54294027,-18.79153239,LA12,2010-02-14,07:00:52 AM,07:00:00,Hot-Wet,2010-02-14 07:00:00
15.54520467,-18.78942668,LA12,2010-02-14,07:20:52 AM,07:20:00,Hot-Wet,2010-02-14 07:20:00
15.54847819,-18.78856405,LA12,2010-02-14,07:40:52 AM,07:40:00,Hot-Wet,2010-02-14 07:40:00
15.5483724,-18.78794149,LA12,2010-02-14,08:00:52 AM,08:00:00,Hot-Wet,2010-02-14 08:00:00
15.54978739,-18.78694458,LA12,2010-02-14,08:20:52 AM,08:20:00,Hot-Wet,2010-02-14 08:20:00
15.54985046,-18.78680013,LA12,2010-02-14,08:40:52 AM,08:40:00,Hot-Wet,2010-02-14 08:40:00
15.55394694,-18.78383586,LA12,2010-02-14,09:00:52 AM,09:00:00,Hot-Wet,2010-02-14 09:00:00
15.55637817,-18.77970785,LA12,2010-02-14,09:20:52 AM,09:20:00,Hot-Wet,2010-02-14 09:20:00
15.55733236,-18.7793396,LA12,2010-02-14,09:40:52 AM,09:40:00,Hot-Wet,2010-02-14 09:40:00
15.56344299,-18.77982585,LA12,2010-02-14,10:00:52 AM,10:00:00,Hot-Wet,2010-02-14 10:00:00
15.56797791,-18.78074748,LA12,2010-02-14,10:20:52 AM,10:20:00,Hot-Wet,2010-02-14 10:20:00
15.56926676,-18.78047892,LA12,2010-02-14,10:40:52 AM,10:40:00,Hot-Wet,2010-02-14 10:40:00
15.57007039,-18.78259481,LA12,2010-02-14,11:00:52 AM,11:00:00,Hot-Wet,2010-02-14 11:00:00
15.57098287,-18.78891602,LA12,2010-02-14,11:20:52 AM,11:20:00,Hot-Wet,2010-02-14 11:20:00
15.57094014,-18.79065348,LA12,2010-02-14,11:40:52 AM,11:40:00,Hot-Wet,2010-02-14 11:40:00
15.57214762,-18.79409383,LA12,2010-02-14,12:00:52 PM,12:00:00,Hot-Wet,2010-02-14 12:00:00
15.57222493,-18.79465535,LA12,2010-02-14,12:20:52 PM,12:20:00,Hot-Wet,2010-02-14 12:20:00
15.57187805,-18.79720866,LA12,2010-02-14,12:40:52 PM,12:40:00,Hot-Wet,2010-02-14 12:40:00
15.57184245,-18.797229,LA12,2010-02-14,01:00:52 PM,13:00:00,Hot-Wet,2010-02-14 13:00:00
15.5718455,-18.79722697,LA12,2010-02-14,01:20:52 PM,13:20:00,Hot-Wet,2010-02-14 13:20:00
15.57142944,-18.7990092,LA12,2010-02-14,01:40:52 PM,13:40:00,Hot-Wet,2010-02-14 13:40:00
15.57082621,-18.80116781,LA12,2010-02-14,02:00:52 PM,14:00:00,Hot-Wet,2010-02-14 14:00:00
15.5700297,-18.80449422,LA12,2010-02-14,02:20:52 PM,14:20:00,Hot-Wet,2010-02-14 14:20:00
15.56753438,-18.80672404,LA12,2010-02-14,02:40:52 PM,14:40:00,Hot-Wet,2010-02-14 14:40:00
15.56219076,-18.80974121,LA12,2010-02-14,03:00:53 PM,15:00:00,Hot-Wet,2010-02-14 15:00:00
15.55992635,-18.81251628,LA12,2010-02-14,03:20:52 PM,15:20:00,Hot-Wet,2010-02-14 15:20:00
15.55791626,-18.81373088,LA12,2010-02-14,03:40:52 PM,15:40:00,Hot-Wet,2010-02-14 15:40:00
15.55765076,-18.815271,LA12,2010-02-14,04:00:52 PM,16:00:00,Hot-Wet,2010-02-14 16:00:00
15.55778605,-18.81581624,LA12,2010-02-14,04:20:52 PM,16:20:00,Hot-Wet,2010-02-14 16:20:00
15.55775248,-18.81605428,LA12,2010-02-14,04:40:52 PM,16:40:00,Hot-Wet,2010-02-14 16:40:00
15.5576182,-18.81634521,LA12,2010-02-14,05:00:52 PM,17:00:00,Hot-Wet,2010-02-14 17:00:00
15.55759989,-18.81675618,LA12,2010-02-14,05:20:52 PM,17:20:00,Hot-Wet,2010-02-14 17:20:00
15.55717163,-18.81688232,LA12,2010-02-14,05:40:52 PM,17:40:00,Hot-Wet,2010-02-14 17:40:00
15.55676575,-18.81686808,LA12,2010-02-14,06:00:52 PM,18:00:00,Hot-Wet,2010-02-14 18:00:00
15.55681661,-18.81699829,LA12,2010-02-14,06:20:52 PM,18:20:00,Hot-Wet,2010-02-14 18:20:00
15.55612691,-18.81845296,LA12,2010-02-14,06:40:52 PM,18:40:00,Hot-Wet,2010-02-14 18:40:00
15.554658,-18.82008464,LA12,2010-02-14,07:00:52 PM,19:00:00,Hot-Wet,2010-02-14 19:00:00
15.55477804,-18.82451986,LA12,2010-02-14,07:20:52 PM,19:20:00,Hot-Wet,2010-02-14 19:20:00
15.55366007,-18.82561442,LA12,2010-02-14,07:40:52 PM,19:40:00,Hot-Wet,2010-02-14 19:40:00
15.55223694,-18.82500814,LA12,2010-02-14,08:00:52 PM,20:00:00,Hot-Wet,2010-02-14 20:00:00
15.55226847,-18.82603963,LA12,2010-02-14,08:20:52 PM,20:20:00,Hot-Wet,2010-02-14 20:20:00
15.55111593,-18.82608032,LA12,2010-02-14,08:40:52 PM,20:40:00,Hot-Wet,2010-02-14 20:40:00
15.55086975,-18.8258606,LA12,2010-02-14,09:00:52 PM,21:00:00,Hot-Wet,2010-02-14 21:00:00
15.55084432,-18.82583008,LA12,2010-02-14,09:20:52 PM,21:20:00,Hot-Wet,2010-02-14 21:20:00
15.5508372,-18.82579956,LA12,2010-02-14,09:40:52 PM,21:40:00,Hot-Wet,2010-02-14 21:40:00
15.55085449,-18.82580363,LA12,2010-02-14,10:00:52 PM,22:00:00,Hot-Wet,2010-02-14 22:00:00
15.55078735,-18.82590535,LA12,2010-02-14,10:20:52 PM,22:20:00,Hot-Wet,2010-02-14 22:20:00
15.54878337,-18.82597656,LA12,2010-02-14,10:40:52 PM,22:40:00,Hot-Wet,2010-02-14 22:40:00
15.54822693,-18.82589722,LA12,2010-02-14,11:00:52 PM,23:00:00,Hot-Wet,2010-02-14 23:00:00
15.54767049,-18.82628784,LA12,2010-02-14,11:20:52 PM,23:20:00,Hot-Wet,2010-02-14 23:20:00
15.54738668,-18.82621663,LA12,2010-02-14,11:40:52 PM,23:40:00,Hot-Wet,2010-02-14 23:40:00
15.54634501,-18.82633667,LA12,2010-02-15,12:00:52 AM,00:00:00,Hot-Wet,2010-02-15 00:00:00
15.54562887,-18.82505086,LA12,2010-02-15,12:20:52 AM,00:20:00,Hot-Wet,2010-02-15 00:20:00
15.54561564,-18.82504679,LA12,2010-02-15,12:40:52 AM,00:40:00,Hot-Wet,2010-02-15 00:40:00
15.54561361,-18.825059,LA12,2010-02-15,01:00:52 AM,01:00:00,Hot-Wet,2010-02-15 01:00:00
15.54560547,-18.82507324,LA12,2010-02-15,01:20:52 AM,01:20:00,Hot-Wet,2010-02-15 01:20:00
15.54557597,-18.82509562,LA12,2010-02-15,01:40:52 AM,01:40:00,Hot-Wet,2010-02-15 01:40:00
15.54558818,-18.82509969,LA12,2010-02-15,02:00:52 AM,02:00:00,Hot-Wet,2010-02-15 02:00:00
15.54558614,-18.82512614,LA12,2010-02-15,02:20:52 AM,02:20:00,Hot-Wet,2010-02-15 02:20:00
15.54562683,-18.825118,LA12,2010-02-15,02:40:52 AM,02:40:00,Hot-Wet,2010-02-15 02:40:00
15.54561971,-18.82513835,LA12,2010-02-15,03:00:52 AM,03:00:00,Hot-Wet,2010-02-15 03:00:00
15.54561971,-18.82514852,LA12,2010-02-15,03:20:52 AM,03:20:00,Hot-Wet,2010-02-15 03:20:00
15.54552307,-18.82516683,LA12,2010-02-15,03:40:52 AM,03:40:00,Hot-Wet,2010-02-15 03:40:00
15.54483236,-18.82515666,LA12,2010-02-15,04:00:52 AM,04:00:00,Hot-Wet,2010-02-15 04:00:00
15.54335429,-18.82477417,LA12,2010-02-15,04:20:52 AM,04:20:00,Hot-Wet,2010-02-15 04:20:00
15.54170227,-18.82211914,LA12,2010-02-15,04:40:52 AM,04:40:00,Hot-Wet,2010-02-15 04:40:00
15.54114583,-18.82093099,LA12,2010-02-15,05:00:52 AM,05:00:00,Hot-Wet,2010-02-15 05:00:00
15.54095866,-18.82129517,LA12,2010-02-15,05:20:52 AM,05:20:00,Hot-Wet,2010-02-15 05:20:00
15.54141744,-18.82050374,LA12,2010-02-15,05:40:52 AM,05:40:00,Hot-Wet,2010-02-15 05:40:00
15.54119059,-18.82017415,LA12,2010-02-15,06:00:52 AM,06:00:00,Hot-Wet,2010-02-15 06:00:00
15.54179077,-18.81960449,LA12,2010-02-15,06:20:52 AM,06:20:00,Hot-Wet,2010-02-15 06:20:00
15.54155375,-18.81925456,LA12,2010-02-15,06:40:52 AM,06:40:00,Hot-Wet,2010-02-15 06:40:00
15.54218852,-18.81901449,LA12,2010-02-15,07:00:52 AM,07:00:00,Hot-Wet,2010-02-15 07:00:00
15.54220785,-18.8182312,LA12,2010-02-15,07:20:52 AM,07:20:00,Hot-Wet,2010-02-15 07:20:00
15.54015198,-18.81717122,LA12,2010-02-15,07:40:52 AM,07:40:00,Hot-Wet,2010-02-15 07:40:00
15.53924561,-18.81555786,LA12,2010-02-15,08:00:52 AM,08:00:00,Hot-Wet,2010-02-15 08:00:00
15.5379954,-18.81401367,LA12,2010-02-15,08:20:52 AM,08:20:00,Hot-Wet,2010-02-15 08:20:00
15.53626404,-18.81213175,LA12,2010-02-15,08:40:52 AM,08:40:00,Hot-Wet,2010-02-15 08:40:00
15.53593241,-18.81161499,LA12,2010-02-15,09:00:52 AM,09:00:00,Hot-Wet,2010-02-15 09:00:00
15.53416341,-18.81034749,LA12,2010-02-15,09:20:52 AM,09:20:00,Hot-Wet,2010-02-15 09:20:00
15.5331309,-18.80979207,LA12,2010-02-15,09:40:52 AM,09:40:00,Hot-Wet,2010-02-15 09:40:00
15.5330068,-18.80950521,LA12,2010-02-15,10:00:52 AM,10:00:00,Hot-Wet,2010-02-15 10:00:00
15.53282674,-18.8094401,LA12,2010-02-15,10:20:52 AM,10:20:00,Hot-Wet,2010-02-15 10:20:00
15.53300273,-18.80812581,LA12,2010-02-15,10:40:52 AM,10:40:00,Hot-Wet,2010-02-15 10:40:00
15.53363647,-18.80662435,LA12,2010-02-15,11:00:52 AM,11:00:00,Hot-Wet,2010-02-15 11:00:00
15.53365173,-18.80644124,LA12,2010-02-15,11:20:52 AM,11:20:00,Hot-Wet,2010-02-15 11:20:00
15.53295797,-18.80611165,LA12,2010-02-15,11:40:52 AM,11:40:00,Hot-Wet,2010-02-15 11:40:00
15.53042094,-18.80551554,LA12,2010-02-15,12:00:52 PM,12:00:00,Hot-Wet,2010-02-15 12:00:00
15.52957865,-18.80506999,LA12,2010-02-15,12:20:53 PM,12:20:00,Hot-Wet,2010-02-15 12:20:00
15.53035787,-18.80622965,LA12,2010-02-15,12:40:52 PM,12:40:00,Hot-Wet,2010-02-15 12:40:00
15.53124491,-18.80639648,LA12,2010-02-15,01:00:52 PM,13:00:00,Hot-Wet,2010-02-15 13:00:00
15.53039449,-18.80686646,LA12,2010-02-15,01:20:52 PM,13:20:00,Hot-Wet,2010-02-15 13:20:00
15.53006795,-18.80686442,LA12,2010-02-15,01:40:52 PM,13:40:00,Hot-Wet,2010-02-15 13:40:00
15.52984823,-18.80692546,LA12,2010-02-15,02:00:52 PM,14:00:00,Hot-Wet,2010-02-15 14:00:00
15.52984721,-18.80692952,LA12,2010-02-15,02:20:52 PM,14:20:00,Hot-Wet,2010-02-15 14:20:00
15.52971903,-18.80676676,LA12,2010-02-15,02:40:52 PM,14:40:00,Hot-Wet,2010-02-15 14:40:00
15.52851766,-18.80597941,LA12,2010-02-15,03:00:52 PM,15:00:00,Hot-Wet,2010-02-15 15:00:00
15.52741699,-18.80719604,LA12,2010-02-15,03:20:52 PM,15:20:00,Hot-Wet,2010-02-15 15:20:00
15.52750854,-18.80775757,LA12,2010-02-15,03:40:52 PM,15:40:00,Hot-Wet,2010-02-15 15:40:00
15.5257253,-18.81077677,LA12,2010-02-15,04:00:52 PM,16:00:00,Hot-Wet,2010-02-15 16:00:00
15.52345276,-18.81232096,LA12,2010-02-15,04:20:52 PM,16:20:00,Hot-Wet,2010-02-15 16:20:00
15.52096558,-18.81339111,LA12,2010-02-15,04:40:52 PM,16:40:00,Hot-Wet,2010-02-15 16:40:00
15.52081095,-18.8137146,LA12,2010-02-15,05:00:52 PM,17:00:00,Hot-Wet,2010-02-15 17:00:00
15.52065125,-18.81404215,LA12,2010-02-15,05:20:52 PM,17:20:00,Hot-Wet,2010-02-15 17:20:00
15.52054749,-18.81416829,LA12,2010-02-15,05:40:52 PM,17:40:00,Hot-Wet,2010-02-15 17:40:00
15.51940511,-18.8164388,LA12,2010-02-15,06:00:52 PM,18:00:00,Hot-Wet,2010-02-15 18:00:00
15.51224264,-18.81957397,LA12,2010-02-15,06:20:52 PM,18:20:00,Hot-Wet,2010-02-15 18:20:00
15.50787964,-18.82213542,LA12,2010-02-15,06:40:52 PM,18:40:00,Hot-Wet,2010-02-15 18:40:00
15.50263468,-18.82413534,LA12,2010-02-15,07:00:52 PM,19:00:00,Hot-Wet,2010-02-15 19:00:00
15.4996816,-18.82402344,LA12,2010-02-15,07:20:52 PM,19:20:00,Hot-Wet,2010-02-15 19:20:00
15.49542745,-18.82615763,LA12,2010-02-15,07:40:52 PM,19:40:00,Hot-Wet,2010-02-15 19:40:00
15.48818359,-18.82666016,LA12,2010-02-15,08:00:52 PM,20:00:00,Hot-Wet,2010-02-15 20:00:00
15.48454386,-18.82681274,LA12,2010-02-15,08:20:52 PM,20:20:00,Hot-Wet,2010-02-15 20:20:00
15.48388265,-18.82680868,LA12,2010-02-15,08:40:52 PM,20:40:00,Hot-Wet,2010-02-15 20:40:00
15.4763682,-18.82883708,LA12,2010-02-15,09:00:52 PM,21:00:00,Hot-Wet,2010-02-15 21:00:00
15.47395833,-18.82799276,LA12,2010-02-15,09:20:52 PM,21:20:00,Hot-Wet,2010-02-15 21:20:00
15.47351481,-18.82646077,LA12,2010-02-15,09:40:52 PM,21:40:00,Hot-Wet,2010-02-15 21:40:00
15.47348836,-18.82646077,LA12,2010-02-15,10:00:52 PM,22:00:00,Hot-Wet,2010-02-15 22:00:00
15.47350972,-18.82643636,LA12,2010-02-15,10:20:52 PM,22:20:00,Hot-Wet,2010-02-15 22:20:00
15.47350362,-18.82637736,LA12,2010-02-15,10:40:52 PM,22:40:00,Hot-Wet,2010-02-15 22:40:00
15.47344869,-18.82643636,LA12,2010-02-15,11:00:52 PM,23:00:00,Hot-Wet,2010-02-15 23:00:00
15.47373352,-18.8259786,LA12,2010-02-15,11:20:52 PM,23:20:00,Hot-Wet,2010-02-15 23:20:00
15.47360738,-18.82518921,LA12,2010-02-15,11:40:52 PM,23:40:00,Hot-Wet,2010-02-15 23:40:00
15.47335409,-18.82533976,LA12,2010-02-16,12:00:52 AM,00:00:00,Hot-Wet,2010-02-16 00:00:00
15.47332357,-18.82538859,LA12,2010-02-16,12:20:52 AM,00:20:00,Hot-Wet,2010-02-16 00:20:00
15.47334798,-18.82534587,LA12,2010-02-16,12:40:52 AM,00:40:00,Hot-Wet,2010-02-16 00:40:00
15.47334493,-18.82533366,LA12,2010-02-16,01:00:52 AM,01:00:00,Hot-Wet,2010-02-16 01:00:00
15.47335612,-18.82531535,LA12,2010-02-16,01:20:52 AM,01:20:00,Hot-Wet,2010-02-16 01:20:00
15.47334696,-18.82532552,LA12,2010-02-16,01:40:52 AM,01:40:00,Hot-Wet,2010-02-16 01:40:00
15.47334188,-18.82532552,LA12,2010-02-16,02:00:52 AM,02:00:00,Hot-Wet,2010-02-16 02:00:00
15.47333577,-18.82532959,LA12,2010-02-16,02:20:52 AM,02:20:00,Hot-Wet,2010-02-16 02:20:00
15.47334595,-18.82532756,LA12,2010-02-16,02:40:52 AM,02:40:00,Hot-Wet,2010-02-16 02:40:00
15.47335002,-18.82533162,LA12,2010-02-16,03:00:52 AM,03:00:00,Hot-Wet,2010-02-16 03:00:00
15.47333984,-18.82532349,LA12,2010-02-16,03:20:52 AM,03:20:00,Hot-Wet,2010-02-16 03:20:00
15.47336121,-18.82531738,LA12,2010-02-16,03:40:52 AM,03:40:00,Hot-Wet,2010-02-16 03:40:00
15.473349,-18.82532145,LA12,2010-02-16,04:00:52 AM,04:00:00,Hot-Wet,2010-02-16 04:00:00
15.47358093,-18.82481893,LA12,2010-02-16,04:20:52 AM,04:20:00,Hot-Wet,2010-02-16 04:20:00
15.47411702,-18.82448934,LA12,2010-02-16,04:40:52 AM,04:40:00,Hot-Wet,2010-02-16 04:40:00
15.47462565,-18.82335002,LA12,2010-02-16,05:00:52 AM,05:00:00,Hot-Wet,2010-02-16 05:00:00
15.47491557,-18.82223104,LA12,2010-02-16,05:20:52 AM,05:20:00,Hot-Wet,2010-02-16 05:20:00
15.47459615,-18.82173665,LA12,2010-02-16,05:40:52 AM,05:40:00,Hot-Wet,2010-02-16 05:40:00
15.47351888,-18.82194824,LA12,2010-02-16,06:00:52 AM,06:00:00,Hot-Wet,2010-02-16 06:00:00
15.47257284,-18.8222758,LA12,2010-02-16,06:20:52 AM,06:20:00,Hot-Wet,2010-02-16 06:20:00
15.47235107,-18.82306722,LA12,2010-02-16,06:40:52 AM,06:40:00,Hot-Wet,2010-02-16 06:40:00
15.47176005,-18.82369385,LA12,2010-02-16,07:00:52 AM,07:00:00,Hot-Wet,2010-02-16 07:00:00
15.47029826,-18.82548014,LA12,2010-02-16,07:20:52 AM,07:20:00,Hot-Wet,2010-02-16 07:20:00
15.47031657,-18.82550659,LA12,2010-02-16,07:40:52 AM,07:40:00,Hot-Wet,2010-02-16 07:40:00
15.46863302,-18.82645264,LA12,2010-02-16,08:00:52 AM,08:00:00,Hot-Wet,2010-02-16 08:00:00
15.46830139,-18.8269043,LA12,2010-02-16,08:20:52 AM,08:20:00,Hot-Wet,2010-02-16 08:20:00
15.46726278,-18.82734782,LA12,2010-02-16,08:40:52 AM,08:40:00,Hot-Wet,2010-02-16 08:40:00
15.46293335,-18.83164266,LA12,2010-02-16,09:00:52 AM,09:00:00,Hot-Wet,2010-02-16 09:00:00
15.46080933,-18.83208008,LA12,2010-02-16,09:20:52 AM,09:20:00,Hot-Wet,2010-02-16 09:20:00
15.45991007,-18.8329244,LA12,2010-02-16,09:40:52 AM,09:40:00,Hot-Wet,2010-02-16 09:40:00
15.45669149,-18.83449707,LA12,2010-02-16,10:00:52 AM,10:00:00,Hot-Wet,2010-02-16 10:00:00
15.45598755,-18.83644816,LA12,2010-02-16,10:20:52 AM,10:20:00,Hot-Wet,2010-02-16 10:20:00
15.45123189,-18.83782145,LA12,2010-02-16,10:40:52 AM,10:40:00,Hot-Wet,2010-02-16 10:40:00
15.44871012,-18.83798625,LA12,2010-02-16,11:00:52 AM,11:00:00,Hot-Wet,2010-02-16 11:00:00
15.44719849,-18.83840332,LA12,2010-02-16,11:20:52 AM,11:20:00,Hot-Wet,2010-02-16 11:20:00
15.44537354,-18.83769328,LA12,2010-02-16,11:40:52 AM,11:40:00,Hot-Wet,2010-02-16 11:40:00
15.44508667,-18.83788045,LA12,2010-02-16,12:00:52 PM,12:00:00,Hot-Wet,2010-02-16 12:00:00
15.44441935,-18.83868205,LA12,2010-02-16,12:20:52 PM,12:20:00,Hot-Wet,2010-02-16 12:20:00
15.44104207,-18.84015096,LA12,2010-02-16,12:40:52 PM,12:40:00,Hot-Wet,2010-02-16 12:40:00
15.43698222,-18.8420695,LA12,2010-02-16,01:00:52 PM,13:00:00,Hot-Wet,2010-02-16 13:00:00
15.43333028,-18.84519857,LA12,2010-02-16,01:20:52 PM,13:20:00,Hot-Wet,2010-02-16 13:20:00
15.43107503,-18.84899292,LA12,2010-02-16,01:40:52 PM,13:40:00,Hot-Wet,2010-02-16 13:40:00
15.42434794,-18.85194092,LA12,2010-02-16,02:00:52 PM,14:00:00,Hot-Wet,2010-02-16 14:00:00
15.4179189,-18.8536377,LA12,2010-02-16,02:20:52 PM,14:20:00,Hot-Wet,2010-02-16 14:20:00
15.40997823,-18.85609741,LA12,2010-02-16,02:40:52 PM,14:40:00,Hot-Wet,2010-02-16 14:40:00
15.40077311,-18.85538534,LA12,2010-02-16,03:00:52 PM,15:00:00,Hot-Wet,2010-02-16 15:00:00
15.39388428,-18.85697021,LA12,2010-02-16,03:20:52 PM,15:20:00,Hot-Wet,2010-02-16 15:20:00
15.39340515,-18.86369019,LA12,2010-02-16,03:40:52 PM,15:40:00,Hot-Wet,2010-02-16 15:40:00
15.38607381,-18.86594442,LA12,2010-02-16,04:00:52 PM,16:00:00,Hot-Wet,2010-02-16 16:00:00
15.37863668,-18.86807454,LA12,2010-02-16,04:20:52 PM,16:20:00,Hot-Wet,2010-02-16 16:20:00
15.3740153,-18.86505127,LA12,2010-02-16,04:40:52 PM,16:40:00,Hot-Wet,2010-02-16 16:40:00
15.37213847,-18.85735881,LA12,2010-02-16,05:00:52 PM,17:00:00,Hot-Wet,2010-02-16 17:00:00
15.36768799,-18.85239665,LA12,2010-02-16,05:20:52 PM,17:20:00,Hot-Wet,2010-02-16 17:20:00
15.36839396,-18.8473938,LA12,2010-02-16,05:40:52 PM,17:40:00,Hot-Wet,2010-02-16 17:40:00
15.37563477,-18.83789469,LA12,2010-02-16,06:00:52 PM,18:00:00,Hot-Wet,2010-02-16 18:00:00
15.37924601,-18.83087565,LA12,2010-02-16,06:20:52 PM,18:20:00,Hot-Wet,2010-02-16 18:20:00
15.38248393,-18.82340291,LA12,2010-02-16,06:40:52 PM,18:40:00,Hot-Wet,2010-02-16 18:40:00
15.38238017,-18.82306925,LA12,2010-02-16,07:00:52 PM,19:00:00,Hot-Wet,2010-02-16 19:00:00
15.38329976,-18.82225545,LA12,2010-02-16,07:20:52 PM,19:20:00,Hot-Wet,2010-02-16 19:20:00
15.38539836,-18.82022502,LA12,2010-02-16,07:40:52 PM,19:40:00,Hot-Wet,2010-02-16 19:40:00
15.38917948,-18.8163147,LA12,2010-02-16,08:00:52 PM,20:00:00,Hot-Wet,2010-02-16 20:00:00
15.39024048,-18.81477458,LA12,2010-02-16,08:20:52 PM,20:20:00,Hot-Wet,2010-02-16 20:20:00
15.38947754,-18.81311442,LA12,2010-02-16,08:40:52 PM,20:40:00,Hot-Wet,2010-02-16 20:40:00
15.39012451,-18.81497192,LA12,2010-02-16,09:00:52 PM,21:00:00,Hot-Wet,2010-02-16 21:00:00
15.39141235,-18.81596883,LA12,2010-02-16,09:20:52 PM,21:20:00,Hot-Wet,2010-02-16 21:20:00
15.38924357,-18.81940511,LA12,2010-02-16,09:40:52 PM,21:40:00,Hot-Wet,2010-02-16 21:40:00
15.38955892,-18.81779989,LA12,2010-02-16,10:00:52 PM,22:00:00,Hot-Wet,2010-02-16 22:00:00
15.38971354,-18.81716309,LA12,2010-02-16,10:20:52 PM,22:20:00,Hot-Wet,2010-02-16 22:20:00
15.39005941,-18.81660767,LA12,2010-02-16,10:40:52 PM,22:40:00,Hot-Wet,2010-02-16 22:40:00
15.39041036,-18.8160319,LA12,2010-02-16,11:00:52 PM,23:00:00,Hot-Wet,2010-02-16 23:00:00
15.39040731,-18.81605632,LA12,2010-02-16,11:20:52 PM,23:20:00,Hot-Wet,2010-02-16 23:20:00
15.39023438,-18.81598918,LA12,2010-02-16,11:40:52 PM,23:40:00,Hot-Wet,2010-02-16 23:40:00
15.39034729,-18.81542765,LA12,2010-02-17,12:00:52 AM,00:00:00,Hot-Wet,2010-02-17 00:00:00
15.38959554,-18.8144043,LA12,2010-02-17,12:20:53 AM,00:20:00,Hot-Wet,2010-02-17 00:20:00
15.3889211,-18.81345418,LA12,2010-02-17,12:40:52 AM,00:40:00,Hot-Wet,2010-02-17 00:40:00
15.38890483,-18.81347046,LA12,2010-02-17,01:00:52 AM,01:00:00,Hot-Wet,2010-02-17 01:00:00
15.38883158,-18.81046956,LA12,2010-02-17,01:20:52 AM,01:20:00,Hot-Wet,2010-02-17 01:20:00
15.38862101,-18.80804036,LA12,2010-02-17,01:40:52 AM,01:40:00,Hot-Wet,2010-02-17 01:40:00
15.38969523,-18.80649007,LA12,2010-02-17,02:00:52 AM,02:00:00,Hot-Wet,2010-02-17 02:00:00
15.38956197,-18.80418091,LA12,2010-02-17,02:20:52 AM,02:20:00,Hot-Wet,2010-02-17 02:20:00
15.3895752,-18.80417074,LA12,2010-02-17,02:40:52 AM,02:40:00,Hot-Wet,2010-02-17 02:40:00
15.39131673,-18.80439657,LA12,2010-02-17,03:00:52 AM,03:00:00,Hot-Wet,2010-02-17 03:00:00
15.39169922,-18.80433146,LA12,2010-02-17,03:20:52 AM,03:20:00,Hot-Wet,2010-02-17 03:20:00
15.39171346,-18.80433553,LA12,2010-02-17,03:40:52 AM,03:40:00,Hot-Wet,2010-02-17 03:40:00
15.39169515,-18.80434163,LA12,2010-02-17,04:00:52 AM,04:00:00,Hot-Wet,2010-02-17 04:00:00
15.39168193,-18.8043457,LA12,2010-02-17,04:20:52 AM,04:20:00,Hot-Wet,2010-02-17 04:20:00
15.3915741,-18.80412191,LA12,2010-02-17,04:40:52 AM,04:40:00,Hot-Wet,2010-02-17 04:40:00
15.39141439,-18.80431112,LA12,2010-02-17,05:00:52 AM,05:00:00,Hot-Wet,2010-02-17 05:00:00
15.38988851,-18.80714315,LA12,2010-02-17,05:20:52 AM,05:20:00,Hot-Wet,2010-02-17 05:20:00
15.38510132,-18.81046956,LA12,2010-02-17,05:40:52 AM,05:40:00,Hot-Wet,2010-02-17 05:40:00
15.38635763,-18.81663615,LA12,2010-02-17,06:00:52 AM,06:00:00,Hot-Wet,2010-02-17 06:00:00
15.38690084,-18.82198893,LA12,2010-02-17,06:20:52 AM,06:20:00,Hot-Wet,2010-02-17 06:20:00
15.3882609,-18.8265564,LA12,2010-02-17,06:40:52 AM,06:40:00,Hot-Wet,2010-02-17 06:40:00
15.3882843,-18.82652995,LA12,2010-02-17,07:00:52 AM,07:00:00,Hot-Wet,2010-02-17 07:00:00
15.38956604,-18.82814331,LA12,2010-02-17,07:20:52 AM,07:20:00,Hot-Wet,2010-02-17 07:20:00
15.38955078,-18.8300944,LA12,2010-02-17,07:40:52 AM,07:40:00,Hot-Wet,2010-02-17 07:40:00
15.38874817,-18.83140055,LA12,2010-02-17,08:00:52 AM,08:00:00,Hot-Wet,2010-02-17 08:00:00
15.38760986,-18.83168742,LA12,2010-02-17,08:20:52 AM,08:20:00,Hot-Wet,2010-02-17 08:20:00
15.38450724,-18.83238322,LA12,2010-02-17,08:40:52 AM,08:40:00,Hot-Wet,2010-02-17 08:40:00
15.38104858,-18.8333964,LA12,2010-02-17,09:00:52 AM,09:00:00,Hot-Wet,2010-02-17 09:00:00
15.38044942,-18.83318075,LA12,2010-02-17,09:20:52 AM,09:20:00,Hot-Wet,2010-02-17 09:20:00
15.37719625,-18.83261108,LA12,2010-02-17,09:40:52 AM,09:40:00,Hot-Wet,2010-02-17 09:40:00
15.37603658,-18.83124593,LA12,2010-02-17,10:00:52 AM,10:00:00,Hot-Wet,2010-02-17 10:00:00
15.37558695,-18.83087565,LA12,2010-02-17,10:20:52 AM,10:20:00,Hot-Wet,2010-02-17 10:20:00
15.37579753,-18.83002116,LA12,2010-02-17,10:40:52 AM,10:40:00,Hot-Wet,2010-02-17 10:40:00
15.37467448,-18.82990316,LA12,2010-02-17,11:00:52 AM,11:00:00,Hot-Wet,2010-02-17 11:00:00
15.37428691,-18.83045044,LA12,2010-02-17,11:20:52 AM,11:20:00,Hot-Wet,2010-02-17 11:20:00
15.37376506,-18.8299764,LA12,2010-02-17,11:40:52 AM,11:40:00,Hot-Wet,2010-02-17 11:40:00
15.37441508,-18.82964478,LA12,2010-02-17,12:00:52 PM,12:00:00,Hot-Wet,2010-02-17 12:00:00
15.37428284,-18.83050334,LA12,2010-02-17,12:20:52 PM,12:20:00,Hot-Wet,2010-02-17 12:20:00
15.37452189,-18.83086548,LA12,2010-02-17,12:40:52 PM,12:40:00,Hot-Wet,2010-02-17 12:40:00
15.3748586,-18.83120728,LA12,2010-02-17,01:00:52 PM,13:00:00,Hot-Wet,2010-02-17 13:00:00
15.37585347,-18.83098755,LA12,2010-02-17,01:20:52 PM,13:20:00,Hot-Wet,2010-02-17 13:20:00
15.37693075,-18.83241577,LA12,2010-02-17,01:40:52 PM,13:40:00,Hot-Wet,2010-02-17 13:40:00
15.37484029,-18.83163249,LA12,2010-02-17,02:00:52 PM,14:00:00,Hot-Wet,2010-02-17 14:00:00
15.37307231,-18.83219604,LA12,2010-02-17,02:20:52 PM,14:20:00,Hot-Wet,2010-02-17 14:20:00
15.37062988,-18.82795207,LA12,2010-02-17,02:40:52 PM,14:40:00,Hot-Wet,2010-02-17 14:40:00
15.36876831,-18.82355957,LA12,2010-02-17,03:00:52 PM,15:00:00,Hot-Wet,2010-02-17 15:00:00
15.368337,-18.8211263,LA12,2010-02-17,03:20:52 PM,15:20:00,Hot-Wet,2010-02-17 15:20:00
15.36819763,-18.81845703,LA12,2010-02-17,03:40:52 PM,15:40:00,Hot-Wet,2010-02-17 15:40:00
15.36729024,-18.81765747,LA12,2010-02-17,04:00:52 PM,16:00:00,Hot-Wet,2010-02-17 16:00:00
15.36734823,-18.81576742,LA12,2010-02-17,04:20:52 PM,16:20:00,Hot-Wet,2010-02-17 16:20:00
15.37185059,-18.81486613,LA12,2010-02-17,04:40:52 PM,16:40:00,Hot-Wet,2010-02-17 16:40:00
15.37276408,-18.81171875,LA12,2010-02-17,05:00:52 PM,17:00:00,Hot-Wet,2010-02-17 17:00:00
15.37261963,-18.81079508,LA12,2010-02-17,05:20:52 PM,17:20:00,Hot-Wet,2010-02-17 17:20:00
15.37496847,-18.80830688,LA12,2010-02-17,05:40:52 PM,17:40:00,Hot-Wet,2010-02-17 17:40:00
15.37950846,-18.80840454,LA12,2010-02-17,06:00:52 PM,18:00:00,Hot-Wet,2010-02-17 18:00:00
15.38028463,-18.80923258,LA12,2010-02-17,06:20:52 PM,18:20:00,Hot-Wet,2010-02-17 18:20:00
15.38066406,-18.809198,LA12,2010-02-17,06:40:52 PM,18:40:00,Hot-Wet,2010-02-17 18:40:00
15.38688456,-18.80949097,LA12,2010-02-17,07:00:52 PM,19:00:00,Hot-Wet,2010-02-17 19:00:00
15.38920797,-18.80789795,LA12,2010-02-17,07:20:52 PM,19:20:00,Hot-Wet,2010-02-17 19:20:00
15.38942668,-18.80783285,LA12,2010-02-17,07:40:52 PM,19:40:00,Hot-Wet,2010-02-17 19:40:00
15.38954468,-18.80744629,LA12,2010-02-17,08:00:52 PM,20:00:00,Hot-Wet,2010-02-17 20:00:00
15.390507,-18.80524089,LA12,2010-02-17,08:20:52 PM,20:20:00,Hot-Wet,2010-02-17 20:20:00
15.39104614,-18.80491943,LA12,2010-02-17,08:40:52 PM,20:40:00,Hot-Wet,2010-02-17 20:40:00
15.39107056,-18.80462646,LA12,2010-02-17,09:00:52 PM,21:00:00,Hot-Wet,2010-02-17 21:00:00
15.39119059,-18.8045166,LA12,2010-02-17,09:20:52 PM,21:20:00,Hot-Wet,2010-02-17 21:20:00
15.39153849,-18.80459595,LA12,2010-02-17,09:40:52 PM,21:40:00,Hot-Wet,2010-02-17 21:40:00
15.39158325,-18.80459798,LA12,2010-02-17,10:00:52 PM,22:00:00,Hot-Wet,2010-02-17 22:00:00
15.39149373,-18.80495402,LA12,2010-02-17,10:20:52 PM,22:20:00,Hot-Wet,2010-02-17 22:20:00
15.3916158,-18.80496419,LA12,2010-02-17,10:40:52 PM,22:40:00,Hot-Wet,2010-02-17 22:40:00
15.39188436,-18.80547485,LA12,2010-02-17,11:00:52 PM,23:00:00,Hot-Wet,2010-02-17 23:00:00
15.39157817,-18.80691121,LA12,2010-02-17,11:20:52 PM,23:20:00,Hot-Wet,2010-02-17 23:20:00
15.39165141,-18.80606893,LA12,2010-02-17,11:40:52 PM,23:40:00,Hot-Wet,2010-02-17 23:40:00
15.39060059,-18.80565389,LA12,2010-02-18,12:00:52 AM,00:00:00,Hot-Wet,2010-02-18 00:00:00
15.39167175,-18.80456746,LA12,2010-02-18,12:20:53 AM,00:20:00,Hot-Wet,2010-02-18 00:20:00
15.39170634,-18.8045756,LA12,2010-02-18,12:40:52 AM,00:40:00,Hot-Wet,2010-02-18 00:40:00
15.39167989,-18.80457153,LA12,2010-02-18,01:00:52 AM,01:00:00,Hot-Wet,2010-02-18 01:00:00
15.39167582,-18.80458374,LA12,2010-02-18,01:20:52 AM,01:20:00,Hot-Wet,2010-02-18 01:20:00
15.39162801,-18.8045695,LA12,2010-02-18,01:40:52 AM,01:40:00,Hot-Wet,2010-02-18 01:40:00
15.39159648,-18.80455729,LA12,2010-02-18,02:00:52 AM,02:00:00,Hot-Wet,2010-02-18 02:00:00
15.39159648,-18.80458171,LA12,2010-02-18,02:20:52 AM,02:20:00,Hot-Wet,2010-02-18 02:20:00
15.39161174,-18.80458781,LA12,2010-02-18,02:40:52 AM,02:40:00,Hot-Wet,2010-02-18 02:40:00
15.39164124,-18.80455933,LA12,2010-02-18,03:00:52 AM,03:00:00,Hot-Wet,2010-02-18 03:00:00
15.39162089,-18.80455729,LA12,2010-02-18,03:20:52 AM,03:20:00,Hot-Wet,2010-02-18 03:20:00
15.39162394,-18.80458984,LA12,2010-02-18,03:40:52 AM,03:40:00,Hot-Wet,2010-02-18 03:40:00
15.39162394,-18.80459188,LA12,2010-02-18,04:00:52 AM,04:00:00,Hot-Wet,2010-02-18 04:00:00
15.39155579,-18.80446574,LA12,2010-02-18,04:20:52 AM,04:20:00,Hot-Wet,2010-02-18 04:20:00
15.39147237,-18.80419718,LA12,2010-02-18,04:40:52 AM,04:40:00,Hot-Wet,2010-02-18 04:40:00
15.39108887,-18.80424398,LA12,2010-02-18,05:00:52 AM,05:00:00,Hot-Wet,2010-02-18 05:00:00
15.38952738,-18.80446574,LA12,2010-02-18,05:20:52 AM,05:20:00,Hot-Wet,2010-02-18 05:20:00
15.38814901,-18.80877075,LA12,2010-02-18,05:40:52 AM,05:40:00,Hot-Wet,2010-02-18 05:40:00
15.38753357,-18.81304728,LA12,2010-02-18,06:00:52 AM,06:00:00,Hot-Wet,2010-02-18 06:00:00
15.38597921,-18.8140096,LA12,2010-02-18,06:20:52 AM,06:20:00,Hot-Wet,2010-02-18 06:20:00
15.38451233,-18.81690877,LA12,2010-02-18,06:40:52 AM,06:40:00,Hot-Wet,2010-02-18 06:40:00
15.38306376,-18.81897176,LA12,2010-02-18,07:00:52 AM,07:00:00,Hot-Wet,2010-02-18 07:00:00
15.38126933,-18.82081706,LA12,2010-02-18,07:20:52 AM,07:20:00,Hot-Wet,2010-02-18 07:20:00
15.37874247,-18.82545166,LA12,2010-02-18,07:40:52 AM,07:40:00,Hot-Wet,2010-02-18 07:40:00
15.37364502,-18.82387492,LA12,2010-02-18,08:00:52 AM,08:00:00,Hot-Wet,2010-02-18 08:00:00
15.36727804,-18.82479045,LA12,2010-02-18,08:20:52 AM,08:20:00,Hot-Wet,2010-02-18 08:20:00
15.36711833,-18.82550456,LA12,2010-02-18,08:40:52 AM,08:40:00,Hot-Wet,2010-02-18 08:40:00
15.36615906,-18.82626139,LA12,2010-02-18,09:00:52 AM,09:00:00,Hot-Wet,2010-02-18 09:00:00
15.36551208,-18.82798462,LA12,2010-02-18,09:20:52 AM,09:20:00,Hot-Wet,2010-02-18 09:20:00
15.36506958,-18.82870483,LA12,2010-02-18,09:40:52 AM,09:40:00,Hot-Wet,2010-02-18 09:40:00
15.36421814,-18.83283081,LA12,2010-02-18,10:00:52 AM,10:00:00,Hot-Wet,2010-02-18 10:00:00
15.36090393,-18.83341878,LA12,2010-02-18,10:20:52 AM,10:20:00,Hot-Wet,2010-02-18 10:20:00
15.35794881,-18.8378418,LA12,2010-02-18,10:40:52 AM,10:40:00,Hot-Wet,2010-02-18 10:40:00
15.35301412,-18.84272257,LA12,2010-02-18,11:00:52 AM,11:00:00,Hot-Wet,2010-02-18 11:00:00
15.35239665,-18.84343465,LA12,2010-02-18,11:20:52 AM,11:20:00,Hot-Wet,2010-02-18 11:20:00
15.35194906,-18.8437439,LA12,2010-02-18,11:40:52 AM,11:40:00,Hot-Wet,2010-02-18 11:40:00
15.35128682,-18.84498901,LA12,2010-02-18,12:00:52 PM,12:00:00,Hot-Wet,2010-02-18 12:00:00
15.35085754,-18.84494019,LA12,2010-02-18,12:20:52 PM,12:20:00,Hot-Wet,2010-02-18 12:20:00
15.35041199,-18.84835409,LA12,2010-02-18,12:40:52 PM,12:40:00,Hot-Wet,2010-02-18 12:40:00
15.35051575,-18.84956665,LA12,2010-02-18,01:00:52 PM,13:00:00,Hot-Wet,2010-02-18 13:00:00
15.35112915,-18.8511027,LA12,2010-02-18,01:20:52 PM,13:20:00,Hot-Wet,2010-02-18 13:20:00
15.35163778,-18.85262044,LA12,2010-02-18,01:40:52 PM,13:40:00,Hot-Wet,2010-02-18 13:40:00
15.35338236,-18.85470378,LA12,2010-02-18,02:00:52 PM,14:00:00,Hot-Wet,2010-02-18 14:00:00
15.3542867,-18.85512085,LA12,2010-02-18,02:20:52 PM,14:20:00,Hot-Wet,2010-02-18 14:20:00
15.35583598,-18.85569255,LA12,2010-02-18,02:40:52 PM,14:40:00,Hot-Wet,2010-02-18 14:40:00
15.35659078,-18.85600789,LA12,2010-02-18,03:00:52 PM,15:00:00,Hot-Wet,2010-02-18 15:00:00
15.35647685,-18.85535889,LA12,2010-02-18,03:20:52 PM,15:20:00,Hot-Wet,2010-02-18 15:20:00
15.35610352,-18.85519816,LA12,2010-02-18,03:40:52 PM,15:40:00,Hot-Wet,2010-02-18 15:40:00
15.36107076,-18.85418905,LA12,2010-02-18,04:00:52 PM,16:00:00,Hot-Wet,2010-02-18 16:00:00
15.36523641,-18.85429281,LA12,2010-02-18,04:20:52 PM,16:20:00,Hot-Wet,2010-02-18 16:20:00
15.36692505,-18.8549825,LA12,2010-02-18,04:40:52 PM,16:40:00,Hot-Wet,2010-02-18 16:40:00
15.37020162,-18.85600789,LA12,2010-02-18,05:00:52 PM,17:00:00,Hot-Wet,2010-02-18 17:00:00
15.37017822,-18.85757243,LA12,2010-02-18,05:20:52 PM,17:20:00,Hot-Wet,2010-02-18 17:20:00
15.37017721,-18.85947266,LA12,2010-02-18,05:40:52 PM,17:40:00,Hot-Wet,2010-02-18 17:40:00
15.37015076,-18.85957845,LA12,2010-02-18,06:00:52 PM,18:00:00,Hot-Wet,2010-02-18 18:00:00
15.37022095,-18.85968831,LA12,2010-02-18,06:20:52 PM,18:20:00,Hot-Wet,2010-02-18 18:20:00
15.36963094,-18.85964355,LA12,2010-02-18,06:40:52 PM,18:40:00,Hot-Wet,2010-02-18 18:40:00
15.36886088,-18.85961914,LA12,2010-02-18,07:00:52 PM,19:00:00,Hot-Wet,2010-02-18 19:00:00
15.36659444,-18.85981038,LA12,2010-02-18,07:20:52 PM,19:20:00,Hot-Wet,2010-02-18 19:20:00
15.36082052,-18.86053874,LA12,2010-02-18,07:40:52 PM,19:40:00,Hot-Wet,2010-02-18 19:40:00
15.35452372,-18.8575175,LA12,2010-02-18,08:00:52 PM,20:00:00,Hot-Wet,2010-02-18 20:00:00
15.34695129,-18.85324504,LA12,2010-02-18,08:20:52 PM,20:20:00,Hot-Wet,2010-02-18 20:20:00
15.34709371,-18.84917399,LA12,2010-02-18,08:40:52 PM,20:40:00,Hot-Wet,2010-02-18 20:40:00
15.35117696,-18.84438273,LA12,2010-02-18,09:00:52 PM,21:00:00,Hot-Wet,2010-02-18 21:00:00
15.35500997,-18.84099121,LA12,2010-02-18,09:20:52 PM,21:20:00,Hot-Wet,2010-02-18 21:20:00
15.35843302,-18.84476522,LA12,2010-02-18,09:40:52 PM,21:40:00,Hot-Wet,2010-02-18 21:40:00
15.35995178,-18.84663289,LA12,2010-02-18,10:00:52 PM,22:00:00,Hot-Wet,2010-02-18 22:00:00
15.36421102,-18.8512146,LA12,2010-02-18,10:20:52 PM,22:20:00,Hot-Wet,2010-02-18 22:20:00
15.36779277,-18.85287476,LA12,2010-02-18,10:40:52 PM,22:40:00,Hot-Wet,2010-02-18 22:40:00
15.36882935,-18.85732015,LA12,2010-02-18,11:00:52 PM,23:00:00,Hot-Wet,2010-02-18 23:00:00
15.36962992,-18.85951742,LA12,2010-02-18,11:20:52 PM,23:20:00,Hot-Wet,2010-02-18 23:20:00
15.36822103,-18.86035767,LA12,2010-02-18,11:40:52 PM,23:40:00,Hot-Wet,2010-02-18 23:40:00
15.36753845,-18.86054281,LA12,2010-02-19,12:00:52 AM,00:00:00,Hot-Wet,2010-02-19 00:00:00
15.36753845,-18.86054077,LA12,2010-02-19,12:20:53 AM,00:20:00,Hot-Wet,2010-02-19 00:20:00
15.36751912,-18.86053263,LA12,2010-02-19,12:40:52 AM,00:40:00,Hot-Wet,2010-02-19 00:40:00
15.36754964,-18.86054281,LA12,2010-02-19,01:00:52 AM,01:00:00,Hot-Wet,2010-02-19 01:00:00
15.36755168,-18.86054688,LA12,2010-02-19,01:20:52 AM,01:20:00,Hot-Wet,2010-02-19 01:20:00
15.36760254,-18.86062012,LA12,2010-02-19,01:40:52 AM,01:40:00,Hot-Wet,2010-02-19 01:40:00
15.3675354,-18.86056112,LA12,2010-02-19,02:00:52 AM,02:00:00,Hot-Wet,2010-02-19 02:00:00
15.36746724,-18.86019897,LA12,2010-02-19,02:20:52 AM,02:20:00,Hot-Wet,2010-02-19 02:20:00
15.36610209,-18.85909627,LA12,2010-02-19,02:40:52 AM,02:40:00,Hot-Wet,2010-02-19 02:40:00
15.36611532,-18.85847371,LA12,2010-02-19,03:00:52 AM,03:00:00,Hot-Wet,2010-02-19 03:00:00
15.36616414,-18.85796916,LA12,2010-02-19,03:20:52 AM,03:20:00,Hot-Wet,2010-02-19 03:20:00
15.36627808,-18.85805054,LA12,2010-02-19,03:40:52 AM,03:40:00,Hot-Wet,2010-02-19 03:40:00
15.36621602,-18.85804647,LA12,2010-02-19,04:00:52 AM,04:00:00,Hot-Wet,2010-02-19 04:00:00
15.36623128,-18.8580485,LA12,2010-02-19,04:20:52 AM,04:20:00,Hot-Wet,2010-02-19 04:20:00
15.36634928,-18.85813599,LA12,2010-02-19,04:40:52 AM,04:40:00,Hot-Wet,2010-02-19 04:40:00
15.36621195,-18.85845337,LA12,2010-02-19,05:00:52 AM,05:00:00,Hot-Wet,2010-02-19 05:00:00
15.36422729,-18.86144002,LA12,2010-02-19,05:20:52 AM,05:20:00,Hot-Wet,2010-02-19 05:20:00
15.36492615,-18.86130168,LA12,2010-02-19,05:40:52 AM,05:40:00,Hot-Wet,2010-02-19 05:40:00
15.36635539,-18.8616984,LA12,2010-02-19,06:00:52 AM,06:00:00,Hot-Wet,2010-02-19 06:00:00
15.37450968,-18.85897624,LA12,2010-02-19,06:20:52 AM,06:20:00,Hot-Wet,2010-02-19 06:20:00
15.38071289,-18.86057739,LA12,2010-02-19,06:40:52 AM,06:40:00,Hot-Wet,2010-02-19 06:40:00
15.38610942,-18.85835775,LA12,2010-02-19,07:00:52 AM,07:00:00,Hot-Wet,2010-02-19 07:00:00
15.3858551,-18.86275838,LA12,2010-02-19,07:20:52 AM,07:20:00,Hot-Wet,2010-02-19 07:20:00
15.38570964,-18.86278687,LA12,2010-02-19,07:40:52 AM,07:40:00,Hot-Wet,2010-02-19 07:40:00
15.38228149,-18.8587443,LA12,2010-02-19,08:00:52 AM,08:00:00,Hot-Wet,2010-02-19 08:00:00
15.37542114,-18.85698242,LA12,2010-02-19,08:20:52 AM,08:20:00,Hot-Wet,2010-02-19 08:20:00
15.3691569,-18.85287272,LA12,2010-02-19,08:40:52 AM,08:40:00,Hot-Wet,2010-02-19 08:40:00
15.36988017,-18.85310872,LA12,2010-02-19,09:00:52 AM,09:00:00,Hot-Wet,2010-02-19 09:00:00
15.36919759,-18.8499471,LA12,2010-02-19,09:20:52 AM,09:20:00,Hot-Wet,2010-02-19 09:20:00
15.36849569,-18.84888916,LA12,2010-02-19,09:40:52 AM,09:40:00,Hot-Wet,2010-02-19 09:40:00
15.36690063,-18.84873454,LA12,2010-02-19,10:00:52 AM,10:00:00,Hot-Wet,2010-02-19 10:00:00
15.36622213,-18.8493042,LA12,2010-02-19,10:20:52 AM,10:20:00,Hot-Wet,2010-02-19 10:20:00
15.35780945,-18.84972941,LA12,2010-02-19,10:40:52 AM,10:40:00,Hot-Wet,2010-02-19 10:40:00
15.35330607,-18.84703776,LA12,2010-02-19,11:00:52 AM,11:00:00,Hot-Wet,2010-02-19 11:00:00
15.34642436,-18.84524129,LA12,2010-02-19,11:20:52 AM,11:20:00,Hot-Wet,2010-02-19 11:20:00
15.33876241,-18.85219727,LA12,2010-02-19,11:40:52 AM,11:40:00,Hot-Wet,2010-02-19 11:40:00
15.33890686,-18.86033936,LA12,2010-02-19,12:00:52 PM,12:00:00,Hot-Wet,2010-02-19 12:00:00
15.33685099,-18.87198079,LA12,2010-02-19,12:20:52 PM,12:20:00,Hot-Wet,2010-02-19 12:20:00
15.33498739,-18.88366699,LA12,2010-02-19,12:40:52 PM,12:40:00,Hot-Wet,2010-02-19 12:40:00
15.33312683,-18.88950399,LA12,2010-02-19,01:00:52 PM,13:00:00,Hot-Wet,2010-02-19 13:00:00
15.33044128,-18.89015299,LA12,2010-02-19,01:20:52 PM,13:20:00,Hot-Wet,2010-02-19 13:20:00
15.32809041,-18.89284261,LA12,2010-02-19,01:40:52 PM,13:40:00,Hot-Wet,2010-02-19 13:40:00
15.32869059,-18.89271444,LA12,2010-02-19,02:00:52 PM,14:00:00,Hot-Wet,2010-02-19 14:00:00
15.32901713,-18.89298299,LA12,2010-02-19,02:20:52 PM,14:20:00,Hot-Wet,2010-02-19 14:20:00
15.33035787,-18.89384359,LA12,2010-02-19,02:40:52 PM,14:40:00,Hot-Wet,2010-02-19 14:40:00
15.33027751,-18.89396362,LA12,2010-02-19,03:00:52 PM,15:00:00,Hot-Wet,2010-02-19 15:00:00
15.32957255,-18.89517822,LA12,2010-02-19,03:20:52 PM,15:20:00,Hot-Wet,2010-02-19 15:20:00
15.32866109,-18.89691569,LA12,2010-02-19,03:40:52 PM,15:40:00,Hot-Wet,2010-02-19 15:40:00
15.32969971,-18.89740804,LA12,2010-02-19,04:00:52 PM,16:00:00,Hot-Wet,2010-02-19 16:00:00
15.33105774,-18.89807129,LA12,2010-02-19,04:20:52 PM,16:20:00,Hot-Wet,2010-02-19 16:20:00
15.33175049,-18.90564779,LA12,2010-02-19,04:40:52 PM,16:40:00,Hot-Wet,2010-02-19 16:40:00
15.32976685,-18.91078491,LA12,2010-02-19,05:00:52 PM,17:00:00,Hot-Wet,2010-02-19 17:00:00
15.32835286,-18.91106974,LA12,2010-02-19,05:20:52 PM,17:20:00,Hot-Wet,2010-02-19 17:20:00
15.3285085,-18.91223551,LA12,2010-02-19,05:40:52 PM,17:40:00,Hot-Wet,2010-02-19 17:40:00
15.32818604,-18.91131999,LA12,2010-02-19,06:00:52 PM,18:00:00,Hot-Wet,2010-02-19 18:00:00
15.3279307,-18.91136678,LA12,2010-02-19,06:20:52 PM,18:20:00,Hot-Wet,2010-02-19 18:20:00
15.32791341,-18.9116394,LA12,2010-02-19,06:40:52 PM,18:40:00,Hot-Wet,2010-02-19 18:40:00
15.32633769,-18.91120402,LA12,2010-02-19,07:00:52 PM,19:00:00,Hot-Wet,2010-02-19 19:00:00
15.32339783,-18.90836792,LA12,2010-02-19,07:20:52 PM,19:20:00,Hot-Wet,2010-02-19 19:20:00
15.32216187,-18.90811564,LA12,2010-02-19,07:40:52 PM,19:40:00,Hot-Wet,2010-02-19 19:40:00
15.32209066,-18.90782674,LA12,2010-02-19,08:00:52 PM,20:00:00,Hot-Wet,2010-02-19 20:00:00
15.32193909,-18.9080485,LA12,2010-02-19,08:20:52 PM,20:20:00,Hot-Wet,2010-02-19 20:20:00
15.32203471,-18.90705973,LA12,2010-02-19,08:40:52 PM,20:40:00,Hot-Wet,2010-02-19 20:40:00
15.32208761,-18.90619507,LA12,2010-02-19,09:00:52 PM,21:00:00,Hot-Wet,2010-02-19 21:00:00
15.32156169,-18.90555827,LA12,2010-02-19,09:20:52 PM,21:20:00,Hot-Wet,2010-02-19 21:20:00
15.32164815,-18.90500081,LA12,2010-02-19,09:40:52 PM,21:40:00,Hot-Wet,2010-02-19 21:40:00
15.32211609,-18.90303752,LA12,2010-02-19,10:00:52 PM,22:00:00,Hot-Wet,2010-02-19 22:00:00
15.31709696,-18.90377197,LA12,2010-02-19,10:20:52 PM,22:20:00,Hot-Wet,2010-02-19 22:20:00
15.31411336,-18.90052694,LA12,2010-02-19,10:40:52 PM,22:40:00,Hot-Wet,2010-02-19 22:40:00
15.31324463,-18.89836019,LA12,2010-02-19,11:00:52 PM,23:00:00,Hot-Wet,2010-02-19 23:00:00
15.31607259,-18.89823405,LA12,2010-02-19,11:20:52 PM,23:20:00,Hot-Wet,2010-02-19 23:20:00
15.32383321,-18.8973999,LA12,2010-02-19,11:40:52 PM,23:40:00,Hot-Wet,2010-02-19 23:40:00
15.32352804,-18.89385986,LA12,2010-02-20,12:00:52 AM,00:00:00,Hot-Wet,2010-02-20 00:00:00
15.3258667,-18.8890625,LA12,2010-02-20,12:20:53 AM,00:20:00,Hot-Wet,2010-02-20 00:20:00
15.33453369,-18.88615316,LA12,2010-02-20,12:40:52 AM,00:40:00,Hot-Wet,2010-02-20 00:40:00
15.33654582,-18.87849731,LA12,2010-02-20,01:00:52 AM,01:00:00,Hot-Wet,2010-02-20 01:00:00
15.33685913,-18.8696167,LA12,2010-02-20,01:20:52 AM,01:20:00,Hot-Wet,2010-02-20 01:20:00
15.33324382,-18.86696574,LA12,2010-02-20,01:40:52 AM,01:40:00,Hot-Wet,2010-02-20 01:40:00
15.33176982,-18.86538289,LA12,2010-02-20,02:00:52 AM,02:00:00,Hot-Wet,2010-02-20 02:00:00
15.33178202,-18.86539917,LA12,2010-02-20,02:20:52 AM,02:20:00,Hot-Wet,2010-02-20 02:20:00
15.33178202,-18.86539917,LA12,2010-02-20,02:40:52 AM,02:40:00,Hot-Wet,2010-02-20 02:40:00
15.33177389,-18.865389,LA12,2010-02-20,03:00:52 AM,03:00:00,Hot-Wet,2010-02-20 03:00:00
15.33177999,-18.86537476,LA12,2010-02-20,03:20:52 AM,03:20:00,Hot-Wet,2010-02-20 03:20:00
15.33175557,-18.86573079,LA12,2010-02-20,03:40:52 AM,03:40:00,Hot-Wet,2010-02-20 03:40:00
15.33177999,-18.86569824,LA12,2010-02-20,04:00:52 AM,04:00:00,Hot-Wet,2010-02-20 04:00:00
15.33173319,-18.86603597,LA12,2010-02-20,04:20:52 AM,04:20:00,Hot-Wet,2010-02-20 04:20:00
15.3321106,-18.86618652,LA12,2010-02-20,04:40:52 AM,04:40:00,Hot-Wet,2010-02-20 04:40:00
15.33104146,-18.86557821,LA12,2010-02-20,05:00:52 AM,05:00:00,Hot-Wet,2010-02-20 05:00:00
15.32833761,-18.86426799,LA12,2010-02-20,05:20:52 AM,05:20:00,Hot-Wet,2010-02-20 05:20:00
15.32447103,-18.86657511,LA12,2010-02-20,05:40:52 AM,05:40:00,Hot-Wet,2010-02-20 05:40:00
15.31886393,-18.86999919,LA12,2010-02-20,06:00:52 AM,06:00:00,Hot-Wet,2010-02-20 06:00:00
15.31677551,-18.87252808,LA12,2010-02-20,06:20:52 AM,06:20:00,Hot-Wet,2010-02-20 06:20:00
15.3162323,-18.8733724,LA12,2010-02-20,06:40:52 AM,06:40:00,Hot-Wet,2010-02-20 06:40:00
15.31404215,-18.87341715,LA12,2010-02-20,07:00:52 AM,07:00:00,Hot-Wet,2010-02-20 07:00:00
15.31144511,-18.87143351,LA12,2010-02-20,07:20:52 AM,07:20:00,Hot-Wet,2010-02-20 07:20:00
15.31362406,-18.86926473,LA12,2010-02-20,07:40:52 AM,07:40:00,Hot-Wet,2010-02-20 07:40:00
15.31588338,-18.86527507,LA12,2010-02-20,08:00:52 AM,08:00:00,Hot-Wet,2010-02-20 08:00:00
15.3176534,-18.86454264,LA12,2010-02-20,08:20:52 AM,08:20:00,Hot-Wet,2010-02-20 08:20:00
15.32186178,-18.86552938,LA12,2010-02-20,08:40:52 AM,08:40:00,Hot-Wet,2010-02-20 08:40:00
15.32185567,-18.86845093,LA12,2010-02-20,09:00:52 AM,09:00:00,Hot-Wet,2010-02-20 09:00:00
15.32701416,-18.87505697,LA12,2010-02-20,09:20:52 AM,09:20:00,Hot-Wet,2010-02-20 09:20:00
15.33278402,-18.88137817,LA12,2010-02-20,09:40:52 AM,09:40:00,Hot-Wet,2010-02-20 09:40:00
15.33413798,-18.87763265,LA12,2010-02-20,10:00:52 AM,10:00:00,Hot-Wet,2010-02-20 10:00:00
15.33484904,-18.87546387,LA12,2010-02-20,10:20:52 AM,10:20:00,Hot-Wet,2010-02-20 10:20:00
15.33658447,-18.86860962,LA12,2010-02-20,10:40:52 AM,10:40:00,Hot-Wet,2010-02-20 10:40:00
15.33612162,-18.86848145,LA12,2010-02-20,11:00:52 AM,11:00:00,Hot-Wet,2010-02-20 11:00:00
15.33343709,-18.86557821,LA12,2010-02-20,11:20:52 AM,11:20:00,Hot-Wet,2010-02-20 11:20:00
15.33250732,-18.86496785,LA12,2010-02-20,11:40:52 AM,11:40:00,Hot-Wet,2010-02-20 11:40:00
15.32980347,-18.86346436,LA12,2010-02-20,12:00:52 PM,12:00:00,Hot-Wet,2010-02-20 12:00:00
15.32604879,-18.86576131,LA12,2010-02-20,12:20:52 PM,12:20:00,Hot-Wet,2010-02-20 12:20:00
15.32307027,-18.86587118,LA12,2010-02-20,12:40:52 PM,12:40:00,Hot-Wet,2010-02-20 12:40:00
15.32300008,-18.86588338,LA12,2010-02-20,01:00:52 PM,13:00:00,Hot-Wet,2010-02-20 13:00:00
15.32223612,-18.86571655,LA12,2010-02-20,01:20:52 PM,13:20:00,Hot-Wet,2010-02-20 13:20:00
15.32121175,-18.86684977,LA12,2010-02-20,01:40:52 PM,13:40:00,Hot-Wet,2010-02-20 13:40:00
15.3211436,-18.87083333,LA12,2010-02-20,02:00:52 PM,14:00:00,Hot-Wet,2010-02-20 14:00:00
15.3212738,-18.87085368,LA12,2010-02-20,02:20:52 PM,14:20:00,Hot-Wet,2010-02-20 14:20:00
15.31831055,-18.87463379,LA12,2010-02-20,02:40:52 PM,14:40:00,Hot-Wet,2010-02-20 14:40:00
15.31266683,-18.87891235,LA12,2010-02-20,03:00:52 PM,15:00:00,Hot-Wet,2010-02-20 15:00:00
15.31182251,-18.87917074,LA12,2010-02-20,03:20:52 PM,15:20:00,Hot-Wet,2010-02-20 15:20:00
15.31001994,-18.87914429,LA12,2010-02-20,03:40:52 PM,15:40:00,Hot-Wet,2010-02-20 15:40:00
15.30633036,-18.87774862,LA12,2010-02-20,04:00:52 PM,16:00:00,Hot-Wet,2010-02-20 16:00:00
15.3027242,-18.87410685,LA12,2010-02-20,04:20:52 PM,16:20:00,Hot-Wet,2010-02-20 16:20:00
15.30276591,-18.87300008,LA12,2010-02-20,04:40:52 PM,16:40:00,Hot-Wet,2010-02-20 16:40:00
15.30215759,-18.87180786,LA12,2010-02-20,05:00:52 PM,17:00:00,Hot-Wet,2010-02-20 17:00:00
15.30209961,-18.87186686,LA12,2010-02-20,05:20:52 PM,17:20:00,Hot-Wet,2010-02-20 17:20:00
15.29726563,-18.86612752,LA12,2010-02-20,05:40:52 PM,17:40:00,Hot-Wet,2010-02-20 17:40:00
15.29480387,-18.86073608,LA12,2010-02-20,06:00:52 PM,18:00:00,Hot-Wet,2010-02-20 18:00:00
15.29541524,-18.85853475,LA12,2010-02-20,06:20:52 PM,18:20:00,Hot-Wet,2010-02-20 18:20:00
15.29532572,-18.85993856,LA12,2010-02-20,06:40:52 PM,18:40:00,Hot-Wet,2010-02-20 18:40:00
15.29482218,-18.86232503,LA12,2010-02-20,07:00:52 PM,19:00:00,Hot-Wet,2010-02-20 19:00:00
15.2946106,-18.86331991,LA12,2010-02-20,07:20:52 PM,19:20:00,Hot-Wet,2010-02-20 19:20:00
15.29467265,-18.8637736,LA12,2010-02-20,07:40:52 PM,19:40:00,Hot-Wet,2010-02-20 19:40:00
15.29111837,-18.86520182,LA12,2010-02-20,08:00:52 PM,20:00:00,Hot-Wet,2010-02-20 20:00:00
15.28996989,-18.86617432,LA12,2010-02-20,08:20:52 PM,20:20:00,Hot-Wet,2010-02-20 20:20:00
15.28982544,-18.86513468,LA12,2010-02-20,08:40:52 PM,20:40:00,Hot-Wet,2010-02-20 20:40:00
15.29014893,-18.86462606,LA12,2010-02-20,09:00:52 PM,21:00:00,Hot-Wet,2010-02-20 21:00:00
15.28986918,-18.86420085,LA12,2010-02-20,09:20:52 PM,21:20:00,Hot-Wet,2010-02-20 21:20:00
15.29111532,-18.86407471,LA12,2010-02-20,09:40:52 PM,21:40:00,Hot-Wet,2010-02-20 21:40:00
15.29170125,-18.86392212,LA12,2010-02-20,10:00:52 PM,22:00:00,Hot-Wet,2010-02-20 22:00:00
15.2923584,-18.86467082,LA12,2010-02-20,10:20:52 PM,22:20:00,Hot-Wet,2010-02-20 22:20:00
15.29170939,-18.86431274,LA12,2010-02-20,10:40:52 PM,22:40:00,Hot-Wet,2010-02-20 22:40:00
15.29146322,-18.86189575,LA12,2010-02-20,11:00:52 PM,23:00:00,Hot-Wet,2010-02-20 23:00:00
15.29165039,-18.86166382,LA12,2010-02-20,11:20:52 PM,23:20:00,Hot-Wet,2010-02-20 23:20:00
15.29163411,-18.86166789,LA12,2010-02-20,11:40:52 PM,23:40:00,Hot-Wet,2010-02-20 23:40:00
15.29187012,-18.86156209,LA12,2010-02-21,12:00:52 AM,00:00:00,Hot-Wet,2010-02-21 00:00:00
15.29190165,-18.86197917,LA12,2010-02-21,12:20:52 AM,00:20:00,Hot-Wet,2010-02-21 00:20:00
15.29248657,-18.86245931,LA12,2010-02-21,12:40:52 AM,00:40:00,Hot-Wet,2010-02-21 00:40:00
15.29236247,-18.86227214,LA12,2010-02-21,01:00:52 AM,01:00:00,Hot-Wet,2010-02-21 01:00:00
15.29236145,-18.86227214,LA12,2010-02-21,01:20:52 AM,01:20:00,Hot-Wet,2010-02-21 01:20:00
15.29249166,-18.86248983,LA12,2010-02-21,01:40:52 AM,01:40:00,Hot-Wet,2010-02-21 01:40:00
15.29247437,-18.86247559,LA12,2010-02-21,02:00:52 AM,02:00:00,Hot-Wet,2010-02-21 02:00:00
15.29249471,-18.86246948,LA12,2010-02-21,02:20:52 AM,02:20:00,Hot-Wet,2010-02-21 02:20:00
15.29249064,-18.86245931,LA12,2010-02-21,02:40:52 AM,02:40:00,Hot-Wet,2010-02-21 02:40:00
15.29252523,-18.86217855,LA12,2010-02-21,03:00:52 AM,03:00:00,Hot-Wet,2010-02-21 03:00:00
15.29248657,-18.86246541,LA12,2010-02-21,03:20:52 AM,03:20:00,Hot-Wet,2010-02-21 03:20:00
15.29247538,-18.86249186,LA12,2010-02-21,03:40:52 AM,03:40:00,Hot-Wet,2010-02-21 03:40:00
15.29250387,-18.86248779,LA12,2010-02-21,04:00:52 AM,04:00:00,Hot-Wet,2010-02-21 04:00:00
15.29245097,-18.86243286,LA12,2010-02-21,04:20:52 AM,04:20:00,Hot-Wet,2010-02-21 04:20:00
15.29327698,-18.86181844,LA12,2010-02-21,04:40:52 AM,04:40:00,Hot-Wet,2010-02-21 04:40:00
15.29567464,-18.85997314,LA12,2010-02-21,05:00:52 AM,05:00:00,Hot-Wet,2010-02-21 05:00:00
15.29580383,-18.86000977,LA12,2010-02-21,05:20:52 AM,05:20:00,Hot-Wet,2010-02-21 05:20:00
15.29616699,-18.85895386,LA12,2010-02-21,05:40:52 AM,05:40:00,Hot-Wet,2010-02-21 05:40:00
15.29588216,-18.85807902,LA12,2010-02-21,06:00:52 AM,06:00:00,Hot-Wet,2010-02-21 06:00:00
15.29595439,-18.85772909,LA12,2010-02-21,06:20:52 AM,06:20:00,Hot-Wet,2010-02-21 06:20:00
15.29613851,-18.85758667,LA12,2010-02-21,06:40:52 AM,06:40:00,Hot-Wet,2010-02-21 06:40:00
15.29595846,-18.85725098,LA12,2010-02-21,07:00:52 AM,07:00:00,Hot-Wet,2010-02-21 07:00:00
15.29817301,-18.85316569,LA12,2010-02-21,07:20:52 AM,07:20:00,Hot-Wet,2010-02-21 07:20:00
15.29945272,-18.85189819,LA12,2010-02-21,07:40:52 AM,07:40:00,Hot-Wet,2010-02-21 07:40:00
15.29938761,-18.85184326,LA12,2010-02-21,08:00:52 AM,08:00:00,Hot-Wet,2010-02-21 08:00:00
15.2992218,-18.85141398,LA12,2010-02-21,08:20:52 AM,08:20:00,Hot-Wet,2010-02-21 08:20:00
15.29909465,-18.85135295,LA12,2010-02-21,08:40:52 AM,08:40:00,Hot-Wet,2010-02-21 08:40:00
15.29988505,-18.85233968,LA12,2010-02-21,09:00:52 AM,09:00:00,Hot-Wet,2010-02-21 09:00:00
15.30092773,-18.85225016,LA12,2010-02-21,09:20:52 AM,09:20:00,Hot-Wet,2010-02-21 09:20:00
15.30143738,-18.85188192,LA12,2010-02-21,09:40:52 AM,09:40:00,Hot-Wet,2010-02-21 09:40:00
15.30235697,-18.85129191,LA12,2010-02-21,10:00:52 AM,10:00:00,Hot-Wet,2010-02-21 10:00:00
15.30473328,-18.84808757,LA12,2010-02-21,10:20:52 AM,10:20:00,Hot-Wet,2010-02-21 10:20:00
15.30553996,-18.84645996,LA12,2010-02-21,10:40:52 AM,10:40:00,Hot-Wet,2010-02-21 10:40:00
15.3068929,-18.84595744,LA12,2010-02-21,11:00:52 AM,11:00:00,Hot-Wet,2010-02-21 11:00:00
15.3090922,-18.84499105,LA12,2010-02-21,11:20:52 AM,11:20:00,Hot-Wet,2010-02-21 11:20:00
15.30953166,-18.84348958,LA12,2010-02-21,11:40:52 AM,11:40:00,Hot-Wet,2010-02-21 11:40:00
15.31009115,-18.84276326,LA12,2010-02-21,12:00:52 PM,12:00:00,Hot-Wet,2010-02-21 12:00:00
15.31098022,-18.84150187,LA12,2010-02-21,12:20:52 PM,12:20:00,Hot-Wet,2010-02-21 12:20:00
15.3112264,-18.84064331,LA12,2010-02-21,12:40:52 PM,12:40:00,Hot-Wet,2010-02-21 12:40:00
15.31263326,-18.84018758,LA12,2010-02-21,01:00:52 PM,13:00:00,Hot-Wet,2010-02-21 13:00:00
15.31259969,-18.84020386,LA12,2010-02-21,01:20:52 PM,13:20:00,Hot-Wet,2010-02-21 13:20:00
15.31260783,-18.84087728,LA12,2010-02-21,01:40:52 PM,13:40:00,Hot-Wet,2010-02-21 13:40:00
15.3137502,-18.84004924,LA12,2010-02-21,02:00:52 PM,14:00:00,Hot-Wet,2010-02-21 14:00:00
15.31430054,-18.84064128,LA12,2010-02-21,02:20:52 PM,14:20:00,Hot-Wet,2010-02-21 14:20:00
15.31471049,-18.84092814,LA12,2010-02-21,02:40:52 PM,14:40:00,Hot-Wet,2010-02-21 14:40:00
15.31471965,-18.84091797,LA12,2010-02-21,03:00:52 PM,15:00:00,Hot-Wet,2010-02-21 15:00:00
15.31476644,-18.84003499,LA12,2010-02-21,03:20:52 PM,15:20:00,Hot-Wet,2010-02-21 15:20:00
15.31605835,-18.83951009,LA12,2010-02-21,03:40:52 PM,15:40:00,Hot-Wet,2010-02-21 15:40:00
15.3164856,-18.83987223,LA12,2010-02-21,04:00:52 PM,16:00:00,Hot-Wet,2010-02-21 16:00:00
15.31653341,-18.84025065,LA12,2010-02-21,04:20:52 PM,16:20:00,Hot-Wet,2010-02-21 16:20:00
15.31541951,-18.84051107,LA12,2010-02-21,04:40:52 PM,16:40:00,Hot-Wet,2010-02-21 16:40:00
15.31396993,-18.84156087,LA12,2010-02-21,05:00:52 PM,17:00:00,Hot-Wet,2010-02-21 17:00:00
15.31414388,-18.84192912,LA12,2010-02-21,05:20:52 PM,17:20:00,Hot-Wet,2010-02-21 17:20:00
15.31414388,-18.84221191,LA12,2010-02-21,05:40:52 PM,17:40:00,Hot-Wet,2010-02-21 17:40:00
15.31496887,-18.84230754,LA12,2010-02-21,06:00:52 PM,18:00:00,Hot-Wet,2010-02-21 18:00:00
15.31630351,-18.84207967,LA12,2010-02-21,06:20:52 PM,18:20:00,Hot-Wet,2010-02-21 18:20:00
15.31689555,-18.8420166,LA12,2010-02-21,06:40:52 PM,18:40:00,Hot-Wet,2010-02-21 18:40:00
15.31686503,-18.84195964,LA12,2010-02-21,07:00:52 PM,19:00:00,Hot-Wet,2010-02-21 19:00:00
15.3169047,-18.84205526,LA12,2010-02-21,07:20:52 PM,19:20:00,Hot-Wet,2010-02-21 19:20:00
15.31694539,-18.84235636,LA12,2010-02-21,07:40:52 PM,19:40:00,Hot-Wet,2010-02-21 19:40:00
15.31753642,-18.84256795,LA12,2010-02-21,08:00:52 PM,20:00:00,Hot-Wet,2010-02-21 20:00:00
15.31752421,-18.8422404,LA12,2010-02-21,08:20:52 PM,20:20:00,Hot-Wet,2010-02-21 20:20:00
15.31721497,-18.84180298,LA12,2010-02-21,08:40:52 PM,20:40:00,Hot-Wet,2010-02-21 20:40:00
15.31690063,-18.84172567,LA12,2010-02-21,09:00:52 PM,21:00:00,Hot-Wet,2010-02-21 21:00:00
15.31708577,-18.84054565,LA12,2010-02-21,09:20:52 PM,21:20:00,Hot-Wet,2010-02-21 21:20:00
15.31765035,-18.83999023,LA12,2010-02-21,09:40:52 PM,21:40:00,Hot-Wet,2010-02-21 21:40:00
15.31668498,-18.83978882,LA12,2010-02-21,10:00:52 PM,22:00:00,Hot-Wet,2010-02-21 22:00:00
15.31664937,-18.83975423,LA12,2010-02-21,10:20:52 PM,22:20:00,Hot-Wet,2010-02-21 22:20:00
15.31595459,-18.84020793,LA12,2010-02-21,10:40:52 PM,22:40:00,Hot-Wet,2010-02-21 22:40:00
15.313915,-18.84318644,LA12,2010-02-21,11:00:52 PM,23:00:00,Hot-Wet,2010-02-21 23:00:00
15.31372986,-18.84345093,LA12,2010-02-21,11:20:52 PM,23:20:00,Hot-Wet,2010-02-21 23:20:00
15.31377462,-18.84472656,LA12,2010-02-21,11:40:52 PM,23:40:00,Hot-Wet,2010-02-21 23:40:00
15.31376648,-18.84470622,LA12,2010-02-22,12:00:52 AM,00:00:00,Hot-Wet,2010-02-22 00:00:00
15.31353658,-18.84464315,LA12,2010-02-22,12:20:52 AM,00:20:00,Hot-Wet,2010-02-22 00:20:00
15.31369629,-18.84414266,LA12,2010-02-22,12:40:52 AM,00:40:00,Hot-Wet,2010-02-22 00:40:00
15.31181946,-18.84506836,LA12,2010-02-22,01:00:52 AM,01:00:00,Hot-Wet,2010-02-22 01:00:00
15.31173401,-18.84507446,LA12,2010-02-22,01:20:52 AM,01:20:00,Hot-Wet,2010-02-22 01:20:00
15.3117391,-18.84508667,LA12,2010-02-22,01:40:52 AM,01:40:00,Hot-Wet,2010-02-22 01:40:00
15.3117157,-18.84510905,LA12,2010-02-22,02:00:52 AM,02:00:00,Hot-Wet,2010-02-22 02:00:00
15.31173401,-18.84509481,LA12,2010-02-22,02:20:52 AM,02:20:00,Hot-Wet,2010-02-22 02:20:00
15.31174927,-18.84508464,LA12,2010-02-22,02:40:52 AM,02:40:00,Hot-Wet,2010-02-22 02:40:00
15.31171163,-18.84501953,LA12,2010-02-22,03:00:52 AM,03:00:00,Hot-Wet,2010-02-22 03:00:00
15.31166992,-18.84500122,LA12,2010-02-22,03:20:52 AM,03:20:00,Hot-Wet,2010-02-22 03:20:00
15.3116923,-18.84499919,LA12,2010-02-22,03:40:52 AM,03:40:00,Hot-Wet,2010-02-22 03:40:00
15.31171265,-18.84502767,LA12,2010-02-22,04:00:52 AM,04:00:00,Hot-Wet,2010-02-22 04:00:00
15.31171468,-18.84509481,LA12,2010-02-22,04:20:52 AM,04:20:00,Hot-Wet,2010-02-22 04:20:00
15.31047974,-18.84548136,LA12,2010-02-22,04:40:52 AM,04:40:00,Hot-Wet,2010-02-22 04:40:00
15.30741781,-18.85014648,LA12,2010-02-22,05:00:52 AM,05:00:00,Hot-Wet,2010-02-22 05:00:00
15.30648702,-18.85235799,LA12,2010-02-22,05:20:52 AM,05:20:00,Hot-Wet,2010-02-22 05:20:00
15.30342204,-18.85142619,LA12,2010-02-22,05:40:52 AM,05:40:00,Hot-Wet,2010-02-22 05:40:00
15.301415,-18.8510437,LA12,2010-02-22,06:00:52 AM,06:00:00,Hot-Wet,2010-02-22 06:00:00
15.30095723,-18.85026652,LA12,2010-02-22,06:20:52 AM,06:20:00,Hot-Wet,2010-02-22 06:20:00
15.30041402,-18.85007121,LA12,2010-02-22,06:40:52 AM,06:40:00,Hot-Wet,2010-02-22 06:40:00
15.299823,-18.84883423,LA12,2010-02-22,07:00:52 AM,07:00:00,Hot-Wet,2010-02-22 07:00:00
15.30085958,-18.84887899,LA12,2010-02-22,07:20:52 AM,07:20:00,Hot-Wet,2010-02-22 07:20:00
15.29981689,-18.84782715,LA12,2010-02-22,07:40:52 AM,07:40:00,Hot-Wet,2010-02-22 07:40:00
15.29852702,-18.84599813,LA12,2010-02-22,08:00:52 AM,08:00:00,Hot-Wet,2010-02-22 08:00:00
15.29848226,-18.84582926,LA12,2010-02-22,08:20:52 AM,08:20:00,Hot-Wet,2010-02-22 08:20:00
15.29766032,-18.84769491,LA12,2010-02-22,08:40:52 AM,08:40:00,Hot-Wet,2010-02-22 08:40:00
15.29592183,-18.84891764,LA12,2010-02-22,09:00:52 AM,09:00:00,Hot-Wet,2010-02-22 09:00:00
15.29544678,-18.8487203,LA12,2010-02-22,09:20:52 AM,09:20:00,Hot-Wet,2010-02-22 09:20:00
15.29623006,-18.84813843,LA12,2010-02-22,09:40:52 AM,09:40:00,Hot-Wet,2010-02-22 09:40:00
15.29661051,-18.84797567,LA12,2010-02-22,10:00:52 AM,10:00:00,Hot-Wet,2010-02-22 10:00:00
15.29667867,-18.84791667,LA12,2010-02-22,10:20:52 AM,10:20:00,Hot-Wet,2010-02-22 10:20:00
15.29775899,-18.84873454,LA12,2010-02-22,10:40:52 AM,10:40:00,Hot-Wet,2010-02-22 10:40:00
15.29871623,-18.84971924,LA12,2010-02-22,11:00:52 AM,11:00:00,Hot-Wet,2010-02-22 11:00:00
15.29914042,-18.85069987,LA12,2010-02-22,11:20:52 AM,11:20:00,Hot-Wet,2010-02-22 11:20:00
15.29896444,-18.85099691,LA12,2010-02-22,11:40:52 AM,11:40:00,Hot-Wet,2010-02-22 11:40:00
15.29913127,-18.8516276,LA12,2010-02-22,12:00:52 PM,12:00:00,Hot-Wet,2010-02-22 12:00:00
15.29938558,-18.85181274,LA12,2010-02-22,12:20:53 PM,12:20:00,Hot-Wet,2010-02-22 12:20:00
15.29976196,-18.8530721,LA12,2010-02-22,12:40:52 PM,12:40:00,Hot-Wet,2010-02-22 12:40:00
15.30032145,-18.8534668,LA12,2010-02-22,01:00:52 PM,13:00:00,Hot-Wet,2010-02-22 13:00:00
15.29966736,-18.85252482,LA12,2010-02-22,01:20:52 PM,13:20:00,Hot-Wet,2010-02-22 13:20:00
15.30095622,-18.85173136,LA12,2010-02-22,01:40:52 PM,13:40:00,Hot-Wet,2010-02-22 13:40:00
15.30195211,-18.85150757,LA12,2010-02-22,02:00:52 PM,14:00:00,Hot-Wet,2010-02-22 14:00:00
15.30202332,-18.85154826,LA12,2010-02-22,02:20:52 PM,14:20:00,Hot-Wet,2010-02-22 14:20:00
15.30123494,-18.85399577,LA12,2010-02-22,02:40:52 PM,14:40:00,Hot-Wet,2010-02-22 14:40:00
15.29981791,-18.85442912,LA12,2010-02-22,03:00:52 PM,15:00:00,Hot-Wet,2010-02-22 15:00:00
15.29637756,-18.85726522,LA12,2010-02-22,03:20:52 PM,15:20:00,Hot-Wet,2010-02-22 15:20:00
15.29390259,-18.86012573,LA12,2010-02-22,03:40:52 PM,15:40:00,Hot-Wet,2010-02-22 15:40:00
15.29697164,-18.86034546,LA12,2010-02-22,04:00:52 PM,16:00:00,Hot-Wet,2010-02-22 16:00:00
15.30687764,-18.85859578,LA12,2010-02-22,04:20:52 PM,16:20:00,Hot-Wet,2010-02-22 16:20:00
15.30886332,-18.85147095,LA12,2010-02-22,04:40:52 PM,16:40:00,Hot-Wet,2010-02-22 16:40:00
15.30878601,-18.84698283,LA12,2010-02-22,05:00:52 PM,17:00:00,Hot-Wet,2010-02-22 17:00:00
15.31188761,-18.84301758,LA12,2010-02-22,05:20:52 PM,17:20:00,Hot-Wet,2010-02-22 17:20:00
15.31248474,-18.8442159,LA12,2010-02-22,05:40:52 PM,17:40:00,Hot-Wet,2010-02-22 17:40:00
15.31011861,-18.84035238,LA12,2010-02-22,06:00:52 PM,18:00:00,Hot-Wet,2010-02-22 18:00:00
15.31013692,-18.84019165,LA12,2010-02-22,06:20:52 PM,18:20:00,Hot-Wet,2010-02-22 18:20:00
15.31184285,-18.83988241,LA12,2010-02-22,06:40:52 PM,18:40:00,Hot-Wet,2010-02-22 18:40:00
15.3130127,-18.84007772,LA12,2010-02-22,07:00:52 PM,19:00:00,Hot-Wet,2010-02-22 19:00:00
15.3129954,-18.84025879,LA12,2010-02-22,07:20:52 PM,19:20:00,Hot-Wet,2010-02-22 19:20:00
15.31433105,-18.83980306,LA12,2010-02-22,07:40:52 PM,19:40:00,Hot-Wet,2010-02-22 19:40:00
15.31522725,-18.83984985,LA12,2010-02-22,08:00:52 PM,20:00:00,Hot-Wet,2010-02-22 20:00:00
15.31525777,-18.83954061,LA12,2010-02-22,08:20:52 PM,20:20:00,Hot-Wet,2010-02-22 20:20:00
15.31567078,-18.83879598,LA12,2010-02-22,08:40:52 PM,20:40:00,Hot-Wet,2010-02-22 20:40:00
15.31691589,-18.83910116,LA12,2010-02-22,09:00:52 PM,21:00:00,Hot-Wet,2010-02-22 21:00:00
15.31800435,-18.83833211,LA12,2010-02-22,09:20:52 PM,21:20:00,Hot-Wet,2010-02-22 21:20:00
15.31813253,-18.83827922,LA12,2010-02-22,09:40:52 PM,21:40:00,Hot-Wet,2010-02-22 21:40:00
15.31882528,-18.83822428,LA12,2010-02-22,10:00:52 PM,22:00:00,Hot-Wet,2010-02-22 22:00:00
15.32137044,-18.8369873,LA12,2010-02-22,10:20:52 PM,22:20:00,Hot-Wet,2010-02-22 22:20:00
15.32134298,-18.83637085,LA12,2010-02-22,10:40:52 PM,22:40:00,Hot-Wet,2010-02-22 22:40:00
15.32143046,-18.83604736,LA12,2010-02-22,11:00:52 PM,23:00:00,Hot-Wet,2010-02-22 23:00:00
15.32288106,-18.83592733,LA12,2010-02-22,11:20:52 PM,23:20:00,Hot-Wet,2010-02-22 23:20:00
15.32274882,-18.83668416,LA12,2010-02-22,11:40:52 PM,23:40:00,Hot-Wet,2010-02-22 23:40:00
15.32361959,-18.83681641,LA12,2010-02-23,12:00:52 AM,00:00:00,Hot-Wet,2010-02-23 00:00:00
15.32359924,-18.8367981,LA12,2010-02-23,12:20:52 AM,00:20:00,Hot-Wet,2010-02-23 00:20:00
15.3251709,-18.8375061,LA12,2010-02-23,12:40:52 AM,00:40:00,Hot-Wet,2010-02-23 00:40:00
15.32518514,-18.83752441,LA12,2010-02-23,01:00:52 AM,01:00:00,Hot-Wet,2010-02-23 01:00:00
15.32518717,-18.83751424,LA12,2010-02-23,01:20:52 AM,01:20:00,Hot-Wet,2010-02-23 01:20:00
15.32521566,-18.83751831,LA12,2010-02-23,01:40:52 AM,01:40:00,Hot-Wet,2010-02-23 01:40:00
15.32520854,-18.83752645,LA12,2010-02-23,02:00:52 AM,02:00:00,Hot-Wet,2010-02-23 02:00:00
15.32519531,-18.83752238,LA12,2010-02-23,02:20:52 AM,02:20:00,Hot-Wet,2010-02-23 02:20:00
15.32518005,-18.83752035,LA12,2010-02-23,02:40:52 AM,02:40:00,Hot-Wet,2010-02-23 02:40:00
15.32514547,-18.83749797,LA12,2010-02-23,03:00:52 AM,03:00:00,Hot-Wet,2010-02-23 03:00:00
15.3252828,-18.83755697,LA12,2010-02-23,03:20:52 AM,03:20:00,Hot-Wet,2010-02-23 03:20:00
15.32520345,-18.83751628,LA12,2010-02-23,03:40:52 AM,03:40:00,Hot-Wet,2010-02-23 03:40:00
15.32713623,-18.83649699,LA12,2010-02-23,04:00:52 AM,04:00:00,Hot-Wet,2010-02-23 04:00:00
15.32816874,-18.83634644,LA12,2010-02-23,04:20:52 AM,04:20:00,Hot-Wet,2010-02-23 04:20:00
15.32898865,-18.83656006,LA12,2010-02-23,04:40:52 AM,04:40:00,Hot-Wet,2010-02-23 04:40:00
15.33076477,-18.83675334,LA12,2010-02-23,05:00:52 AM,05:00:00,Hot-Wet,2010-02-23 05:00:00
15.33346252,-18.83823039,LA12,2010-02-23,05:20:52 AM,05:20:00,Hot-Wet,2010-02-23 05:20:00
15.33475138,-18.84049886,LA12,2010-02-23,05:40:52 AM,05:40:00,Hot-Wet,2010-02-23 05:40:00
15.33828735,-18.83976847,LA12,2010-02-23,06:00:52 AM,06:00:00,Hot-Wet,2010-02-23 06:00:00
15.34279989,-18.83685506,LA12,2010-02-23,06:20:52 AM,06:20:00,Hot-Wet,2010-02-23 06:20:00
15.34911702,-18.8367452,LA12,2010-02-23,06:40:52 AM,06:40:00,Hot-Wet,2010-02-23 06:40:00
15.35229594,-18.83771362,LA12,2010-02-23,07:00:52 AM,07:00:00,Hot-Wet,2010-02-23 07:00:00
15.3555542,-18.84207357,LA12,2010-02-23,07:20:52 AM,07:20:00,Hot-Wet,2010-02-23 07:20:00
15.36137085,-18.84552002,LA12,2010-02-23,07:40:52 AM,07:40:00,Hot-Wet,2010-02-23 07:40:00
15.36749471,-18.84914754,LA12,2010-02-23,08:00:52 AM,08:00:00,Hot-Wet,2010-02-23 08:00:00
15.37504781,-18.85112712,LA12,2010-02-23,08:20:52 AM,08:20:00,Hot-Wet,2010-02-23 08:20:00
15.38068542,-18.85511271,LA12,2010-02-23,08:40:52 AM,08:40:00,Hot-Wet,2010-02-23 08:40:00
15.38490397,-18.85813395,LA12,2010-02-23,09:00:52 AM,09:00:00,Hot-Wet,2010-02-23 09:00:00
15.38494975,-18.85749512,LA12,2010-02-23,09:20:52 AM,09:20:00,Hot-Wet,2010-02-23 09:20:00
15.38497111,-18.85699259,LA12,2010-02-23,09:40:52 AM,09:40:00,Hot-Wet,2010-02-23 09:40:00
15.3848704,-18.85692342,LA12,2010-02-23,10:00:52 AM,10:00:00,Hot-Wet,2010-02-23 10:00:00
15.38411153,-18.86055094,LA12,2010-02-23,10:20:52 AM,10:20:00,Hot-Wet,2010-02-23 10:20:00
15.38579305,-18.86286214,LA12,2010-02-23,10:40:52 AM,10:40:00,Hot-Wet,2010-02-23 10:40:00
15.38688863,-18.86267904,LA12,2010-02-23,11:00:52 AM,11:00:00,Hot-Wet,2010-02-23 11:00:00
15.38815104,-18.8655599,LA12,2010-02-23,11:20:52 AM,11:20:00,Hot-Wet,2010-02-23 11:20:00
15.38928121,-18.86437785,LA12,2010-02-23,11:40:52 AM,11:40:00,Hot-Wet,2010-02-23 11:40:00
15.39084574,-18.86332194,LA12,2010-02-23,12:00:52 PM,12:00:00,Hot-Wet,2010-02-23 12:00:00
15.39312744,-18.86126099,LA12,2010-02-23,12:20:52 PM,12:20:00,Hot-Wet,2010-02-23 12:20:00
15.39267375,-18.86114705,LA12,2010-02-23,12:40:52 PM,12:40:00,Hot-Wet,2010-02-23 12:40:00
15.39139506,-18.8605306,LA12,2010-02-23,01:00:52 PM,13:00:00,Hot-Wet,2010-02-23 13:00:00
15.38942566,-18.85883993,LA12,2010-02-23,01:20:52 PM,13:20:00,Hot-Wet,2010-02-23 13:20:00
15.38823649,-18.85901082,LA12,2010-02-23,01:40:52 PM,13:40:00,Hot-Wet,2010-02-23 13:40:00
15.38466797,-18.85888265,LA12,2010-02-23,02:00:52 PM,14:00:00,Hot-Wet,2010-02-23 14:00:00
15.37875977,-18.86487427,LA12,2010-02-23,02:20:52 PM,14:20:00,Hot-Wet,2010-02-23 14:20:00
15.37347819,-18.86753743,LA12,2010-02-23,02:40:52 PM,14:40:00,Hot-Wet,2010-02-23 14:40:00
15.36849569,-18.87021688,LA12,2010-02-23,03:00:52 PM,15:00:00,Hot-Wet,2010-02-23 15:00:00
15.36514079,-18.86920573,LA12,2010-02-23,03:20:52 PM,15:20:00,Hot-Wet,2010-02-23 15:20:00
15.36099345,-18.87113241,LA12,2010-02-23,03:40:52 PM,15:40:00,Hot-Wet,2010-02-23 15:40:00
15.35560811,-18.87680664,LA12,2010-02-23,04:00:52 PM,16:00:00,Hot-Wet,2010-02-23 16:00:00
15.35356852,-18.87860514,LA12,2010-02-23,04:20:52 PM,16:20:00,Hot-Wet,2010-02-23 16:20:00
15.34976501,-18.88342082,LA12,2010-02-23,04:40:52 PM,16:40:00,Hot-Wet,2010-02-23 16:40:00
15.34251912,-18.88872274,LA12,2010-02-23,05:00:52 PM,17:00:00,Hot-Wet,2010-02-23 17:00:00
15.33619486,-18.89760132,LA12,2010-02-23,05:20:52 PM,17:20:00,Hot-Wet,2010-02-23 17:20:00
15.33355306,-18.90760091,LA12,2010-02-23,05:40:52 PM,17:40:00,Hot-Wet,2010-02-23 17:40:00
15.32896016,-18.9120341,LA12,2010-02-23,06:00:52 PM,18:00:00,Hot-Wet,2010-02-23 18:00:00
15.32678324,-18.91253459,LA12,2010-02-23,06:20:52 PM,18:20:00,Hot-Wet,2010-02-23 18:20:00
15.32333577,-18.9141154,LA12,2010-02-23,06:40:52 PM,18:40:00,Hot-Wet,2010-02-23 18:40:00
15.31954041,-18.91335449,LA12,2010-02-23,07:00:52 PM,19:00:00,Hot-Wet,2010-02-23 19:00:00
15.31810303,-18.91350098,LA12,2010-02-23,07:20:52 PM,19:20:00,Hot-Wet,2010-02-23 19:20:00
15.31495667,-18.91463013,LA12,2010-02-23,07:40:52 PM,19:40:00,Hot-Wet,2010-02-23 19:40:00
15.31181946,-18.91249797,LA12,2010-02-23,08:00:52 PM,20:00:00,Hot-Wet,2010-02-23 20:00:00
15.30961914,-18.91380005,LA12,2010-02-23,08:20:52 PM,20:20:00,Hot-Wet,2010-02-23 20:20:00
15.3068044,-18.91447144,LA12,2010-02-23,08:40:52 PM,20:40:00,Hot-Wet,2010-02-23 20:40:00
15.30671692,-18.91384074,LA12,2010-02-23,09:00:52 PM,21:00:00,Hot-Wet,2010-02-23 21:00:00
15.30799052,-18.9104248,LA12,2010-02-23,09:20:52 PM,21:20:00,Hot-Wet,2010-02-23 21:20:00
15.30834351,-18.90512695,LA12,2010-02-23,09:40:52 PM,21:40:00,Hot-Wet,2010-02-23 21:40:00
15.30630086,-18.90283407,LA12,2010-02-23,10:00:52 PM,22:00:00,Hot-Wet,2010-02-23 22:00:00
15.30443522,-18.90219116,LA12,2010-02-23,10:20:52 PM,22:20:00,Hot-Wet,2010-02-23 22:20:00
15.30342509,-18.90251872,LA12,2010-02-23,10:40:52 PM,22:40:00,Hot-Wet,2010-02-23 22:40:00
15.3012675,-18.90270386,LA12,2010-02-23,11:00:52 PM,23:00:00,Hot-Wet,2010-02-23 23:00:00
15.30118205,-18.90297241,LA12,2010-02-23,11:20:52 PM,23:20:00,Hot-Wet,2010-02-23 23:20:00
15.30072123,-18.90273031,LA12,2010-02-23,11:40:52 PM,23:40:00,Hot-Wet,2010-02-23 23:40:00
15.29937846,-18.90113118,LA12,2010-02-24,12:00:52 AM,00:00:00,Hot-Wet,2010-02-24 00:00:00
15.29597371,-18.89928996,LA12,2010-02-24,12:20:52 AM,00:20:00,Hot-Wet,2010-02-24 00:20:00
15.2960022,-18.8992981,LA12,2010-02-24,12:40:52 AM,00:40:00,Hot-Wet,2010-02-24 00:40:00
15.29599915,-18.89929403,LA12,2010-02-24,01:00:52 AM,01:00:00,Hot-Wet,2010-02-24 01:00:00
15.29593709,-18.89950765,LA12,2010-02-24,01:20:52 AM,01:20:00,Hot-Wet,2010-02-24 01:20:00
15.29599304,-18.89958293,LA12,2010-02-24,01:40:52 AM,01:40:00,Hot-Wet,2010-02-24 01:40:00
15.29600423,-18.89956462,LA12,2010-02-24,02:00:52 AM,02:00:00,Hot-Wet,2010-02-24 02:00:00
15.29601135,-18.89953817,LA12,2010-02-24,02:20:52 AM,02:20:00,Hot-Wet,2010-02-24 02:20:00
15.29601034,-18.89955851,LA12,2010-02-24,02:40:52 AM,02:40:00,Hot-Wet,2010-02-24 02:40:00
15.29599915,-18.89956462,LA12,2010-02-24,03:00:52 AM,03:00:00,Hot-Wet,2010-02-24 03:00:00
15.29602051,-18.89955648,LA12,2010-02-24,03:20:52 AM,03:20:00,Hot-Wet,2010-02-24 03:20:00
15.29597982,-18.89956055,LA12,2010-02-24,03:40:52 AM,03:40:00,Hot-Wet,2010-02-24 03:40:00
15.29597371,-18.89953817,LA12,2010-02-24,04:00:52 AM,04:00:00,Hot-Wet,2010-02-24 04:00:00
15.29586894,-18.89966634,LA12,2010-02-24,04:20:52 AM,04:20:00,Hot-Wet,2010-02-24 04:20:00
15.2958374,-18.89972534,LA12,2010-02-24,04:40:52 AM,04:40:00,Hot-Wet,2010-02-24 04:40:00
15.29580587,-18.8997172,LA12,2010-02-24,05:00:52 AM,05:00:00,Hot-Wet,2010-02-24 05:00:00
15.2953654,-18.89892782,LA12,2010-02-24,05:20:52 AM,05:20:00,Hot-Wet,2010-02-24 05:20:00
15.2958252,-18.89626872,LA12,2010-02-24,05:40:52 AM,05:40:00,Hot-Wet,2010-02-24 05:40:00
15.29815776,-18.89519246,LA12,2010-02-24,06:00:52 AM,06:00:00,Hot-Wet,2010-02-24 06:00:00
15.2992391,-18.89538371,LA12,2010-02-24,06:20:52 AM,06:20:00,Hot-Wet,2010-02-24 06:20:00
15.30300191,-18.89559123,LA12,2010-02-24,06:40:52 AM,06:40:00,Hot-Wet,2010-02-24 06:40:00
15.30709229,-18.89749756,LA12,2010-02-24,07:00:52 AM,07:00:00,Hot-Wet,2010-02-24 07:00:00
15.31051737,-18.89891561,LA12,2010-02-24,07:20:52 AM,07:20:00,Hot-Wet,2010-02-24 07:20:00
15.31227824,-18.9009196,LA12,2010-02-24,07:40:52 AM,07:40:00,Hot-Wet,2010-02-24 07:40:00
15.31245321,-18.90169678,LA12,2010-02-24,08:00:52 AM,08:00:00,Hot-Wet,2010-02-24 08:00:00
15.31072184,-18.90201213,LA12,2010-02-24,08:20:52 AM,08:20:00,Hot-Wet,2010-02-24 08:20:00
15.31053975,-18.90147298,LA12,2010-02-24,08:40:52 AM,08:40:00,Hot-Wet,2010-02-24 08:40:00
15.31153666,-18.89863688,LA12,2010-02-24,09:00:52 AM,09:00:00,Hot-Wet,2010-02-24 09:00:00
15.31741333,-18.89808146,LA12,2010-02-24,09:20:52 AM,09:20:00,Hot-Wet,2010-02-24 09:20:00
15.31917623,-18.89893392,LA12,2010-02-24,09:40:52 AM,09:40:00,Hot-Wet,2010-02-24 09:40:00
15.31959127,-18.89933879,LA12,2010-02-24,10:00:52 AM,10:00:00,Hot-Wet,2010-02-24 10:00:00
15.32032674,-18.9009196,LA12,2010-02-24,10:20:52 AM,10:20:00,Hot-Wet,2010-02-24 10:20:00
15.32219645,-18.90315348,LA12,2010-02-24,10:40:52 AM,10:40:00,Hot-Wet,2010-02-24 10:40:00
15.32300822,-18.9082133,LA12,2010-02-24,11:00:52 AM,11:00:00,Hot-Wet,2010-02-24 11:00:00
15.32229106,-18.90816243,LA12,2010-02-24,11:20:52 AM,11:20:00,Hot-Wet,2010-02-24 11:20:00
15.3219045,-18.90789591,LA12,2010-02-24,11:40:52 AM,11:40:00,Hot-Wet,2010-02-24 11:40:00
15.32158101,-18.90798543,LA12,2010-02-24,12:00:52 PM,12:00:00,Hot-Wet,2010-02-24 12:00:00
15.32197266,-18.90807902,LA12,2010-02-24,12:20:52 PM,12:20:00,Hot-Wet,2010-02-24 12:20:00
15.32867228,-18.91242269,LA12,2010-02-24,12:40:52 PM,12:40:00,Hot-Wet,2010-02-24 12:40:00
15.32893575,-18.91140951,LA12,2010-02-24,01:00:52 PM,13:00:00,Hot-Wet,2010-02-24 13:00:00
15.32883809,-18.91182861,LA12,2010-02-24,01:20:52 PM,13:20:00,Hot-Wet,2010-02-24 13:20:00
15.32851156,-18.9117452,LA12,2010-02-24,01:40:52 PM,13:40:00,Hot-Wet,2010-02-24 13:40:00
15.32352295,-18.91287231,LA12,2010-02-24,02:00:52 PM,14:00:00,Hot-Wet,2010-02-24 14:00:00
15.32127686,-18.9130127,LA12,2010-02-24,02:20:52 PM,14:20:00,Hot-Wet,2010-02-24 14:20:00
15.31908875,-18.91164144,LA12,2010-02-24,02:40:52 PM,14:40:00,Hot-Wet,2010-02-24 14:40:00
15.31500651,-18.91115926,LA12,2010-02-24,03:00:52 PM,15:00:00,Hot-Wet,2010-02-24 15:00:00
15.30678202,-18.91380412,LA12,2010-02-24,03:20:52 PM,15:20:00,Hot-Wet,2010-02-24 15:20:00
15.30199687,-18.92035726,LA12,2010-02-24,03:40:52 PM,15:40:00,Hot-Wet,2010-02-24 15:40:00
15.29421387,-18.92443034,LA12,2010-02-24,04:00:52 PM,16:00:00,Hot-Wet,2010-02-24 16:00:00
15.29013875,-18.92830404,LA12,2010-02-24,04:20:52 PM,16:20:00,Hot-Wet,2010-02-24 16:20:00
15.29071248,-18.93058268,LA12,2010-02-24,04:40:52 PM,16:40:00,Hot-Wet,2010-02-24 16:40:00
15.29215495,-18.93283285,LA12,2010-02-24,05:00:52 PM,17:00:00,Hot-Wet,2010-02-24 17:00:00
15.2892039,-18.93658447,LA12,2010-02-24,05:20:52 PM,17:20:00,Hot-Wet,2010-02-24 17:20:00
15.28863424,-18.93873698,LA12,2010-02-24,05:40:52 PM,17:40:00,Hot-Wet,2010-02-24 17:40:00
15.28887024,-18.93987223,LA12,2010-02-24,06:00:52 PM,18:00:00,Hot-Wet,2010-02-24 18:00:00
15.28936869,-18.94175415,LA12,2010-02-24,06:20:52 PM,18:20:00,Hot-Wet,2010-02-24 18:20:00
15.28861491,-18.9471639,LA12,2010-02-24,06:40:52 PM,18:40:00,Hot-Wet,2010-02-24 18:40:00
15.29060059,-18.95278931,LA12,2010-02-24,07:00:52 PM,19:00:00,Hot-Wet,2010-02-24 19:00:00
15.2884023,-18.95740763,LA12,2010-02-24,07:20:52 PM,19:20:00,Hot-Wet,2010-02-24 19:20:00
15.28236491,-18.95973104,LA12,2010-02-24,07:40:52 PM,19:40:00,Hot-Wet,2010-02-24 19:40:00
15.27709961,-18.96389771,LA12,2010-02-24,08:00:52 PM,20:00:00,Hot-Wet,2010-02-24 20:00:00
15.27159526,-18.96545207,LA12,2010-02-24,08:20:52 PM,20:20:00,Hot-Wet,2010-02-24 20:20:00
15.26798096,-18.97120361,LA12,2010-02-24,08:40:52 PM,20:40:00,Hot-Wet,2010-02-24 20:40:00
15.26214498,-18.97812703,LA12,2010-02-24,09:00:52 PM,21:00:00,Hot-Wet,2010-02-24 21:00:00
15.25986938,-18.98415731,LA12,2010-02-24,09:20:52 PM,21:20:00,Hot-Wet,2010-02-24 21:20:00
15.25867208,-18.98717448,LA12,2010-02-24,09:40:52 PM,21:40:00,Hot-Wet,2010-02-24 21:40:00
15.25697123,-18.98229777,LA12,2010-02-24,10:00:52 PM,22:00:00,Hot-Wet,2010-02-24 22:00:00
15.24539185,-18.97907918,LA12,2010-02-24,10:20:52 PM,22:20:00,Hot-Wet,2010-02-24 22:20:00
15.23597005,-18.9780721,LA12,2010-02-24,10:40:52 PM,22:40:00,Hot-Wet,2010-02-24 22:40:00
15.22161662,-18.97836711,LA12,2010-02-24,11:00:52 PM,23:00:00,Hot-Wet,2010-02-24 23:00:00
15.21079,-18.97922567,LA12,2010-02-24,11:20:52 PM,23:20:00,Hot-Wet,2010-02-24 23:20:00
15.20125834,-18.98087565,LA12,2010-02-24,11:40:52 PM,23:40:00,Hot-Wet,2010-02-24 23:40:00
15.19535828,-18.98571981,LA12,2010-02-25,12:00:52 AM,00:00:00,Hot-Wet,2010-02-25 00:00:00
15.19291484,-18.98782959,LA12,2010-02-25,12:20:53 AM,00:20:00,Hot-Wet,2010-02-25 00:20:00
15.1914561,-18.98822632,LA12,2010-02-25,12:40:52 AM,00:40:00,Hot-Wet,2010-02-25 00:40:00
15.19023438,-18.99014079,LA12,2010-02-25,01:00:52 AM,01:00:00,Hot-Wet,2010-02-25 01:00:00
15.18925374,-18.99029948,LA12,2010-02-25,01:20:52 AM,01:20:00,Hot-Wet,2010-02-25 01:20:00
15.1892629,-18.99030762,LA12,2010-02-25,01:40:52 AM,01:40:00,Hot-Wet,2010-02-25 01:40:00
15.18927002,-18.99028117,LA12,2010-02-25,02:00:52 AM,02:00:00,Hot-Wet,2010-02-25 02:00:00
15.18921204,-18.99042358,LA12,2010-02-25,02:20:52 AM,02:20:00,Hot-Wet,2010-02-25 02:20:00
15.18917033,-18.99043783,LA12,2010-02-25,02:40:52 AM,02:40:00,Hot-Wet,2010-02-25 02:40:00
15.18919067,-18.99042562,LA12,2010-02-25,03:00:52 AM,03:00:00,Hot-Wet,2010-02-25 03:00:00
15.18916829,-18.99044596,LA12,2010-02-25,03:20:52 AM,03:20:00,Hot-Wet,2010-02-25 03:20:00
15.1891571,-18.99043579,LA12,2010-02-25,03:40:52 AM,03:40:00,Hot-Wet,2010-02-25 03:40:00
15.18915202,-18.99045207,LA12,2010-02-25,04:00:52 AM,04:00:00,Hot-Wet,2010-02-25 04:00:00
15.18916117,-18.99043579,LA12,2010-02-25,04:20:52 AM,04:20:00,Hot-Wet,2010-02-25 04:20:00
15.18875732,-18.99127401,LA12,2010-02-25,04:40:52 AM,04:40:00,Hot-Wet,2010-02-25 04:40:00
15.18889058,-18.99549154,LA12,2010-02-25,05:00:52 AM,05:00:00,Hot-Wet,2010-02-25 05:00:00
15.18924662,-18.99589844,LA12,2010-02-25,05:20:52 AM,05:20:00,Hot-Wet,2010-02-25 05:20:00
15.1862793,-18.99637858,LA12,2010-02-25,05:40:52 AM,05:40:00,Hot-Wet,2010-02-25 05:40:00
15.18431091,-18.99608358,LA12,2010-02-25,06:00:52 AM,06:00:00,Hot-Wet,2010-02-25 06:00:00
15.18131917,-18.99769694,LA12,2010-02-25,06:20:52 AM,06:20:00,Hot-Wet,2010-02-25 06:20:00
15.17783101,-19.00027873,LA12,2010-02-25,06:40:52 AM,06:40:00,Hot-Wet,2010-02-25 06:40:00
15.17383423,-19.00078532,LA12,2010-02-25,07:00:52 AM,07:00:00,Hot-Wet,2010-02-25 07:00:00
15.17221883,-19.00709229,LA12,2010-02-25,07:20:52 AM,07:20:00,Hot-Wet,2010-02-25 07:20:00
15.17280273,-19.01546834,LA12,2010-02-25,07:40:52 AM,07:40:00,Hot-Wet,2010-02-25 07:40:00
15.17338155,-19.02189738,LA12,2010-02-25,08:00:52 AM,08:00:00,Hot-Wet,2010-02-25 08:00:00
15.17083333,-19.02745972,LA12,2010-02-25,08:20:52 AM,08:20:00,Hot-Wet,2010-02-25 08:20:00
15.1710907,-19.03366699,LA12,2010-02-25,08:40:52 AM,08:40:00,Hot-Wet,2010-02-25 08:40:00
15.17190552,-19.03414307,LA12,2010-02-25,09:00:52 AM,09:00:00,Hot-Wet,2010-02-25 09:00:00
15.1718516,-19.03410034,LA12,2010-02-25,09:20:52 AM,09:20:00,Hot-Wet,2010-02-25 09:20:00
15.16683757,-19.03410034,LA12,2010-02-25,09:40:52 AM,09:40:00,Hot-Wet,2010-02-25 09:40:00
15.15959371,-19.03652954,LA12,2010-02-25,10:00:52 AM,10:00:00,Hot-Wet,2010-02-25 10:00:00
15.15629883,-19.03897502,LA12,2010-02-25,10:20:52 AM,10:20:00,Hot-Wet,2010-02-25 10:20:00
15.156309,-19.03896077,LA12,2010-02-25,10:40:52 AM,10:40:00,Hot-Wet,2010-02-25 10:40:00
15.15632222,-19.0389974,LA12,2010-02-25,11:00:52 AM,11:00:00,Hot-Wet,2010-02-25 11:00:00
15.15631205,-19.0389974,LA12,2010-02-25,11:20:52 AM,11:20:00,Hot-Wet,2010-02-25 11:20:00
15.15629679,-19.03913371,LA12,2010-02-25,11:40:52 AM,11:40:00,Hot-Wet,2010-02-25 11:40:00
15.15635173,-19.0391215,LA12,2010-02-25,12:00:52 PM,12:00:00,Hot-Wet,2010-02-25 12:00:00
15.15633647,-19.03896891,LA12,2010-02-25,12:20:52 PM,12:20:00,Hot-Wet,2010-02-25 12:20:00
15.15671387,-19.04209188,LA12,2010-02-25,12:40:52 PM,12:40:00,Hot-Wet,2010-02-25 12:40:00
15.15660299,-19.04356283,LA12,2010-02-25,01:00:52 PM,13:00:00,Hot-Wet,2010-02-25 13:00:00
15.15611165,-19.0439209,LA12,2010-02-25,01:20:52 PM,13:20:00,Hot-Wet,2010-02-25 13:20:00
15.15710449,-19.04579875,LA12,2010-02-25,01:40:52 PM,13:40:00,Hot-Wet,2010-02-25 13:40:00
15.15703532,-19.04937744,LA12,2010-02-25,02:00:52 PM,14:00:00,Hot-Wet,2010-02-25 14:00:00
15.15891418,-19.05189412,LA12,2010-02-25,02:20:52 PM,14:20:00,Hot-Wet,2010-02-25 14:20:00
15.15915324,-19.0515625,LA12,2010-02-25,02:40:52 PM,14:40:00,Hot-Wet,2010-02-25 14:40:00
15.15916545,-19.05153402,LA12,2010-02-25,03:00:52 PM,15:00:00,Hot-Wet,2010-02-25 15:00:00
15.16003215,-19.05180257,LA12,2010-02-25,03:20:52 PM,15:20:00,Hot-Wet,2010-02-25 15:20:00
15.16086121,-19.0509196,LA12,2010-02-25,03:40:52 PM,15:40:00,Hot-Wet,2010-02-25 15:40:00
15.16445007,-19.05195516,LA12,2010-02-25,04:00:52 PM,16:00:00,Hot-Wet,2010-02-25 16:00:00
15.17239075,-19.05777588,LA12,2010-02-25,04:20:52 PM,16:20:00,Hot-Wet,2010-02-25 16:20:00
15.18148397,-19.05929972,LA12,2010-02-25,04:40:52 PM,16:40:00,Hot-Wet,2010-02-25 16:40:00
15.17695923,-19.06338908,LA12,2010-02-25,05:00:53 PM,17:00:00,Hot-Wet,2010-02-25 17:00:00
15.17567647,-19.0646342,LA12,2010-02-25,05:20:52 PM,17:20:00,Hot-Wet,2010-02-25 17:20:00
15.17228394,-19.06103923,LA12,2010-02-25,05:40:52 PM,17:40:00,Hot-Wet,2010-02-25 17:40:00
15.17098592,-19.05018921,LA12,2010-02-25,06:00:52 PM,18:00:00,Hot-Wet,2010-02-25 18:00:00
15.17356466,-19.04585368,LA12,2010-02-25,06:20:52 PM,18:20:00,Hot-Wet,2010-02-25 18:20:00
15.1760376,-19.03926188,LA12,2010-02-25,06:40:52 PM,18:40:00,Hot-Wet,2010-02-25 18:40:00
15.17950541,-19.03791707,LA12,2010-02-25,07:00:52 PM,19:00:00,Hot-Wet,2010-02-25 19:00:00
15.18602397,-19.0384318,LA12,2010-02-25,07:20:52 PM,19:20:00,Hot-Wet,2010-02-25 19:20:00
15.1869161,-19.0383016,LA12,2010-02-25,07:40:52 PM,19:40:00,Hot-Wet,2010-02-25 19:40:00
15.18895976,-19.03689575,LA12,2010-02-25,08:00:52 PM,20:00:00,Hot-Wet,2010-02-25 20:00:00
15.19052429,-19.03743693,LA12,2010-02-25,08:20:52 PM,20:20:00,Hot-Wet,2010-02-25 20:20:00
15.19119873,-19.03787842,LA12,2010-02-25,08:40:52 PM,20:40:00,Hot-Wet,2010-02-25 20:40:00
15.19119161,-19.0384908,LA12,2010-02-25,09:00:52 PM,21:00:00,Hot-Wet,2010-02-25 21:00:00
15.19195862,-19.03977051,LA12,2010-02-25,09:20:52 PM,21:20:00,Hot-Wet,2010-02-25 21:20:00
15.19194438,-19.0402832,LA12,2010-02-25,09:40:52 PM,21:40:00,Hot-Wet,2010-02-25 21:40:00
15.19181417,-19.03773193,LA12,2010-02-25,10:00:52 PM,22:00:00,Hot-Wet,2010-02-25 22:00:00
15.19244283,-19.03744507,LA12,2010-02-25,10:20:52 PM,22:20:00,Hot-Wet,2010-02-25 22:20:00
15.19121806,-19.03557129,LA12,2010-02-25,10:40:53 PM,22:40:00,Hot-Wet,2010-02-25 22:40:00
15.19098816,-19.03557739,LA12,2010-02-25,11:00:52 PM,23:00:00,Hot-Wet,2010-02-25 23:00:00
15.1913442,-19.03498535,LA12,2010-02-25,11:20:52 PM,23:20:00,Hot-Wet,2010-02-25 23:20:00
15.19539286,-19.03390503,LA12,2010-02-25,11:40:52 PM,23:40:00,Hot-Wet,2010-02-25 23:40:00
15.19808553,-19.03470459,LA12,2010-02-26,12:00:52 AM,00:00:00,Hot-Wet,2010-02-26 00:00:00
15.19965617,-19.03506673,LA12,2010-02-26,12:20:53 AM,00:20:00,Hot-Wet,2010-02-26 00:20:00
15.20160726,-19.03506877,LA12,2010-02-26,12:40:52 AM,00:40:00,Hot-Wet,2010-02-26 00:40:00
15.20353495,-19.03508708,LA12,2010-02-26,01:00:52 AM,01:00:00,Hot-Wet,2010-02-26 01:00:00
15.21077372,-19.03500977,LA12,2010-02-26,01:20:52 AM,01:20:00,Hot-Wet,2010-02-26 01:20:00
15.21293132,-19.02887777,LA12,2010-02-26,01:40:52 AM,01:40:00,Hot-Wet,2010-02-26 01:40:00
15.21608582,-19.027948,LA12,2010-02-26,02:00:52 AM,02:00:00,Hot-Wet,2010-02-26 02:00:00
15.21600749,-19.02778931,LA12,2010-02-26,02:20:52 AM,02:20:00,Hot-Wet,2010-02-26 02:20:00
15.21601359,-19.02780558,LA12,2010-02-26,02:40:52 AM,02:40:00,Hot-Wet,2010-02-26 02:40:00
15.21602275,-19.02780965,LA12,2010-02-26,03:00:52 AM,03:00:00,Hot-Wet,2010-02-26 03:00:00
15.21599833,-19.02781372,LA12,2010-02-26,03:20:52 AM,03:20:00,Hot-Wet,2010-02-26 03:20:00
15.21598816,-19.02781169,LA12,2010-02-26,03:40:52 AM,03:40:00,Hot-Wet,2010-02-26 03:40:00
15.21599121,-19.02781576,LA12,2010-02-26,04:00:52 AM,04:00:00,Hot-Wet,2010-02-26 04:00:00
15.21580404,-19.02826538,LA12,2010-02-26,04:20:52 AM,04:20:00,Hot-Wet,2010-02-26 04:20:00
15.21593933,-19.02965495,LA12,2010-02-26,04:40:52 AM,04:40:00,Hot-Wet,2010-02-26 04:40:00
15.21531067,-19.0305481,LA12,2010-02-26,05:00:52 AM,05:00:00,Hot-Wet,2010-02-26 05:00:00
15.2148407,-19.03128052,LA12,2010-02-26,05:20:52 AM,05:20:00,Hot-Wet,2010-02-26 05:20:00
15.21405741,-19.03196818,LA12,2010-02-26,05:40:52 AM,05:40:00,Hot-Wet,2010-02-26 05:40:00
15.21204427,-19.03219604,LA12,2010-02-26,06:00:52 AM,06:00:00,Hot-Wet,2010-02-26 06:00:00
15.21097005,-19.03120931,LA12,2010-02-26,06:20:52 AM,06:20:00,Hot-Wet,2010-02-26 06:20:00
15.21048381,-19.03151042,LA12,2010-02-26,06:40:52 AM,06:40:00,Hot-Wet,2010-02-26 06:40:00
15.21043396,-19.031368,LA12,2010-02-26,07:00:52 AM,07:00:00,Hot-Wet,2010-02-26 07:00:00
15.2108846,-19.03021444,LA12,2010-02-26,07:20:52 AM,07:20:00,Hot-Wet,2010-02-26 07:20:00
15.21088765,-19.02968343,LA12,2010-02-26,07:40:52 AM,07:40:00,Hot-Wet,2010-02-26 07:40:00
15.21091003,-19.02969564,LA12,2010-02-26,08:00:52 AM,08:00:00,Hot-Wet,2010-02-26 08:00:00
15.21092529,-19.02933757,LA12,2010-02-26,08:20:52 AM,08:20:00,Hot-Wet,2010-02-26 08:20:00
15.21237183,-19.02858276,LA12,2010-02-26,08:40:52 AM,08:40:00,Hot-Wet,2010-02-26 08:40:00
15.2152415,-19.02790934,LA12,2010-02-26,09:00:52 AM,09:00:00,Hot-Wet,2010-02-26 09:00:00
15.21523438,-19.02792562,LA12,2010-02-26,09:20:52 AM,09:20:00,Hot-Wet,2010-02-26 09:20:00
15.21684672,-19.02801514,LA12,2010-02-26,09:40:52 AM,09:40:00,Hot-Wet,2010-02-26 09:40:00
15.21365153,-19.02619222,LA12,2010-02-26,10:00:52 AM,10:00:00,Hot-Wet,2010-02-26 10:00:00
15.21366882,-19.02554321,LA12,2010-02-26,10:20:52 AM,10:20:00,Hot-Wet,2010-02-26 10:20:00
15.21406759,-19.02450562,LA12,2010-02-26,10:40:52 AM,10:40:00,Hot-Wet,2010-02-26 10:40:00
15.21418559,-19.02435506,LA12,2010-02-26,11:00:52 AM,11:00:00,Hot-Wet,2010-02-26 11:00:00
15.21528524,-19.02457886,LA12,2010-02-26,11:20:52 AM,11:20:00,Hot-Wet,2010-02-26 11:20:00
15.2170166,-19.02637329,LA12,2010-02-26,11:40:52 AM,11:40:00,Hot-Wet,2010-02-26 11:40:00
15.21679688,-19.02718913,LA12,2010-02-26,12:00:52 PM,12:00:00,Hot-Wet,2010-02-26 12:00:00
15.21678569,-19.02817586,LA12,2010-02-26,12:20:53 PM,12:20:00,Hot-Wet,2010-02-26 12:20:00
15.21778564,-19.02991536,LA12,2010-02-26,12:40:52 PM,12:40:00,Hot-Wet,2010-02-26 12:40:00
15.21640422,-19.0322876,LA12,2010-02-26,01:00:52 PM,13:00:00,Hot-Wet,2010-02-26 13:00:00
15.21564738,-19.03569539,LA12,2010-02-26,01:20:52 PM,13:20:00,Hot-Wet,2010-02-26 13:20:00
15.21625061,-19.03625895,LA12,2010-02-26,01:40:52 PM,13:40:00,Hot-Wet,2010-02-26 13:40:00
15.21647034,-19.03665161,LA12,2010-02-26,02:00:52 PM,14:00:00,Hot-Wet,2010-02-26 14:00:00
15.21658732,-19.03677775,LA12,2010-02-26,02:20:52 PM,14:20:00,Hot-Wet,2010-02-26 14:20:00
15.21682332,-19.03674113,LA12,2010-02-26,02:40:52 PM,14:40:00,Hot-Wet,2010-02-26 14:40:00
15.21722717,-19.03694458,LA12,2010-02-26,03:00:52 PM,15:00:00,Hot-Wet,2010-02-26 15:00:00
15.21636861,-19.03742472,LA12,2010-02-26,03:20:52 PM,15:20:00,Hot-Wet,2010-02-26 15:20:00
15.21740112,-19.0396464,LA12,2010-02-26,03:40:52 PM,15:40:00,Hot-Wet,2010-02-26 15:40:00
15.21819661,-19.0398234,LA12,2010-02-26,04:00:52 PM,16:00:00,Hot-Wet,2010-02-26 16:00:00
15.21834208,-19.03972168,LA12,2010-02-26,04:20:52 PM,16:20:00,Hot-Wet,2010-02-26 16:20:00
15.21890055,-19.04031779,LA12,2010-02-26,04:40:52 PM,16:40:00,Hot-Wet,2010-02-26 16:40:00
15.2195048,-19.0396993,LA12,2010-02-26,05:00:52 PM,17:00:00,Hot-Wet,2010-02-26 17:00:00
15.22016296,-19.04106038,LA12,2010-02-26,05:20:52 PM,17:20:00,Hot-Wet,2010-02-26 17:20:00
15.21983948,-19.04157511,LA12,2010-02-26,05:40:52 PM,17:40:00,Hot-Wet,2010-02-26 17:40:00
15.22026062,-19.0419515,LA12,2010-02-26,06:00:52 PM,18:00:00,Hot-Wet,2010-02-26 18:00:00
15.22065837,-19.04332275,LA12,2010-02-26,06:20:52 PM,18:20:00,Hot-Wet,2010-02-26 18:20:00
15.22095947,-19.0449056,LA12,2010-02-26,06:40:52 PM,18:40:00,Hot-Wet,2010-02-26 18:40:00
15.2209727,-19.04494832,LA12,2010-02-26,07:00:52 PM,19:00:00,Hot-Wet,2010-02-26 19:00:00
15.22100016,-19.04497274,LA12,2010-02-26,07:20:52 PM,19:20:00,Hot-Wet,2010-02-26 19:20:00
15.22098694,-19.04484456,LA12,2010-02-26,07:40:52 PM,19:40:00,Hot-Wet,2010-02-26 19:40:00
15.2209554,-19.04482218,LA12,2010-02-26,08:00:52 PM,20:00:00,Hot-Wet,2010-02-26 20:00:00
15.22094727,-19.04480998,LA12,2010-02-26,08:20:52 PM,20:20:00,Hot-Wet,2010-02-26 20:20:00
15.22076721,-19.04487508,LA12,2010-02-26,08:40:52 PM,20:40:00,Hot-Wet,2010-02-26 20:40:00
15.21974589,-19.0451416,LA12,2010-02-26,09:00:52 PM,21:00:00,Hot-Wet,2010-02-26 21:00:00
15.21832581,-19.04484049,LA12,2010-02-26,09:20:52 PM,21:20:00,Hot-Wet,2010-02-26 21:20:00
15.21822001,-19.04474487,LA12,2010-02-26,09:40:52 PM,21:40:00,Hot-Wet,2010-02-26 21:40:00
15.21749064,-19.04430542,LA12,2010-02-26,10:00:52 PM,22:00:00,Hot-Wet,2010-02-26 22:00:00
15.2163798,-19.04390869,LA12,2010-02-26,10:20:52 PM,22:20:00,Hot-Wet,2010-02-26 22:20:00
15.21787313,-19.04365438,LA12,2010-02-26,10:40:52 PM,22:40:00,Hot-Wet,2010-02-26 22:40:00
15.2179067,-19.04370524,LA12,2010-02-26,11:00:52 PM,23:00:00,Hot-Wet,2010-02-26 23:00:00
15.21689657,-19.04304606,LA12,2010-02-26,11:20:52 PM,23:20:00,Hot-Wet,2010-02-26 23:20:00
15.21525065,-19.04240316,LA12,2010-02-26,11:40:52 PM,23:40:00,Hot-Wet,2010-02-26 23:40:00
15.21543884,-19.04227905,LA12,2010-02-27,12:00:52 AM,00:00:00,Hot-Wet,2010-02-27 00:00:00
15.21548055,-19.04228719,LA12,2010-02-27,12:20:52 AM,00:20:00,Hot-Wet,2010-02-27 00:20:00
15.21543681,-19.04227091,LA12,2010-02-27,12:40:52 AM,00:40:00,Hot-Wet,2010-02-27 00:40:00
15.21547038,-19.04227702,LA12,2010-02-27,01:00:52 AM,01:00:00,Hot-Wet,2010-02-27 01:00:00
15.21546427,-19.04225667,LA12,2010-02-27,01:20:52 AM,01:20:00,Hot-Wet,2010-02-27 01:20:00
15.21547139,-19.04224447,LA12,2010-02-27,01:40:52 AM,01:40:00,Hot-Wet,2010-02-27 01:40:00
15.21540222,-19.04225057,LA12,2010-02-27,02:00:52 AM,02:00:00,Hot-Wet,2010-02-27 02:00:00
15.21546733,-19.04224447,LA12,2010-02-27,02:20:52 AM,02:20:00,Hot-Wet,2010-02-27 02:20:00
15.21540731,-19.04222819,LA12,2010-02-27,02:40:52 AM,02:40:00,Hot-Wet,2010-02-27 02:40:00
15.21546529,-19.04228516,LA12,2010-02-27,03:00:52 AM,03:00:00,Hot-Wet,2010-02-27 03:00:00
15.21546936,-19.0422465,LA12,2010-02-27,03:20:52 AM,03:20:00,Hot-Wet,2010-02-27 03:20:00
15.21545817,-19.0422526,LA12,2010-02-27,03:40:52 AM,03:40:00,Hot-Wet,2010-02-27 03:40:00
15.21542053,-19.04229533,LA12,2010-02-27,04:00:53 AM,04:00:00,Hot-Wet,2010-02-27 04:00:00
15.21541646,-19.04227905,LA12,2010-02-27,04:20:52 AM,04:20:00,Hot-Wet,2010-02-27 04:20:00
15.21468709,-19.04191488,LA12,2010-02-27,04:40:52 AM,04:40:00,Hot-Wet,2010-02-27 04:40:00
15.2136617,-19.04240112,LA12,2010-02-27,05:00:52 AM,05:00:00,Hot-Wet,2010-02-27 05:00:00
15.21349996,-19.04247843,LA12,2010-02-27,05:20:52 AM,05:20:00,Hot-Wet,2010-02-27 05:20:00
15.21344808,-19.04298096,LA12,2010-02-27,05:40:52 AM,05:40:00,Hot-Wet,2010-02-27 05:40:00
15.2120992,-19.04317017,LA12,2010-02-27,06:00:52 AM,06:00:00,Hot-Wet,2010-02-27 06:00:00
15.21025696,-19.04198812,LA12,2010-02-27,06:20:52 AM,06:20:00,Hot-Wet,2010-02-27 06:20:00
15.20889282,-19.04184977,LA12,2010-02-27,06:40:52 AM,06:40:00,Hot-Wet,2010-02-27 06:40:00
15.2087738,-19.04173381,LA12,2010-02-27,07:00:52 AM,07:00:00,Hot-Wet,2010-02-27 07:00:00
15.20789693,-19.04243978,LA12,2010-02-27,07:20:52 AM,07:20:00,Hot-Wet,2010-02-27 07:20:00
15.20779114,-19.04242757,LA12,2010-02-27,07:40:52 AM,07:40:00,Hot-Wet,2010-02-27 07:40:00
15.20757243,-19.04282227,LA12,2010-02-27,08:00:52 AM,08:00:00,Hot-Wet,2010-02-27 08:00:00
15.20735982,-19.04296061,LA12,2010-02-27,08:20:52 AM,08:20:00,Hot-Wet,2010-02-27 08:20:00
15.2072581,-19.04304199,LA12,2010-02-27,08:40:52 AM,08:40:00,Hot-Wet,2010-02-27 08:40:00
15.20719604,-19.04322306,LA12,2010-02-27,09:00:52 AM,09:00:00,Hot-Wet,2010-02-27 09:00:00
15.20681254,-19.04304199,LA12,2010-02-27,09:20:52 AM,09:20:00,Hot-Wet,2010-02-27 09:20:00
15.2068278,-19.04289958,LA12,2010-02-27,09:40:52 AM,09:40:00,Hot-Wet,2010-02-27 09:40:00
15.20753174,-19.04342855,LA12,2010-02-27,10:00:52 AM,10:00:00,Hot-Wet,2010-02-27 10:00:00
15.20777588,-19.04401855,LA12,2010-02-27,10:20:52 AM,10:20:00,Hot-Wet,2010-02-27 10:20:00
15.21100871,-19.04117635,LA12,2010-02-27,10:40:52 AM,10:40:00,Hot-Wet,2010-02-27 10:40:00
15.21247559,-19.03915812,LA12,2010-02-27,11:00:52 AM,11:00:00,Hot-Wet,2010-02-27 11:00:00
15.21355896,-19.03790894,LA12,2010-02-27,11:20:52 AM,11:20:00,Hot-Wet,2010-02-27 11:20:00
15.21350199,-19.03769328,LA12,2010-02-27,11:40:52 AM,11:40:00,Hot-Wet,2010-02-27 11:40:00
15.21425171,-19.03627523,LA12,2010-02-27,12:00:52 PM,12:00:00,Hot-Wet,2010-02-27 12:00:00
15.21441549,-19.03273519,LA12,2010-02-27,12:20:53 PM,12:20:00,Hot-Wet,2010-02-27 12:20:00
15.21597087,-19.02801717,LA12,2010-02-27,12:40:52 PM,12:40:00,Hot-Wet,2010-02-27 12:40:00
15.21595256,-19.0280599,LA12,2010-02-27,01:00:52 PM,13:00:00,Hot-Wet,2010-02-27 13:00:00
15.21677246,-19.02919922,LA12,2010-02-27,01:20:52 PM,13:20:00,Hot-Wet,2010-02-27 13:20:00
15.21802063,-19.02916667,LA12,2010-02-27,01:40:52 PM,13:40:00,Hot-Wet,2010-02-27 13:40:00
15.21841939,-19.02941081,LA12,2010-02-27,02:00:52 PM,14:00:00,Hot-Wet,2010-02-27 14:00:00
15.21862183,-19.02954712,LA12,2010-02-27,02:20:52 PM,14:20:00,Hot-Wet,2010-02-27 14:20:00
15.21844889,-19.02980347,LA12,2010-02-27,02:40:52 PM,14:40:00,Hot-Wet,2010-02-27 14:40:00
15.2181722,-19.03020223,LA12,2010-02-27,03:00:52 PM,15:00:00,Hot-Wet,2010-02-27 15:00:00
15.21858012,-19.03093262,LA12,2010-02-27,03:20:52 PM,15:20:00,Hot-Wet,2010-02-27 15:20:00
15.21913147,-19.03106689,LA12,2010-02-27,03:40:52 PM,15:40:00,Hot-Wet,2010-02-27 15:40:00
15.22026978,-19.03105265,LA12,2010-02-27,04:00:52 PM,16:00:00,Hot-Wet,2010-02-27 16:00:00
15.22083537,-19.0320048,LA12,2010-02-27,04:20:52 PM,16:20:00,Hot-Wet,2010-02-27 16:20:00
15.2206014,-19.03292643,LA12,2010-02-27,04:40:52 PM,16:40:00,Hot-Wet,2010-02-27 16:40:00
15.21933797,-19.03397013,LA12,2010-02-27,05:00:52 PM,17:00:00,Hot-Wet,2010-02-27 17:00:00
15.21710714,-19.03153483,LA12,2010-02-27,05:20:52 PM,17:20:00,Hot-Wet,2010-02-27 17:20:00
15.21610819,-19.0307841,LA12,2010-02-27,05:40:52 PM,17:40:00,Hot-Wet,2010-02-27 17:40:00
15.21533813,-19.03063354,LA12,2010-02-27,06:00:52 PM,18:00:00,Hot-Wet,2010-02-27 18:00:00
15.21643778,-19.03023478,LA12,2010-02-27,06:20:52 PM,18:20:00,Hot-Wet,2010-02-27 18:20:00
15.21692708,-19.03001302,LA12,2010-02-27,06:40:52 PM,18:40:00,Hot-Wet,2010-02-27 18:40:00
15.21676534,-19.02978516,LA12,2010-02-27,07:00:52 PM,19:00:00,Hot-Wet,2010-02-27 19:00:00
15.21756795,-19.02840983,LA12,2010-02-27,07:20:52 PM,19:20:00,Hot-Wet,2010-02-27 19:20:00
15.21931559,-19.02666626,LA12,2010-02-27,07:40:52 PM,19:40:00,Hot-Wet,2010-02-27 19:40:00
15.21840108,-19.02903646,LA12,2010-02-27,08:00:52 PM,20:00:00,Hot-Wet,2010-02-27 20:00:00
15.21391805,-19.03099569,LA12,2010-02-27,08:20:52 PM,20:20:00,Hot-Wet,2010-02-27 20:20:00
15.21312052,-19.03194377,LA12,2010-02-27,08:40:52 PM,20:40:00,Hot-Wet,2010-02-27 20:40:00
15.21274312,-19.03392944,LA12,2010-02-27,09:00:52 PM,21:00:00,Hot-Wet,2010-02-27 21:00:00
15.21248474,-19.03526001,LA12,2010-02-27,09:20:52 PM,21:20:00,Hot-Wet,2010-02-27 21:20:00
15.21362305,-19.03727214,LA12,2010-02-27,09:40:52 PM,21:40:00,Hot-Wet,2010-02-27 21:40:00
15.21331482,-19.0379069,LA12,2010-02-27,10:00:52 PM,22:00:00,Hot-Wet,2010-02-27 22:00:00
15.21211853,-19.03829753,LA12,2010-02-27,10:20:52 PM,22:20:00,Hot-Wet,2010-02-27 22:20:00
15.21150716,-19.03846232,LA12,2010-02-27,10:40:52 PM,22:40:00,Hot-Wet,2010-02-27 22:40:00
15.21151123,-19.03845418,LA12,2010-02-27,11:00:52 PM,23:00:00,Hot-Wet,2010-02-27 23:00:00
15.21151937,-19.03846029,LA12,2010-02-27,11:20:52 PM,23:20:00,Hot-Wet,2010-02-27 23:20:00
15.21063232,-19.03931274,LA12,2010-02-27,11:40:52 PM,23:40:00,Hot-Wet,2010-02-27 23:40:00
15.21055501,-19.03915202,LA12,2010-02-28,12:00:52 AM,00:00:00,Hot-Wet,2010-02-28 00:00:00
15.20939636,-19.04081217,LA12,2010-02-28,12:20:53 AM,00:20:00,Hot-Wet,2010-02-28 00:20:00
15.20965576,-19.04090983,LA12,2010-02-28,12:40:52 AM,00:40:00,Hot-Wet,2010-02-28 00:40:00
15.20966288,-19.04089762,LA12,2010-02-28,01:00:52 AM,01:00:00,Hot-Wet,2010-02-28 01:00:00
15.20964355,-19.04088745,LA12,2010-02-28,01:20:52 AM,01:20:00,Hot-Wet,2010-02-28 01:20:00
15.20965169,-19.04089559,LA12,2010-02-28,01:40:52 AM,01:40:00,Hot-Wet,2010-02-28 01:40:00
15.20966492,-19.04088949,LA12,2010-02-28,02:00:52 AM,02:00:00,Hot-Wet,2010-02-28 02:00:00
15.20967306,-19.04090983,LA12,2010-02-28,02:20:52 AM,02:20:00,Hot-Wet,2010-02-28 02:20:00
15.20968424,-19.04089762,LA12,2010-02-28,02:40:52 AM,02:40:00,Hot-Wet,2010-02-28 02:40:00
15.2096639,-19.04089559,LA12,2010-02-28,03:00:52 AM,03:00:00,Hot-Wet,2010-02-28 03:00:00
15.20967102,-19.04090373,LA12,2010-02-28,03:20:52 AM,03:20:00,Hot-Wet,2010-02-28 03:20:00
15.20965678,-19.04089355,LA12,2010-02-28,03:40:52 AM,03:40:00,Hot-Wet,2010-02-28 03:40:00
15.20967916,-19.04098104,LA12,2010-02-28,04:00:52 AM,04:00:00,Hot-Wet,2010-02-28 04:00:00
15.20967102,-19.04088542,LA12,2010-02-28,04:20:52 AM,04:20:00,Hot-Wet,2010-02-28 04:20:00
15.20849202,-19.04132487,LA12,2010-02-28,04:40:52 AM,04:40:00,Hot-Wet,2010-02-28 04:40:00
15.2065389,-19.04157715,LA12,2010-02-28,05:00:52 AM,05:00:00,Hot-Wet,2010-02-28 05:00:00
15.20608012,-19.04139811,LA12,2010-02-28,05:20:52 AM,05:20:00,Hot-Wet,2010-02-28 05:20:00
15.20329895,-19.04102987,LA12,2010-02-28,05:40:53 AM,05:40:00,Hot-Wet,2010-02-28 05:40:00
15.20257365,-19.04088949,LA12,2010-02-28,06:00:52 AM,06:00:00,Hot-Wet,2010-02-28 06:00:00
15.20043335,-19.0399353,LA12,2010-02-28,06:20:52 AM,06:20:00,Hot-Wet,2010-02-28 06:20:00
15.19790039,-19.04114787,LA12,2010-02-28,06:40:52 AM,06:40:00,Hot-Wet,2010-02-28 06:40:00
15.19434204,-19.0410848,LA12,2010-02-28,07:00:52 AM,07:00:00,Hot-Wet,2010-02-28 07:00:00
15.18827006,-19.04162394,LA12,2010-02-28,07:20:52 AM,07:20:00,Hot-Wet,2010-02-28 07:20:00
15.18309835,-19.04101156,LA12,2010-02-28,07:40:52 AM,07:40:00,Hot-Wet,2010-02-28 07:40:00
15.18369548,-19.04234009,LA12,2010-02-28,08:00:52 AM,08:00:00,Hot-Wet,2010-02-28 08:00:00
15.1743866,-19.04250692,LA12,2010-02-28,08:20:52 AM,08:20:00,Hot-Wet,2010-02-28 08:20:00
15.1647349,-19.04839884,LA12,2010-02-28,08:40:52 AM,08:40:00,Hot-Wet,2010-02-28 08:40:00
15.15561218,-19.05664266,LA12,2010-02-28,09:00:52 AM,09:00:00,Hot-Wet,2010-02-28 09:00:00
15.14265442,-19.05528768,LA12,2010-02-28,09:20:52 AM,09:20:00,Hot-Wet,2010-02-28 09:20:00
15.13369548,-19.05994059,LA12,2010-02-28,09:40:52 AM,09:40:00,Hot-Wet,2010-02-28 09:40:00
15.12510071,-19.06415202,LA12,2010-02-28,10:00:52 AM,10:00:00,Hot-Wet,2010-02-28 10:00:00
15.12501017,-19.07088826,LA12,2010-02-28,10:20:52 AM,10:20:00,Hot-Wet,2010-02-28 10:20:00
15.12763367,-19.06747843,LA12,2010-02-28,10:40:52 AM,10:40:00,Hot-Wet,2010-02-28 10:40:00
15.13103739,-19.0652181,LA12,2010-02-28,11:00:52 AM,11:00:00,Hot-Wet,2010-02-28 11:00:00
15.13156637,-19.06515706,LA12,2010-02-28,11:20:52 AM,11:20:00,Hot-Wet,2010-02-28 11:20:00
15.13140259,-19.06498413,LA12,2010-02-28,11:40:52 AM,11:40:00,Hot-Wet,2010-02-28 11:40:00
15.13099874,-19.06453044,LA12,2010-02-28,12:00:52 PM,12:00:00,Hot-Wet,2010-02-28 12:00:00
15.13100789,-19.06375732,LA12,2010-02-28,12:20:53 PM,12:20:00,Hot-Wet,2010-02-28 12:20:00
15.13043518,-19.06307373,LA12,2010-02-28,12:40:52 PM,12:40:00,Hot-Wet,2010-02-28 12:40:00
15.1305481,-19.0633606,LA12,2010-02-28,01:00:52 PM,13:00:00,Hot-Wet,2010-02-28 13:00:00
15.13047892,-19.06228434,LA12,2010-02-28,01:20:52 PM,13:20:00,Hot-Wet,2010-02-28 13:20:00
15.12970276,-19.05982869,LA12,2010-02-28,01:40:52 PM,13:40:00,Hot-Wet,2010-02-28 13:40:00
15.12991842,-19.05721842,LA12,2010-02-28,02:00:52 PM,14:00:00,Hot-Wet,2010-02-28 14:00:00
15.13235881,-19.05438232,LA12,2010-02-28,02:20:52 PM,14:20:00,Hot-Wet,2010-02-28 14:20:00
15.13650614,-19.05200195,LA12,2010-02-28,02:40:52 PM,14:40:00,Hot-Wet,2010-02-28 14:40:00
15.14134115,-19.05018921,LA12,2010-02-28,03:00:53 PM,15:00:00,Hot-Wet,2010-02-28 15:00:00
15.1427419,-19.04771932,LA12,2010-02-28,03:20:52 PM,15:20:00,Hot-Wet,2010-02-28 15:20:00
15.15126241,-19.04569295,LA12,2010-02-28,03:40:52 PM,15:40:00,Hot-Wet,2010-02-28 15:40:00
15.15767314,-19.03921305,LA12,2010-02-28,04:00:52 PM,16:00:00,Hot-Wet,2010-02-28 16:00:00
15.16375122,-19.03951619,LA12,2010-02-28,04:20:52 PM,16:20:00,Hot-Wet,2010-02-28 16:20:00
15.17484131,-19.03763835,LA12,2010-02-28,04:40:52 PM,16:40:00,Hot-Wet,2010-02-28 16:40:00
15.18293559,-19.03655396,LA12,2010-02-28,05:00:52 PM,17:00:00,Hot-Wet,2010-02-28 17:00:00
15.18362528,-19.03360392,LA12,2010-02-28,05:20:52 PM,17:20:00,Hot-Wet,2010-02-28 17:20:00
15.17805684,-19.02902222,LA12,2010-02-28,05:40:52 PM,17:40:00,Hot-Wet,2010-02-28 17:40:00
15.18622742,-19.02545776,LA12,2010-02-28,06:00:52 PM,18:00:00,Hot-Wet,2010-02-28 18:00:00
15.19395549,-19.0253418,LA12,2010-02-28,06:20:52 PM,18:20:00,Hot-Wet,2010-02-28 18:20:00
15.1970225,-19.0268575,LA12,2010-02-28,06:40:52 PM,18:40:00,Hot-Wet,2010-02-28 18:40:00
15.19880981,-19.0283488,LA12,2010-02-28,07:00:52 PM,19:00:00,Hot-Wet,2010-02-28 19:00:00
15.19966227,-19.02802531,LA12,2010-02-28,07:20:52 PM,19:20:00,Hot-Wet,2010-02-28 19:20:00
15.20004883,-19.02857056,LA12,2010-02-28,07:40:52 PM,19:40:00,Hot-Wet,2010-02-28 19:40:00
15.20042826,-19.02929891,LA12,2010-02-28,08:00:52 PM,20:00:00,Hot-Wet,2010-02-28 20:00:00
15.19999084,-19.0290446,LA12,2010-02-28,08:20:52 PM,20:20:00,Hot-Wet,2010-02-28 20:20:00
15.19951172,-19.02985636,LA12,2010-02-28,08:40:52 PM,20:40:00,Hot-Wet,2010-02-28 20:40:00
15.19916789,-19.03023682,LA12,2010-02-28,09:00:52 PM,21:00:00,Hot-Wet,2010-02-28 21:00:00
15.19937032,-19.02713216,LA12,2010-02-28,09:20:52 PM,21:20:00,Hot-Wet,2010-02-28 21:20:00
15.20039266,-19.02538249,LA12,2010-02-28,09:40:52 PM,21:40:00,Hot-Wet,2010-02-28 21:40:00
15.20184326,-19.02754924,LA12,2010-02-28,10:00:52 PM,22:00:00,Hot-Wet,2010-02-28 22:00:00
15.20089518,-19.02763468,LA12,2010-02-28,10:20:52 PM,22:20:00,Hot-Wet,2010-02-28 22:20:00
15.19857076,-19.02800293,LA12,2010-02-28,10:40:52 PM,22:40:00,Hot-Wet,2010-02-28 22:40:00
15.19724833,-19.02745361,LA12,2010-02-28,11:00:52 PM,23:00:00,Hot-Wet,2010-02-28 23:00:00
15.19669698,-19.02613932,LA12,2010-02-28,11:20:52 PM,23:20:00,Hot-Wet,2010-02-28 23:20:00
15.1947286,-19.02472738,LA12,2010-02-28,11:40:52 PM,23:40:00,Hot-Wet,2010-02-28 23:40:00
15.19348958,-19.02481283,LA12,2010-03-01,12:00:00 AM,00:00:00,Hot-Wet,2010-03-01 00:00:00
15.19350281,-19.02482503,LA12,2010-03-01,12:20:00 AM,00:20:00,Hot-Wet,2010-03-01 00:20:00
15.19349467,-19.02485555,LA12,2010-03-01,12:40:00 AM,00:40:00,Hot-Wet,2010-03-01 00:40:00
15.19349569,-19.02482503,LA12,2010-03-01,01:00:00 AM,01:00:00,Hot-Wet,2010-03-01 01:00:00
15.19347127,-19.02480469,LA12,2010-03-01,01:20:00 AM,01:20:00,Hot-Wet,2010-03-01 01:20:00
15.1934672,-19.02482707,LA12,2010-03-01,01:40:00 AM,01:40:00,Hot-Wet,2010-03-01 01:40:00
15.19348551,-19.02482096,LA12,2010-03-01,02:00:00 AM,02:00:00,Hot-Wet,2010-03-01 02:00:00
15.19347636,-19.02481283,LA12,2010-03-01,02:20:00 AM,02:20:00,Hot-Wet,2010-03-01 02:20:00
15.19345907,-19.024823,LA12,2010-03-01,02:40:00 AM,02:40:00,Hot-Wet,2010-03-01 02:40:00
15.19348145,-19.02484741,LA12,2010-03-01,03:00:00 AM,03:00:00,Hot-Wet,2010-03-01 03:00:00
15.19345296,-19.02480265,LA12,2010-03-01,03:20:00 AM,03:20:00,Hot-Wet,2010-03-01 03:20:00
15.19346415,-19.02482503,LA12,2010-03-01,03:40:00 AM,03:40:00,Hot-Wet,2010-03-01 03:40:00
15.19347432,-19.02483317,LA12,2010-03-01,04:00:00 AM,04:00:00,Hot-Wet,2010-03-01 04:00:00
15.19328715,-19.02458089,LA12,2010-03-01,04:20:00 AM,04:20:00,Hot-Wet,2010-03-01 04:20:00
15.19246114,-19.0220459,LA12,2010-03-01,04:40:00 AM,04:40:00,Hot-Wet,2010-03-01 04:40:00
15.19381612,-19.01963908,LA12,2010-03-01,05:00:00 AM,05:00:00,Hot-Wet,2010-03-01 05:00:00
15.19431966,-19.01789347,LA12,2010-03-01,05:20:00 AM,05:20:00,Hot-Wet,2010-03-01 05:20:00
15.19780884,-19.01659139,LA12,2010-03-01,05:40:00 AM,05:40:00,Hot-Wet,2010-03-01 05:40:00
15.19890951,-19.01692301,LA12,2010-03-01,06:00:00 AM,06:00:00,Hot-Wet,2010-03-01 06:00:00
15.20043538,-19.01737671,LA12,2010-03-01,06:20:00 AM,06:20:00,Hot-Wet,2010-03-01 06:20:00
15.20160421,-19.01741333,LA12,2010-03-01,06:40:00 AM,06:40:00,Hot-Wet,2010-03-01 06:40:00
15.20504862,-19.01863403,LA12,2010-03-01,07:00:00 AM,07:00:00,Hot-Wet,2010-03-01 07:00:00
15.20514526,-19.02058512,LA12,2010-03-01,07:20:00 AM,07:20:00,Hot-Wet,2010-03-01 07:20:00
15.20818075,-19.021639,LA12,2010-03-01,07:40:00 AM,07:40:00,Hot-Wet,2010-03-01 07:40:00
15.20406596,-19.02770996,LA12,2010-03-01,08:00:00 AM,08:00:00,Hot-Wet,2010-03-01 08:00:00
15.19964498,-19.02905884,LA12,2010-03-01,08:20:00 AM,08:20:00,Hot-Wet,2010-03-01 08:20:00
15.19354757,-19.02899373,LA12,2010-03-01,08:40:00 AM,08:40:00,Hot-Wet,2010-03-01 08:40:00
15.18696493,-19.02948405,LA12,2010-03-01,09:00:00 AM,09:00:00,Hot-Wet,2010-03-01 09:00:00
15.17952372,-19.02904256,LA12,2010-03-01,09:20:00 AM,09:20:00,Hot-Wet,2010-03-01 09:20:00
15.17203064,-19.03155721,LA12,2010-03-01,09:40:00 AM,09:40:00,Hot-Wet,2010-03-01 09:40:00
15.16638794,-19.02945557,LA12,2010-03-01,10:00:00 AM,10:00:00,Hot-Wet,2010-03-01 10:00:00
15.16455587,-19.02613118,LA12,2010-03-01,10:20:00 AM,10:20:00,Hot-Wet,2010-03-01 10:20:00
15.16349589,-19.02232259,LA12,2010-03-01,10:40:00 AM,10:40:00,Hot-Wet,2010-03-01 10:40:00
15.16676636,-19.0162679,LA12,2010-03-01,11:00:00 AM,11:00:00,Hot-Wet,2010-03-01 11:00:00
15.17156881,-19.01102295,LA12,2010-03-01,11:20:00 AM,11:20:00,Hot-Wet,2010-03-01 11:20:00
15.17194722,-19.00606893,LA12,2010-03-01,11:40:00 AM,11:40:00,Hot-Wet,2010-03-01 11:40:00
15.17155457,-19.00234782,LA12,2010-03-01,12:00:00 PM,12:00:00,Hot-Wet,2010-03-01 12:00:00
15.1716095,-18.99956868,LA12,2010-03-01,12:20:00 PM,12:20:00,Hot-Wet,2010-03-01 12:20:00
15.17062785,-18.99466553,LA12,2010-03-01,12:40:00 PM,12:40:00,Hot-Wet,2010-03-01 12:40:00
15.17174683,-18.99470825,LA12,2010-03-01,01:00:00 PM,13:00:00,Hot-Wet,2010-03-01 13:00:00
15.1758372,-18.99517822,LA12,2010-03-01,01:20:00 PM,13:20:00,Hot-Wet,2010-03-01 13:20:00
15.17792765,-18.99626668,LA12,2010-03-01,01:40:00 PM,13:40:00,Hot-Wet,2010-03-01 13:40:00
15.18018392,-18.99589844,LA12,2010-03-01,02:00:00 PM,14:00:00,Hot-Wet,2010-03-01 14:00:00
15.18986613,-18.99583944,LA12,2010-03-01,02:20:00 PM,14:20:00,Hot-Wet,2010-03-01 14:20:00
15.19403178,-19.00328776,LA12,2010-03-01,02:40:00 PM,14:40:00,Hot-Wet,2010-03-01 14:40:00
15.19413757,-19.01105754,LA12,2010-03-01,03:00:00 PM,15:00:00,Hot-Wet,2010-03-01 15:00:00
15.18850301,-19.01810913,LA12,2010-03-01,03:20:00 PM,15:20:00,Hot-Wet,2010-03-01 15:20:00
15.19279378,-19.01913452,LA12,2010-03-01,03:40:00 PM,15:40:00,Hot-Wet,2010-03-01 15:40:00
15.19700521,-19.01962484,LA12,2010-03-01,04:00:00 PM,16:00:00,Hot-Wet,2010-03-01 16:00:00
15.19855855,-19.02185669,LA12,2010-03-01,04:20:00 PM,16:20:00,Hot-Wet,2010-03-01 16:20:00
15.20381368,-19.02386882,LA12,2010-03-01,04:40:00 PM,16:40:00,Hot-Wet,2010-03-01 16:40:00
15.20756632,-19.02461141,LA12,2010-03-01,05:00:00 PM,17:00:00,Hot-Wet,2010-03-01 17:00:00
15.2101359,-19.02507324,LA12,2010-03-01,05:20:00 PM,17:20:00,Hot-Wet,2010-03-01 17:20:00
15.2102122,-19.02524821,LA12,2010-03-01,05:40:00 PM,17:40:00,Hot-Wet,2010-03-01 17:40:00
15.21056112,-19.02487996,LA12,2010-03-01,06:00:00 PM,18:00:00,Hot-Wet,2010-03-01 18:00:00
15.21054688,-19.02469076,LA12,2010-03-01,06:20:00 PM,18:20:00,Hot-Wet,2010-03-01 18:20:00
15.21054586,-19.02466431,LA12,2010-03-01,06:40:00 PM,18:40:00,Hot-Wet,2010-03-01 18:40:00
15.21073608,-19.0245341,LA12,2010-03-01,07:00:00 PM,19:00:00,Hot-Wet,2010-03-01 19:00:00
15.21188456,-19.0276062,LA12,2010-03-01,07:20:00 PM,19:20:00,Hot-Wet,2010-03-01 19:20:00
15.21057536,-19.0330485,LA12,2010-03-01,07:40:00 PM,19:40:00,Hot-Wet,2010-03-01 19:40:00
15.21002808,-19.03681437,LA12,2010-03-01,08:00:00 PM,20:00:00,Hot-Wet,2010-03-01 20:00:00
15.21080017,-19.0391154,LA12,2010-03-01,08:20:00 PM,20:20:00,Hot-Wet,2010-03-01 20:20:00
15.2110321,-19.04124756,LA12,2010-03-01,08:40:00 PM,20:40:00,Hot-Wet,2010-03-01 20:40:00
15.21092224,-19.04220581,LA12,2010-03-01,09:00:00 PM,21:00:00,Hot-Wet,2010-03-01 21:00:00
15.21099243,-19.04315389,LA12,2010-03-01,09:20:00 PM,21:20:00,Hot-Wet,2010-03-01 21:20:00
15.21020813,-19.04648844,LA12,2010-03-01,09:40:00 PM,21:40:00,Hot-Wet,2010-03-01 21:40:00
15.20940145,-19.04735107,LA12,2010-03-01,10:00:00 PM,22:00:00,Hot-Wet,2010-03-01 22:00:00
15.20797831,-19.05004476,LA12,2010-03-01,10:20:00 PM,22:20:00,Hot-Wet,2010-03-01 22:20:00
15.20396016,-19.0524231,LA12,2010-03-01,10:40:00 PM,22:40:00,Hot-Wet,2010-03-01 22:40:00
15.20213521,-19.05369059,LA12,2010-03-01,11:00:00 PM,23:00:00,Hot-Wet,2010-03-01 23:00:00
15.20134379,-19.05526326,LA12,2010-03-01,11:20:00 PM,23:20:00,Hot-Wet,2010-03-01 23:20:00
15.19934998,-19.05687459,LA12,2010-03-01,11:40:00 PM,23:40:00,Hot-Wet,2010-03-01 23:40:00
15.19672445,-19.05753377,LA12,2010-03-02,12:00:00 AM,00:00:00,Hot-Wet,2010-03-02 00:00:00
15.19568787,-19.05724284,LA12,2010-03-02,12:20:00 AM,00:20:00,Hot-Wet,2010-03-02 00:20:00
15.19534607,-19.05866496,LA12,2010-03-02,12:40:00 AM,00:40:00,Hot-Wet,2010-03-02 00:40:00
15.19535421,-19.05868327,LA12,2010-03-02,01:00:00 AM,01:00:00,Hot-Wet,2010-03-02 01:00:00
15.19534505,-19.05869751,LA12,2010-03-02,01:20:00 AM,01:20:00,Hot-Wet,2010-03-02 01:20:00
15.19534098,-19.05868734,LA12,2010-03-02,01:40:00 AM,01:40:00,Hot-Wet,2010-03-02 01:40:00
15.19537354,-19.05870972,LA12,2010-03-02,02:00:00 AM,02:00:00,Hot-Wet,2010-03-02 02:00:00
15.19537862,-19.05869548,LA12,2010-03-02,02:20:00 AM,02:20:00,Hot-Wet,2010-03-02 02:20:00
15.19538269,-19.05870361,LA12,2010-03-02,02:40:00 AM,02:40:00,Hot-Wet,2010-03-02 02:40:00
15.1952006,-19.05866292,LA12,2010-03-02,03:00:00 AM,03:00:00,Hot-Wet,2010-03-02 03:00:00
15.194929,-19.06009928,LA12,2010-03-02,03:20:00 AM,03:20:00,Hot-Wet,2010-03-02 03:20:00
15.1933136,-19.06120809,LA12,2010-03-02,03:40:00 AM,03:40:00,Hot-Wet,2010-03-02 03:40:00
15.19249369,-19.05982259,LA12,2010-03-02,04:00:00 AM,04:00:00,Hot-Wet,2010-03-02 04:00:00
15.19250488,-19.05945231,LA12,2010-03-02,04:21:00 AM,04:21:00,Hot-Wet,2010-03-02 04:21:00
15.19250081,-19.05942993,LA12,2010-03-02,04:40:00 AM,04:40:00,Hot-Wet,2010-03-02 04:40:00
15.19255168,-19.05945435,LA12,2010-03-02,05:01:00 AM,05:01:00,Hot-Wet,2010-03-02 05:01:00
15.19095561,-19.0600769,LA12,2010-03-02,05:20:00 AM,05:20:00,Hot-Wet,2010-03-02 05:20:00
15.18994751,-19.0603007,LA12,2010-03-02,05:40:00 AM,05:40:00,Hot-Wet,2010-03-02 05:40:00
15.18880107,-19.06140951,LA12,2010-03-02,06:00:00 AM,06:00:00,Hot-Wet,2010-03-02 06:00:00
15.18558858,-19.06212769,LA12,2010-03-02,06:20:00 AM,06:20:00,Hot-Wet,2010-03-02 06:20:00
15.18398031,-19.06287638,LA12,2010-03-02,06:40:00 AM,06:40:00,Hot-Wet,2010-03-02 06:40:00
15.18335368,-19.06311442,LA12,2010-03-02,07:00:00 AM,07:00:00,Hot-Wet,2010-03-02 07:00:00
15.18217977,-19.06446533,LA12,2010-03-02,07:20:00 AM,07:20:00,Hot-Wet,2010-03-02 07:20:00
15.17475688,-19.06350911,LA12,2010-03-02,07:40:00 AM,07:40:00,Hot-Wet,2010-03-02 07:40:00
15.16801453,-19.05912069,LA12,2010-03-02,08:00:00 AM,08:00:00,Hot-Wet,2010-03-02 08:00:00
15.16732585,-19.0580485,LA12,2010-03-02,08:20:00 AM,08:20:00,Hot-Wet,2010-03-02 08:20:00
15.1664327,-19.05824178,LA12,2010-03-02,08:40:00 AM,08:40:00,Hot-Wet,2010-03-02 08:40:00
15.1660553,-19.05655518,LA12,2010-03-02,09:00:00 AM,09:00:00,Hot-Wet,2010-03-02 09:00:00
15.1661794,-19.05643717,LA12,2010-03-02,09:20:00 AM,09:20:00,Hot-Wet,2010-03-02 09:20:00
15.16900635,-19.05287882,LA12,2010-03-02,09:40:00 AM,09:40:00,Hot-Wet,2010-03-02 09:40:00
15.1742981,-19.05000814,LA12,2010-03-02,10:00:00 AM,10:00:00,Hot-Wet,2010-03-02 10:00:00
15.17649943,-19.04947713,LA12,2010-03-02,10:20:00 AM,10:20:00,Hot-Wet,2010-03-02 10:20:00
15.17718811,-19.04784953,LA12,2010-03-02,10:40:00 AM,10:40:00,Hot-Wet,2010-03-02 10:40:00
15.17651774,-19.04679769,LA12,2010-03-02,11:00:00 AM,11:00:00,Hot-Wet,2010-03-02 11:00:00
15.17675171,-19.04939575,LA12,2010-03-02,11:20:00 AM,11:20:00,Hot-Wet,2010-03-02 11:20:00
15.1772522,-19.05025228,LA12,2010-03-02,11:40:00 AM,11:40:00,Hot-Wet,2010-03-02 11:40:00
15.17718709,-19.05040894,LA12,2010-03-02,12:00:00 PM,12:00:00,Hot-Wet,2010-03-02 12:00:00
15.17750041,-19.05046794,LA12,2010-03-02,12:20:00 PM,12:20:00,Hot-Wet,2010-03-02 12:20:00
15.17736816,-19.05062663,LA12,2010-03-02,12:40:00 PM,12:40:00,Hot-Wet,2010-03-02 12:40:00
15.17756246,-19.05094198,LA12,2010-03-02,01:00:00 PM,13:00:00,Hot-Wet,2010-03-02 13:00:00
15.17782796,-19.05165812,LA12,2010-03-02,01:20:00 PM,13:20:00,Hot-Wet,2010-03-02 13:20:00
15.17826538,-19.0575765,LA12,2010-03-02,01:40:00 PM,13:40:00,Hot-Wet,2010-03-02 13:40:00
15.17946269,-19.06208089,LA12,2010-03-02,02:00:00 PM,14:00:00,Hot-Wet,2010-03-02 14:00:00
15.18026733,-19.06700643,LA12,2010-03-02,02:20:00 PM,14:20:00,Hot-Wet,2010-03-02 14:20:00
15.17793172,-19.06642863,LA12,2010-03-02,02:40:00 PM,14:40:00,Hot-Wet,2010-03-02 14:40:00
15.17760213,-19.06546834,LA12,2010-03-02,03:00:00 PM,15:00:00,Hot-Wet,2010-03-02 15:00:00
15.18164978,-19.06847331,LA12,2010-03-02,03:20:00 PM,15:20:00,Hot-Wet,2010-03-02 15:20:00
15.18105977,-19.06556396,LA12,2010-03-02,03:40:00 PM,15:40:00,Hot-Wet,2010-03-02 15:40:00
15.17852173,-19.07478434,LA12,2010-03-02,04:00:00 PM,16:00:00,Hot-Wet,2010-03-02 16:00:00
15.1813385,-19.07972005,LA12,2010-03-02,04:20:00 PM,16:20:00,Hot-Wet,2010-03-02 16:20:00
15.1871226,-19.08544312,LA12,2010-03-02,04:40:00 PM,16:40:00,Hot-Wet,2010-03-02 16:40:00
15.19299927,-19.08927205,LA12,2010-03-02,05:00:00 PM,17:00:00,Hot-Wet,2010-03-02 17:00:00
15.19619649,-19.08560994,LA12,2010-03-02,05:20:00 PM,17:20:00,Hot-Wet,2010-03-02 17:20:00
15.19618429,-19.0834493,LA12,2010-03-02,05:40:00 PM,17:40:00,Hot-Wet,2010-03-02 17:40:00
15.19688212,-19.0807312,LA12,2010-03-02,06:00:00 PM,18:00:00,Hot-Wet,2010-03-02 18:00:00
15.1991567,-19.07891032,LA12,2010-03-02,06:20:00 PM,18:20:00,Hot-Wet,2010-03-02 18:20:00
15.19953613,-19.0786499,LA12,2010-03-02,06:40:00 PM,18:40:00,Hot-Wet,2010-03-02 18:40:00
15.19712118,-19.07704671,LA12,2010-03-02,07:00:00 PM,19:00:00,Hot-Wet,2010-03-02 19:00:00
15.19964498,-19.07862752,LA12,2010-03-02,07:20:00 PM,19:20:00,Hot-Wet,2010-03-02 19:20:00
15.19987996,-19.0787089,LA12,2010-03-02,07:40:00 PM,19:40:00,Hot-Wet,2010-03-02 19:40:00
15.19967753,-19.0788147,LA12,2010-03-02,08:00:00 PM,20:00:00,Hot-Wet,2010-03-02 20:00:00
15.20007833,-19.07920532,LA12,2010-03-02,08:20:00 PM,20:20:00,Hot-Wet,2010-03-02 20:20:00
15.20134074,-19.08025106,LA12,2010-03-02,08:40:00 PM,20:40:00,Hot-Wet,2010-03-02 20:40:00
15.20114746,-19.08037516,LA12,2010-03-02,09:00:00 PM,21:00:00,Hot-Wet,2010-03-02 21:00:00
15.20060018,-19.08140259,LA12,2010-03-02,09:20:00 PM,21:20:00,Hot-Wet,2010-03-02 21:20:00
15.20092061,-19.08178507,LA12,2010-03-02,09:40:00 PM,21:40:00,Hot-Wet,2010-03-02 21:40:00
15.20131531,-19.08096517,LA12,2010-03-02,10:00:00 PM,22:00:00,Hot-Wet,2010-03-02 22:00:00
15.20361633,-19.0805603,LA12,2010-03-02,10:20:00 PM,22:20:00,Hot-Wet,2010-03-02 22:20:00
15.20376892,-19.08157756,LA12,2010-03-02,10:40:00 PM,22:40:00,Hot-Wet,2010-03-02 22:40:00
15.20384521,-19.08210042,LA12,2010-03-02,11:00:00 PM,23:00:00,Hot-Wet,2010-03-02 23:00:00
15.20247904,-19.08273926,LA12,2010-03-02,11:20:00 PM,23:20:00,Hot-Wet,2010-03-02 23:20:00
15.20158997,-19.08382975,LA12,2010-03-02,11:40:00 PM,23:40:00,Hot-Wet,2010-03-02 23:40:00
15.20047201,-19.0843811,LA12,2010-03-03,12:00:00 AM,00:00:00,Hot-Wet,2010-03-03 00:00:00
15.19706828,-19.08743286,LA12,2010-03-03,12:20:00 AM,00:20:00,Hot-Wet,2010-03-03 00:20:00
15.19367167,-19.09137573,LA12,2010-03-03,12:40:00 AM,00:40:00,Hot-Wet,2010-03-03 00:40:00
15.19206645,-19.09405924,LA12,2010-03-03,01:00:00 AM,01:00:00,Hot-Wet,2010-03-03 01:00:00
15.19114889,-19.09789022,LA12,2010-03-03,01:20:00 AM,01:20:00,Hot-Wet,2010-03-03 01:20:00
15.18896383,-19.10105184,LA12,2010-03-03,01:40:00 AM,01:40:00,Hot-Wet,2010-03-03 01:40:00
15.18774007,-19.10137126,LA12,2010-03-03,02:00:00 AM,02:00:00,Hot-Wet,2010-03-03 02:00:00
15.18771973,-19.10141398,LA12,2010-03-03,02:20:00 AM,02:20:00,Hot-Wet,2010-03-03 02:20:00
15.18773905,-19.10138753,LA12,2010-03-03,02:40:00 AM,02:40:00,Hot-Wet,2010-03-03 02:40:00
15.18767497,-19.10140788,LA12,2010-03-03,03:00:00 AM,03:00:00,Hot-Wet,2010-03-03 03:00:00
15.18768005,-19.10140381,LA12,2010-03-03,03:20:00 AM,03:20:00,Hot-Wet,2010-03-03 03:20:00
15.18771769,-19.10139974,LA12,2010-03-03,03:40:00 AM,03:40:00,Hot-Wet,2010-03-03 03:40:00
15.18766683,-19.10138957,LA12,2010-03-03,04:00:00 AM,04:00:00,Hot-Wet,2010-03-03 04:00:00
15.18771769,-19.10139974,LA12,2010-03-03,04:20:00 AM,04:20:00,Hot-Wet,2010-03-03 04:20:00
15.18770955,-19.10139364,LA12,2010-03-03,04:40:00 AM,04:40:00,Hot-Wet,2010-03-03 04:40:00
15.18642069,-19.10245565,LA12,2010-03-03,05:00:00 AM,05:00:00,Hot-Wet,2010-03-03 05:00:00
15.18396505,-19.10264282,LA12,2010-03-03,05:20:00 AM,05:20:00,Hot-Wet,2010-03-03 05:20:00
15.18377787,-19.10130005,LA12,2010-03-03,05:40:00 AM,05:40:00,Hot-Wet,2010-03-03 05:40:00
15.1831075,-19.09937134,LA12,2010-03-03,06:00:00 AM,06:00:00,Hot-Wet,2010-03-03 06:00:00
15.18064779,-19.09672648,LA12,2010-03-03,06:20:00 AM,06:20:00,Hot-Wet,2010-03-03 06:20:00
15.18009542,-19.09324748,LA12,2010-03-03,06:40:00 AM,06:40:00,Hot-Wet,2010-03-03 06:40:00
15.1794047,-19.09139811,LA12,2010-03-03,07:00:00 AM,07:00:00,Hot-Wet,2010-03-03 07:00:00
15.17941488,-19.09130452,LA12,2010-03-03,07:20:00 AM,07:20:00,Hot-Wet,2010-03-03 07:20:00
15.17718811,-19.09193929,LA12,2010-03-03,07:40:00 AM,07:40:00,Hot-Wet,2010-03-03 07:40:00
15.17482605,-19.09439697,LA12,2010-03-03,08:00:00 AM,08:00:00,Hot-Wet,2010-03-03 08:00:00
15.17767131,-19.09201457,LA12,2010-03-03,08:20:00 AM,08:20:00,Hot-Wet,2010-03-03 08:20:00
15.17993876,-19.08813883,LA12,2010-03-03,08:40:00 AM,08:40:00,Hot-Wet,2010-03-03 08:40:00
15.18373413,-19.08487752,LA12,2010-03-03,09:00:00 AM,09:00:00,Hot-Wet,2010-03-03 09:00:00
15.18375346,-19.08486938,LA12,2010-03-03,09:20:00 AM,09:20:00,Hot-Wet,2010-03-03 09:20:00
15.18683472,-19.08521118,LA12,2010-03-03,09:40:00 AM,09:40:00,Hot-Wet,2010-03-03 09:40:00
15.19300944,-19.09018148,LA12,2010-03-03,10:00:00 AM,10:00:00,Hot-Wet,2010-03-03 10:00:00
15.19321289,-19.09228516,LA12,2010-03-03,10:20:00 AM,10:20:00,Hot-Wet,2010-03-03 10:20:00
15.19180094,-19.09363403,LA12,2010-03-03,10:40:00 AM,10:40:00,Hot-Wet,2010-03-03 10:40:00
15.19292196,-19.09569092,LA12,2010-03-03,11:00:00 AM,11:00:00,Hot-Wet,2010-03-03 11:00:00
15.1928833,-19.09604696,LA12,2010-03-03,11:20:00 AM,11:20:00,Hot-Wet,2010-03-03 11:20:00
15.19287415,-19.0961731,LA12,2010-03-03,11:40:00 AM,11:40:00,Hot-Wet,2010-03-03 11:40:00
15.1925883,-19.09657186,LA12,2010-03-03,12:00:00 PM,12:00:00,Hot-Wet,2010-03-03 12:00:00
15.19208883,-19.09665527,LA12,2010-03-03,12:20:00 PM,12:20:00,Hot-Wet,2010-03-03 12:20:00
15.19190267,-19.09248047,LA12,2010-03-03,12:40:00 PM,12:40:00,Hot-Wet,2010-03-03 12:40:00
15.1944163,-19.08831584,LA12,2010-03-03,01:00:00 PM,13:00:00,Hot-Wet,2010-03-03 13:00:00
15.19463806,-19.08715007,LA12,2010-03-03,01:20:00 PM,13:20:00,Hot-Wet,2010-03-03 13:20:00
15.19505717,-19.0866862,LA12,2010-03-03,01:40:00 PM,13:40:00,Hot-Wet,2010-03-03 13:40:00
15.19597778,-19.08561198,LA12,2010-03-03,02:00:00 PM,14:00:00,Hot-Wet,2010-03-03 14:00:00
15.19699504,-19.08602498,LA12,2010-03-03,02:20:00 PM,14:20:00,Hot-Wet,2010-03-03 14:20:00
15.19775899,-19.08609619,LA12,2010-03-03,02:40:00 PM,14:40:00,Hot-Wet,2010-03-03 14:40:00
15.19789937,-19.08621012,LA12,2010-03-03,03:00:00 PM,15:00:00,Hot-Wet,2010-03-03 15:00:00
15.19714559,-19.08770955,LA12,2010-03-03,03:20:00 PM,15:20:00,Hot-Wet,2010-03-03 15:20:00
15.20085042,-19.09591064,LA12,2010-03-03,03:40:00 PM,15:40:00,Hot-Wet,2010-03-03 15:40:00
15.20290426,-19.10068156,LA12,2010-03-03,04:00:00 PM,16:00:00,Hot-Wet,2010-03-03 16:00:00
15.20369364,-19.09805705,LA12,2010-03-03,04:20:00 PM,16:20:00,Hot-Wet,2010-03-03 16:20:00
15.20317281,-19.09279175,LA12,2010-03-03,04:40:00 PM,16:40:00,Hot-Wet,2010-03-03 16:40:00
15.20295105,-19.0906901,LA12,2010-03-03,05:00:00 PM,17:00:00,Hot-Wet,2010-03-03 17:00:00
15.19938354,-19.08675944,LA12,2010-03-03,05:20:00 PM,17:20:00,Hot-Wet,2010-03-03 17:20:00
15.19761759,-19.08110758,LA12,2010-03-03,05:40:00 PM,17:40:00,Hot-Wet,2010-03-03 17:40:00
15.19951681,-19.07860107,LA12,2010-03-03,06:00:00 PM,18:00:00,Hot-Wet,2010-03-03 18:00:00
15.19918315,-19.07569987,LA12,2010-03-03,06:20:00 PM,18:20:00,Hot-Wet,2010-03-03 18:20:00
15.19957377,-19.07408854,LA12,2010-03-03,06:40:00 PM,18:40:00,Hot-Wet,2010-03-03 18:40:00
15.19976908,-19.07393392,LA12,2010-03-03,07:00:00 PM,19:00:00,Hot-Wet,2010-03-03 19:00:00
15.19919027,-19.07345581,LA12,2010-03-03,07:20:00 PM,19:20:00,Hot-Wet,2010-03-03 19:20:00
15.19908549,-19.07304688,LA12,2010-03-03,07:40:00 PM,19:40:00,Hot-Wet,2010-03-03 19:40:00
15.19883118,-19.07280273,LA12,2010-03-03,08:00:00 PM,20:00:00,Hot-Wet,2010-03-03 20:00:00
15.19865417,-19.07224731,LA12,2010-03-03,08:20:00 PM,20:20:00,Hot-Wet,2010-03-03 20:20:00
15.19895426,-19.07161865,LA12,2010-03-03,08:40:00 PM,20:40:00,Hot-Wet,2010-03-03 20:40:00
15.19953512,-19.07107951,LA12,2010-03-03,09:00:00 PM,21:00:00,Hot-Wet,2010-03-03 21:00:00
15.19993286,-19.0708374,LA12,2010-03-03,09:20:00 PM,21:20:00,Hot-Wet,2010-03-03 21:20:00
15.19908447,-19.07020467,LA12,2010-03-03,09:40:00 PM,21:40:00,Hot-Wet,2010-03-03 21:40:00
15.20013835,-19.0696696,LA12,2010-03-03,10:00:00 PM,22:00:00,Hot-Wet,2010-03-03 22:00:00
15.20020752,-19.06908976,LA12,2010-03-03,10:20:00 PM,22:20:00,Hot-Wet,2010-03-03 22:20:00
15.19998067,-19.06844482,LA12,2010-03-03,10:40:00 PM,22:40:00,Hot-Wet,2010-03-03 22:40:00
15.19967448,-19.06821899,LA12,2010-03-03,11:00:00 PM,23:00:00,Hot-Wet,2010-03-03 23:00:00
15.19968872,-19.06820882,LA12,2010-03-03,11:20:00 PM,23:20:00,Hot-Wet,2010-03-03 23:20:00
15.19957682,-19.06798503,LA12,2010-03-03,11:40:00 PM,23:40:00,Hot-Wet,2010-03-03 23:40:00
15.19873759,-19.06792399,LA12,2010-03-04,12:00:00 AM,00:00:00,Hot-Wet,2010-03-04 00:00:00
15.19683533,-19.06818644,LA12,2010-03-04,12:20:00 AM,00:20:00,Hot-Wet,2010-03-04 00:20:00
15.19682414,-19.06820272,LA12,2010-03-04,12:40:00 AM,00:40:00,Hot-Wet,2010-03-04 00:40:00
15.19683533,-19.06819865,LA12,2010-03-04,01:00:00 AM,01:00:00,Hot-Wet,2010-03-04 01:00:00
15.19685872,-19.06820068,LA12,2010-03-04,01:20:00 AM,01:20:00,Hot-Wet,2010-03-04 01:20:00
15.19685974,-19.06818848,LA12,2010-03-04,01:40:00 AM,01:40:00,Hot-Wet,2010-03-04 01:40:00
15.19685059,-19.06820068,LA12,2010-03-04,02:00:00 AM,02:00:00,Hot-Wet,2010-03-04 02:00:00
15.19686076,-19.06821696,LA12,2010-03-04,02:20:00 AM,02:20:00,Hot-Wet,2010-03-04 02:20:00
15.1968689,-19.06823527,LA12,2010-03-04,02:40:00 AM,02:40:00,Hot-Wet,2010-03-04 02:40:00
15.19683634,-19.06818644,LA12,2010-03-04,03:00:00 AM,03:00:00,Hot-Wet,2010-03-04 03:00:00
15.1968221,-19.06821086,LA12,2010-03-04,03:20:00 AM,03:20:00,Hot-Wet,2010-03-04 03:20:00
15.19686381,-19.0681661,LA12,2010-03-04,03:40:00 AM,03:40:00,Hot-Wet,2010-03-04 03:40:00
15.19684245,-19.0681722,LA12,2010-03-04,04:00:00 AM,04:00:00,Hot-Wet,2010-03-04 04:00:00
15.19677633,-19.06820068,LA12,2010-03-04,04:20:00 AM,04:20:00,Hot-Wet,2010-03-04 04:20:00
15.19675802,-19.06827393,LA12,2010-03-04,04:40:00 AM,04:40:00,Hot-Wet,2010-03-04 04:40:00
15.1964447,-19.06841227,LA12,2010-03-04,05:00:00 AM,05:00:00,Hot-Wet,2010-03-04 05:00:00
15.1953359,-19.06865641,LA12,2010-03-04,05:20:00 AM,05:20:00,Hot-Wet,2010-03-04 05:20:00
15.1952301,-19.06845907,LA12,2010-03-04,05:40:00 AM,05:40:00,Hot-Wet,2010-03-04 05:40:00
15.19408875,-19.06886393,LA12,2010-03-04,06:00:00 AM,06:00:00,Hot-Wet,2010-03-04 06:00:00
15.18959351,-19.07064006,LA12,2010-03-04,06:20:00 AM,06:20:00,Hot-Wet,2010-03-04 06:20:00
15.18619792,-19.07426351,LA12,2010-03-04,06:40:00 AM,06:40:00,Hot-Wet,2010-03-04 06:40:00
15.17954814,-19.07685343,LA12,2010-03-04,07:00:00 AM,07:00:00,Hot-Wet,2010-03-04 07:00:00
15.17965495,-19.07822266,LA12,2010-03-04,07:20:00 AM,07:20:00,Hot-Wet,2010-03-04 07:20:00
15.18073629,-19.07885335,LA12,2010-03-04,07:40:00 AM,07:40:00,Hot-Wet,2010-03-04 07:40:00
15.18409526,-19.08036092,LA12,2010-03-04,08:00:00 AM,08:00:00,Hot-Wet,2010-03-04 08:00:00
15.18810527,-19.08402913,LA12,2010-03-04,08:20:00 AM,08:20:00,Hot-Wet,2010-03-04 08:20:00
15.19364522,-19.09090169,LA12,2010-03-04,08:40:00 AM,08:40:00,Hot-Wet,2010-03-04 08:40:00
15.19333089,-19.0921936,LA12,2010-03-04,09:00:00 AM,09:00:00,Hot-Wet,2010-03-04 09:00:00
15.19161682,-19.09310506,LA12,2010-03-04,09:20:00 AM,09:20:00,Hot-Wet,2010-03-04 09:20:00
15.19159648,-19.0931783,LA12,2010-03-04,09:40:00 AM,09:40:00,Hot-Wet,2010-03-04 09:40:00
15.19395142,-19.09393717,LA12,2010-03-04,10:00:00 AM,10:00:00,Hot-Wet,2010-03-04 10:00:00
15.19767253,-19.09481812,LA12,2010-03-04,10:20:00 AM,10:20:00,Hot-Wet,2010-03-04 10:20:00
15.20338236,-19.09330241,LA12,2010-03-04,10:40:00 AM,10:40:00,Hot-Wet,2010-03-04 10:40:00
15.20923157,-19.09321899,LA12,2010-03-04,11:00:00 AM,11:00:00,Hot-Wet,2010-03-04 11:00:00
15.21252747,-19.09442749,LA12,2010-03-04,11:20:00 AM,11:20:00,Hot-Wet,2010-03-04 11:20:00
15.21601257,-19.09434001,LA12,2010-03-04,11:40:00 AM,11:40:00,Hot-Wet,2010-03-04 11:40:00
15.21646423,-19.09416097,LA12,2010-03-04,12:00:00 PM,12:00:00,Hot-Wet,2010-03-04 12:00:00
15.21670431,-19.09395752,LA12,2010-03-04,12:20:00 PM,12:20:00,Hot-Wet,2010-03-04 12:20:00
15.21558024,-19.09569906,LA12,2010-03-04,12:40:00 PM,12:40:00,Hot-Wet,2010-03-04 12:40:00
15.21558634,-19.09586182,LA12,2010-03-04,01:00:00 PM,13:00:00,Hot-Wet,2010-03-04 13:00:00
15.21557922,-19.0975708,LA12,2010-03-04,01:20:00 PM,13:20:00,Hot-Wet,2010-03-04 13:20:00
15.21444499,-19.09971517,LA12,2010-03-04,01:40:00 PM,13:40:00,Hot-Wet,2010-03-04 13:40:00
15.21301066,-19.10009969,LA12,2010-03-04,02:00:00 PM,14:00:00,Hot-Wet,2010-03-04 14:00:00
15.20888774,-19.09725749,LA12,2010-03-04,02:20:00 PM,14:20:00,Hot-Wet,2010-03-04 14:20:00
15.20769857,-19.09512939,LA12,2010-03-04,02:40:00 PM,14:40:00,Hot-Wet,2010-03-04 14:40:00
15.20768738,-19.09514364,LA12,2010-03-04,03:00:00 PM,15:00:00,Hot-Wet,2010-03-04 15:00:00
15.20770365,-19.09515381,LA12,2010-03-04,03:20:00 PM,15:20:00,Hot-Wet,2010-03-04 15:20:00
15.21039022,-19.09476522,LA12,2010-03-04,03:40:00 PM,15:40:00,Hot-Wet,2010-03-04 15:40:00
15.21487732,-19.09464722,LA12,2010-03-04,04:00:00 PM,16:00:00,Hot-Wet,2010-03-04 16:00:00
15.21693319,-19.09404297,LA12,2010-03-04,04:20:00 PM,16:20:00,Hot-Wet,2010-03-04 16:20:00
15.21818136,-19.09235433,LA12,2010-03-04,04:40:00 PM,16:40:00,Hot-Wet,2010-03-04 16:40:00
15.21971029,-19.09260254,LA12,2010-03-04,05:00:00 PM,17:00:00,Hot-Wet,2010-03-04 17:00:00
15.22141418,-19.09342041,LA12,2010-03-04,05:20:00 PM,17:20:00,Hot-Wet,2010-03-04 17:20:00
15.22578125,-19.09243774,LA12,2010-03-04,05:40:00 PM,17:40:00,Hot-Wet,2010-03-04 17:40:00
15.2293986,-19.09039307,LA12,2010-03-04,06:00:00 PM,18:00:00,Hot-Wet,2010-03-04 18:00:00
15.22784322,-19.08884888,LA12,2010-03-04,06:20:00 PM,18:20:00,Hot-Wet,2010-03-04 18:20:00
15.22577006,-19.08794759,LA12,2010-03-04,06:40:00 PM,18:40:00,Hot-Wet,2010-03-04 18:40:00
15.2212321,-19.08437907,LA12,2010-03-04,07:00:00 PM,19:00:00,Hot-Wet,2010-03-04 19:00:00
15.22060649,-19.07931519,LA12,2010-03-04,07:20:00 PM,19:20:00,Hot-Wet,2010-03-04 19:20:00
15.22084656,-19.07738851,LA12,2010-03-04,07:40:00 PM,19:40:00,Hot-Wet,2010-03-04 19:40:00
15.2204539,-19.07552897,LA12,2010-03-04,08:00:00 PM,20:00:00,Hot-Wet,2010-03-04 20:00:00
15.21758321,-19.07544352,LA12,2010-03-04,08:20:00 PM,20:20:00,Hot-Wet,2010-03-04 20:20:00
15.21429036,-19.07334798,LA12,2010-03-04,08:40:00 PM,20:40:00,Hot-Wet,2010-03-04 20:40:00
15.2132314,-19.07201945,LA12,2010-03-04,09:00:00 PM,21:00:00,Hot-Wet,2010-03-04 21:00:00
15.21042582,-19.07139893,LA12,2010-03-04,09:20:00 PM,21:20:00,Hot-Wet,2010-03-04 21:20:00
15.20922139,-19.07081299,LA12,2010-03-04,09:40:00 PM,21:40:00,Hot-Wet,2010-03-04 21:40:00
15.20853475,-19.07058105,LA12,2010-03-04,10:00:00 PM,22:00:00,Hot-Wet,2010-03-04 22:00:00
15.20793152,-19.07068481,LA12,2010-03-04,10:20:00 PM,22:20:00,Hot-Wet,2010-03-04 22:20:00
15.2053243,-19.06866455,LA12,2010-03-04,10:40:00 PM,22:40:00,Hot-Wet,2010-03-04 22:40:00
15.20426432,-19.06594238,LA12,2010-03-04,11:00:00 PM,23:00:00,Hot-Wet,2010-03-04 23:00:00
15.20429179,-19.06508586,LA12,2010-03-04,11:20:00 PM,23:20:00,Hot-Wet,2010-03-04 23:20:00
15.20470276,-19.06452433,LA12,2010-03-04,11:40:00 PM,23:40:00,Hot-Wet,2010-03-04 23:40:00
15.20486348,-19.06456502,LA12,2010-03-05,12:00:00 AM,00:00:00,Hot-Wet,2010-03-05 00:00:00
15.20536296,-19.06421916,LA12,2010-03-05,12:20:00 AM,00:20:00,Hot-Wet,2010-03-05 00:20:00
15.20654806,-19.0637207,LA12,2010-03-05,12:40:00 AM,00:40:00,Hot-Wet,2010-03-05 00:40:00
15.20680847,-19.06353149,LA12,2010-03-05,01:00:00 AM,01:00:00,Hot-Wet,2010-03-05 01:00:00
15.20680033,-19.06352336,LA12,2010-03-05,01:20:00 AM,01:20:00,Hot-Wet,2010-03-05 01:20:00
15.20682576,-19.06350301,LA12,2010-03-05,01:40:00 AM,01:40:00,Hot-Wet,2010-03-05 01:40:00
15.20700175,-19.06334635,LA12,2010-03-05,02:00:00 AM,02:00:00,Hot-Wet,2010-03-05 02:00:00
15.2077535,-19.06334432,LA12,2010-03-05,02:20:00 AM,02:20:00,Hot-Wet,2010-03-05 02:20:00
15.2078064,-19.06358643,LA12,2010-03-05,02:40:00 AM,02:40:00,Hot-Wet,2010-03-05 02:40:00
15.20781555,-19.06359049,LA12,2010-03-05,03:00:00 AM,03:00:00,Hot-Wet,2010-03-05 03:00:00
15.20781962,-19.06358846,LA12,2010-03-05,03:20:00 AM,03:20:00,Hot-Wet,2010-03-05 03:20:00
15.20781453,-19.06358846,LA12,2010-03-05,03:40:00 AM,03:40:00,Hot-Wet,2010-03-05 03:40:00
15.20780334,-19.06359253,LA12,2010-03-05,04:00:00 AM,04:00:00,Hot-Wet,2010-03-05 04:00:00
15.20791117,-19.06360067,LA12,2010-03-05,04:21:00 AM,04:21:00,Hot-Wet,2010-03-05 04:21:00
15.20792236,-19.06358846,LA12,2010-03-05,04:41:00 AM,04:41:00,Hot-Wet,2010-03-05 04:41:00
15.20794067,-19.06365967,LA12,2010-03-05,05:00:00 AM,05:00:00,Hot-Wet,2010-03-05 05:00:00
15.20721436,-19.06348674,LA12,2010-03-05,05:20:00 AM,05:20:00,Hot-Wet,2010-03-05 05:20:00
15.20692952,-19.06327108,LA12,2010-03-05,05:40:00 AM,05:40:00,Hot-Wet,2010-03-05 05:40:00
15.20628764,-19.06302694,LA12,2010-03-05,06:00:00 AM,06:00:00,Hot-Wet,2010-03-05 06:00:00
15.20620321,-19.06381226,LA12,2010-03-05,06:20:00 AM,06:20:00,Hot-Wet,2010-03-05 06:20:00
15.2062795,-19.06401571,LA12,2010-03-05,06:40:00 AM,06:40:00,Hot-Wet,2010-03-05 06:40:00
15.20611877,-19.06401164,LA12,2010-03-05,07:00:00 AM,07:00:00,Hot-Wet,2010-03-05 07:00:00
15.20570374,-19.06640015,LA12,2010-03-05,07:20:00 AM,07:20:00,Hot-Wet,2010-03-05 07:20:00
15.20320536,-19.07061971,LA12,2010-03-05,07:40:00 AM,07:40:00,Hot-Wet,2010-03-05 07:40:00
15.20426025,-19.07723592,LA12,2010-03-05,08:00:00 AM,08:00:00,Hot-Wet,2010-03-05 08:00:00
15.20353394,-19.08344727,LA12,2010-03-05,08:20:00 AM,08:20:00,Hot-Wet,2010-03-05 08:20:00
15.19772644,-19.08651326,LA12,2010-03-05,08:40:00 AM,08:40:00,Hot-Wet,2010-03-05 08:40:00
15.19374593,-19.08991496,LA12,2010-03-05,09:00:00 AM,09:00:00,Hot-Wet,2010-03-05 09:00:00
15.18937378,-19.09609578,LA12,2010-03-05,09:20:00 AM,09:20:00,Hot-Wet,2010-03-05 09:20:00
15.18917643,-19.10228475,LA12,2010-03-05,09:40:00 AM,09:40:00,Hot-Wet,2010-03-05 09:40:00
15.19472555,-19.09923299,LA12,2010-03-05,10:00:00 AM,10:00:00,Hot-Wet,2010-03-05 10:00:00
15.20132751,-19.09499919,LA12,2010-03-05,10:20:00 AM,10:20:00,Hot-Wet,2010-03-05 10:20:00
15.20493062,-19.09391276,LA12,2010-03-05,10:40:00 AM,10:40:00,Hot-Wet,2010-03-05 10:40:00
15.20913188,-19.09324951,LA12,2010-03-05,11:00:00 AM,11:00:00,Hot-Wet,2010-03-05 11:00:00
15.20760193,-19.09374186,LA12,2010-03-05,11:20:00 AM,11:20:00,Hot-Wet,2010-03-05 11:20:00
15.2038147,-19.09547729,LA12,2010-03-05,11:40:00 AM,11:40:00,Hot-Wet,2010-03-05 11:40:00
15.20402629,-19.09252319,LA12,2010-03-05,12:00:00 PM,12:00:00,Hot-Wet,2010-03-05 12:00:00
15.20500183,-19.09079997,LA12,2010-03-05,12:20:00 PM,12:20:00,Hot-Wet,2010-03-05 12:20:00
15.20176697,-19.08905843,LA12,2010-03-05,12:40:00 PM,12:40:00,Hot-Wet,2010-03-05 12:40:00
15.19442952,-19.08781128,LA12,2010-03-05,01:00:00 PM,13:00:00,Hot-Wet,2010-03-05 13:00:00
15.19098104,-19.08366699,LA12,2010-03-05,01:20:00 PM,13:20:00,Hot-Wet,2010-03-05 13:20:00
15.18455709,-19.08347982,LA12,2010-03-05,01:40:00 PM,13:40:00,Hot-Wet,2010-03-05 13:40:00
15.17875671,-19.07727865,LA12,2010-03-05,02:00:00 PM,14:00:00,Hot-Wet,2010-03-05 14:00:00
15.17814433,-19.06855672,LA12,2010-03-05,02:20:00 PM,14:20:00,Hot-Wet,2010-03-05 14:20:00
15.17894694,-19.0594991,LA12,2010-03-05,02:40:00 PM,14:40:00,Hot-Wet,2010-03-05 14:40:00
15.18387858,-19.05635579,LA12,2010-03-05,03:00:00 PM,15:00:00,Hot-Wet,2010-03-05 15:00:00
15.18819682,-19.05628866,LA12,2010-03-05,03:20:00 PM,15:20:00,Hot-Wet,2010-03-05 15:20:00
15.19194234,-19.05558065,LA12,2010-03-05,03:40:00 PM,15:40:00,Hot-Wet,2010-03-05 15:40:00
15.19666951,-19.05418498,LA12,2010-03-05,04:00:00 PM,16:00:00,Hot-Wet,2010-03-05 16:00:00
15.20832316,-19.05125936,LA12,2010-03-05,04:20:00 PM,16:20:00,Hot-Wet,2010-03-05 16:20:00
15.22157694,-19.04843547,LA12,2010-03-05,04:40:00 PM,16:40:00,Hot-Wet,2010-03-05 16:40:00
15.23493245,-19.04556478,LA12,2010-03-05,05:00:00 PM,17:00:00,Hot-Wet,2010-03-05 17:00:00
15.24569295,-19.0393453,LA12,2010-03-05,05:20:00 PM,17:20:00,Hot-Wet,2010-03-05 17:20:00
15.25655823,-19.03208211,LA12,2010-03-05,05:40:00 PM,17:40:00,Hot-Wet,2010-03-05 17:40:00
15.25941467,-19.03155314,LA12,2010-03-05,06:00:00 PM,18:00:00,Hot-Wet,2010-03-05 18:00:00
15.26161804,-19.03335775,LA12,2010-03-05,06:20:00 PM,18:20:00,Hot-Wet,2010-03-05 18:20:00
15.26613973,-19.03210856,LA12,2010-03-05,06:40:00 PM,18:40:00,Hot-Wet,2010-03-05 18:40:00
15.27237651,-19.03340861,LA12,2010-03-05,07:00:00 PM,19:00:00,Hot-Wet,2010-03-05 19:00:00
15.2774058,-19.03265991,LA12,2010-03-05,07:20:00 PM,19:20:00,Hot-Wet,2010-03-05 19:20:00
15.28096517,-19.03023682,LA12,2010-03-05,07:40:00 PM,19:40:00,Hot-Wet,2010-03-05 19:40:00
15.28226318,-19.02700602,LA12,2010-03-05,08:00:00 PM,20:00:00,Hot-Wet,2010-03-05 20:00:00
15.28246155,-19.02584229,LA12,2010-03-05,08:20:00 PM,20:20:00,Hot-Wet,2010-03-05 20:20:00
15.28213399,-19.02577311,LA12,2010-03-05,08:40:00 PM,20:40:00,Hot-Wet,2010-03-05 20:40:00
15.28368632,-19.02598877,LA12,2010-03-05,09:00:00 PM,21:00:00,Hot-Wet,2010-03-05 21:00:00
15.28615112,-19.02999268,LA12,2010-03-05,09:20:00 PM,21:20:00,Hot-Wet,2010-03-05 21:20:00
15.29408162,-19.03291016,LA12,2010-03-05,09:40:00 PM,21:40:00,Hot-Wet,2010-03-05 21:40:00
15.29904683,-19.03269246,LA12,2010-03-05,10:00:00 PM,22:00:00,Hot-Wet,2010-03-05 22:00:00
15.30157979,-19.03165894,LA12,2010-03-05,10:20:00 PM,22:20:00,Hot-Wet,2010-03-05 22:20:00
15.30191447,-19.031368,LA12,2010-03-05,10:40:00 PM,22:40:00,Hot-Wet,2010-03-05 22:40:00
15.30078023,-19.02967733,LA12,2010-03-05,11:00:00 PM,23:00:00,Hot-Wet,2010-03-05 23:00:00
15.30384318,-19.02982178,LA12,2010-03-05,11:20:00 PM,23:20:00,Hot-Wet,2010-03-05 23:20:00
15.30549825,-19.03361206,LA12,2010-03-05,11:40:00 PM,23:40:00,Hot-Wet,2010-03-05 23:40:00
15.30483398,-19.03799438,LA12,2010-03-06,12:00:00 AM,00:00:00,Hot-Wet,2010-03-06 00:00:00
15.30255534,-19.04389038,LA12,2010-03-06,12:20:00 AM,00:20:00,Hot-Wet,2010-03-06 00:20:00
15.30512695,-19.04585368,LA12,2010-03-06,12:40:00 AM,00:40:00,Hot-Wet,2010-03-06 00:40:00
15.30556335,-19.04580485,LA12,2010-03-06,01:00:00 AM,01:00:00,Hot-Wet,2010-03-06 01:00:00
15.30568542,-19.0458313,LA12,2010-03-06,01:20:00 AM,01:20:00,Hot-Wet,2010-03-06 01:20:00
15.30568237,-19.04582723,LA12,2010-03-06,01:40:00 AM,01:40:00,Hot-Wet,2010-03-06 01:40:00
15.30690715,-19.04571737,LA12,2010-03-06,02:00:00 AM,02:00:00,Hot-Wet,2010-03-06 02:00:00
15.3068929,-19.04571126,LA12,2010-03-06,02:20:00 AM,02:20:00,Hot-Wet,2010-03-06 02:20:00
15.30689697,-19.0457133,LA12,2010-03-06,02:40:00 AM,02:40:00,Hot-Wet,2010-03-06 02:40:00
15.30690308,-19.04572144,LA12,2010-03-06,03:00:00 AM,03:00:00,Hot-Wet,2010-03-06 03:00:00
15.3069102,-19.04571533,LA12,2010-03-06,03:20:00 AM,03:20:00,Hot-Wet,2010-03-06 03:20:00
15.30689392,-19.04574178,LA12,2010-03-06,03:40:00 AM,03:40:00,Hot-Wet,2010-03-06 03:40:00
15.30686951,-19.04574178,LA12,2010-03-06,04:00:00 AM,04:00:00,Hot-Wet,2010-03-06 04:00:00
15.30688375,-19.04571737,LA12,2010-03-06,04:20:00 AM,04:20:00,Hot-Wet,2010-03-06 04:20:00
15.30763041,-19.0464152,LA12,2010-03-06,04:40:00 AM,04:40:00,Hot-Wet,2010-03-06 04:40:00
15.30815938,-19.04700114,LA12,2010-03-06,05:00:00 AM,05:00:00,Hot-Wet,2010-03-06 05:00:00
15.3079539,-19.04726969,LA12,2010-03-06,05:20:00 AM,05:20:00,Hot-Wet,2010-03-06 05:20:00
15.309552,-19.04865926,LA12,2010-03-06,05:40:00 AM,05:40:00,Hot-Wet,2010-03-06 05:40:00
15.31114197,-19.04998983,LA12,2010-03-06,06:00:00 AM,06:00:00,Hot-Wet,2010-03-06 06:00:00
15.31193949,-19.05062052,LA12,2010-03-06,06:20:00 AM,06:20:00,Hot-Wet,2010-03-06 06:20:00
15.31387634,-19.05295614,LA12,2010-03-06,06:40:00 AM,06:40:00,Hot-Wet,2010-03-06 06:40:00
15.31868184,-19.05632935,LA12,2010-03-06,07:00:00 AM,07:00:00,Hot-Wet,2010-03-06 07:00:00
15.31914978,-19.06164551,LA12,2010-03-06,07:20:00 AM,07:20:00,Hot-Wet,2010-03-06 07:20:00
15.3176534,-19.06384074,LA12,2010-03-06,07:40:00 AM,07:40:00,Hot-Wet,2010-03-06 07:40:00
15.31625977,-19.06838989,LA12,2010-03-06,08:00:00 AM,08:00:00,Hot-Wet,2010-03-06 08:00:00
15.31540731,-19.06912638,LA12,2010-03-06,08:20:00 AM,08:20:00,Hot-Wet,2010-03-06 08:20:00
15.31277364,-19.06933797,LA12,2010-03-06,08:40:00 AM,08:40:00,Hot-Wet,2010-03-06 08:40:00
15.31113688,-19.06861776,LA12,2010-03-06,09:00:00 AM,09:00:00,Hot-Wet,2010-03-06 09:00:00
15.30872803,-19.06813151,LA12,2010-03-06,09:20:00 AM,09:20:00,Hot-Wet,2010-03-06 09:20:00
15.30849508,-19.06791382,LA12,2010-03-06,09:40:00 AM,09:40:00,Hot-Wet,2010-03-06 09:40:00
15.3083842,-19.06784871,LA12,2010-03-06,10:00:00 AM,10:00:00,Hot-Wet,2010-03-06 10:00:00
15.30837809,-19.06786499,LA12,2010-03-06,10:20:00 AM,10:20:00,Hot-Wet,2010-03-06 10:20:00
15.30495911,-19.06887817,LA12,2010-03-06,10:40:00 AM,10:40:00,Hot-Wet,2010-03-06 10:40:00
15.29941711,-19.06995239,LA12,2010-03-06,11:00:00 AM,11:00:00,Hot-Wet,2010-03-06 11:00:00
15.29295247,-19.07147013,LA12,2010-03-06,11:20:00 AM,11:20:00,Hot-Wet,2010-03-06 11:20:00
15.29073792,-19.07120361,LA12,2010-03-06,11:40:00 AM,11:40:00,Hot-Wet,2010-03-06 11:40:00
15.29020081,-19.07167969,LA12,2010-03-06,12:00:00 PM,12:00:00,Hot-Wet,2010-03-06 12:00:00
15.28600159,-19.07243245,LA12,2010-03-06,12:20:00 PM,12:20:00,Hot-Wet,2010-03-06 12:20:00
15.28144633,-19.07149251,LA12,2010-03-06,12:40:00 PM,12:40:00,Hot-Wet,2010-03-06 12:40:00
15.27537231,-19.06999105,LA12,2010-03-06,01:00:00 PM,13:00:00,Hot-Wet,2010-03-06 13:00:00
15.2693339,-19.06649373,LA12,2010-03-06,01:20:00 PM,13:20:00,Hot-Wet,2010-03-06 13:20:00
15.26503805,-19.06209513,LA12,2010-03-06,01:40:00 PM,13:40:00,Hot-Wet,2010-03-06 13:40:00
15.25856425,-19.05480957,LA12,2010-03-06,02:00:00 PM,14:00:00,Hot-Wet,2010-03-06 14:00:00
15.24966838,-19.05489299,LA12,2010-03-06,02:20:00 PM,14:20:00,Hot-Wet,2010-03-06 14:20:00
15.24409383,-19.06177775,LA12,2010-03-06,02:40:00 PM,14:40:00,Hot-Wet,2010-03-06 14:40:00
15.23206991,-19.06624349,LA12,2010-03-06,03:00:00 PM,15:00:00,Hot-Wet,2010-03-06 15:00:00
15.22353007,-19.07524414,LA12,2010-03-06,03:20:00 PM,15:20:00,Hot-Wet,2010-03-06 15:20:00
15.21100464,-19.07914429,LA12,2010-03-06,03:40:00 PM,15:40:00,Hot-Wet,2010-03-06 15:40:00
15.20098165,-19.0861084,LA12,2010-03-06,04:00:00 PM,16:00:00,Hot-Wet,2010-03-06 16:00:00
15.19510396,-19.09425863,LA12,2010-03-06,04:20:00 PM,16:20:00,Hot-Wet,2010-03-06 16:20:00
15.19928589,-19.10126953,LA12,2010-03-06,04:40:00 PM,16:40:00,Hot-Wet,2010-03-06 16:40:00
15.20220744,-19.1063029,LA12,2010-03-06,05:00:00 PM,17:00:00,Hot-Wet,2010-03-06 17:00:00
15.20570272,-19.10932821,LA12,2010-03-06,05:20:00 PM,17:20:00,Hot-Wet,2010-03-06 17:20:00
15.21124064,-19.11061605,LA12,2010-03-06,05:40:00 PM,17:40:00,Hot-Wet,2010-03-06 17:40:00
15.21152445,-19.10946859,LA12,2010-03-06,06:00:00 PM,18:00:00,Hot-Wet,2010-03-06 18:00:00
15.21623637,-19.10491536,LA12,2010-03-06,06:20:00 PM,18:20:00,Hot-Wet,2010-03-06 18:20:00
15.21632284,-19.10485636,LA12,2010-03-06,06:40:00 PM,18:40:00,Hot-Wet,2010-03-06 18:40:00
15.21632487,-19.10519206,LA12,2010-03-06,07:00:00 PM,19:00:00,Hot-Wet,2010-03-06 19:00:00
15.2159373,-19.10546672,LA12,2010-03-06,07:20:00 PM,19:20:00,Hot-Wet,2010-03-06 19:20:00
15.21249695,-19.10526326,LA12,2010-03-06,07:40:00 PM,19:40:00,Hot-Wet,2010-03-06 19:40:00
15.20863342,-19.10575358,LA12,2010-03-06,08:00:00 PM,20:00:00,Hot-Wet,2010-03-06 20:00:00
15.20646261,-19.10727132,LA12,2010-03-06,08:20:00 PM,20:20:00,Hot-Wet,2010-03-06 20:20:00
15.20064799,-19.10872396,LA12,2010-03-06,08:40:00 PM,20:40:00,Hot-Wet,2010-03-06 20:40:00
15.1990509,-19.10183919,LA12,2010-03-06,09:00:00 PM,21:00:00,Hot-Wet,2010-03-06 21:00:00
15.20604858,-19.10263062,LA12,2010-03-06,09:20:00 PM,21:20:00,Hot-Wet,2010-03-06 21:20:00
15.21067403,-19.0970459,LA12,2010-03-06,09:40:00 PM,21:40:00,Hot-Wet,2010-03-06 21:40:00
15.20409851,-19.09267171,LA12,2010-03-06,10:00:00 PM,22:00:00,Hot-Wet,2010-03-06 22:00:00
15.19707845,-19.08780111,LA12,2010-03-06,10:20:00 PM,22:20:00,Hot-Wet,2010-03-06 22:20:00
15.1950236,-19.08006795,LA12,2010-03-06,10:40:00 PM,22:40:00,Hot-Wet,2010-03-06 22:40:00
15.19129435,-19.07515462,LA12,2010-03-06,11:00:00 PM,23:00:00,Hot-Wet,2010-03-06 23:00:00
15.18811442,-19.07218424,LA12,2010-03-06,11:20:00 PM,23:20:00,Hot-Wet,2010-03-06 23:20:00
15.18774923,-19.07092692,LA12,2010-03-06,11:40:00 PM,23:40:00,Hot-Wet,2010-03-06 23:40:00
15.18520101,-19.0707133,LA12,2010-03-07,12:00:00 AM,00:00:00,Hot-Wet,2010-03-07 00:00:00
15.18520406,-19.0701945,LA12,2010-03-07,12:20:00 AM,00:20:00,Hot-Wet,2010-03-07 00:20:00
15.1851003,-19.06964925,LA12,2010-03-07,12:40:00 AM,00:40:00,Hot-Wet,2010-03-07 00:40:00
15.18480326,-19.06848145,LA12,2010-03-07,01:00:00 AM,01:00:00,Hot-Wet,2010-03-07 01:00:00
15.18577067,-19.06652832,LA12,2010-03-07,01:20:00 AM,01:20:00,Hot-Wet,2010-03-07 01:20:00
15.18595683,-19.06619466,LA12,2010-03-07,01:40:00 AM,01:40:00,Hot-Wet,2010-03-07 01:40:00
15.185908,-19.0662679,LA12,2010-03-07,02:00:00 AM,02:00:00,Hot-Wet,2010-03-07 02:00:00
15.18598836,-19.06614176,LA12,2010-03-07,02:20:00 AM,02:20:00,Hot-Wet,2010-03-07 02:20:00
15.18596293,-19.06611938,LA12,2010-03-07,02:40:00 AM,02:40:00,Hot-Wet,2010-03-07 02:40:00
15.18597921,-19.06612142,LA12,2010-03-07,03:00:00 AM,03:00:00,Hot-Wet,2010-03-07 03:00:00
15.18598022,-19.06611735,LA12,2010-03-07,03:20:00 AM,03:20:00,Hot-Wet,2010-03-07 03:20:00
15.18596395,-19.06609701,LA12,2010-03-07,03:40:00 AM,03:40:00,Hot-Wet,2010-03-07 03:40:00
15.18596802,-19.06610718,LA12,2010-03-07,04:00:00 AM,04:00:00,Hot-Wet,2010-03-07 04:00:00
15.18599243,-19.06614787,LA12,2010-03-07,04:20:00 AM,04:20:00,Hot-Wet,2010-03-07 04:20:00
15.18599955,-19.06614583,LA12,2010-03-07,04:40:00 AM,04:40:00,Hot-Wet,2010-03-07 04:40:00
15.18640951,-19.06607259,LA12,2010-03-07,05:00:00 AM,05:00:00,Hot-Wet,2010-03-07 05:00:00
15.18677877,-19.0671814,LA12,2010-03-07,05:20:00 AM,05:20:00,Hot-Wet,2010-03-07 05:20:00
15.18474528,-19.06931966,LA12,2010-03-07,05:40:00 AM,05:40:00,Hot-Wet,2010-03-07 05:40:00
15.18202006,-19.06951294,LA12,2010-03-07,06:00:00 AM,06:00:00,Hot-Wet,2010-03-07 06:00:00
15.17914836,-19.07044678,LA12,2010-03-07,06:20:00 AM,06:20:00,Hot-Wet,2010-03-07 06:20:00
15.17751567,-19.06456095,LA12,2010-03-07,06:40:00 AM,06:40:00,Hot-Wet,2010-03-07 06:40:00
15.18019918,-19.06486816,LA12,2010-03-07,07:00:00 AM,07:00:00,Hot-Wet,2010-03-07 07:00:00
15.18193665,-19.06637573,LA12,2010-03-07,07:20:00 AM,07:20:00,Hot-Wet,2010-03-07 07:20:00
15.18312988,-19.06508586,LA12,2010-03-07,07:40:00 AM,07:40:00,Hot-Wet,2010-03-07 07:40:00
15.18321431,-19.06323649,LA12,2010-03-07,08:00:00 AM,08:00:00,Hot-Wet,2010-03-07 08:00:00
15.18319702,-19.06230672,LA12,2010-03-07,08:20:00 AM,08:20:00,Hot-Wet,2010-03-07 08:20:00
15.18161112,-19.05561727,LA12,2010-03-07,08:40:00 AM,08:40:00,Hot-Wet,2010-03-07 08:40:00
15.17717489,-19.04957072,LA12,2010-03-07,09:00:00 AM,09:00:00,Hot-Wet,2010-03-07 09:00:00
15.17460022,-19.05027466,LA12,2010-03-07,09:20:00 AM,09:20:00,Hot-Wet,2010-03-07 09:20:00
15.17472738,-19.05076497,LA12,2010-03-07,09:40:00 AM,09:40:00,Hot-Wet,2010-03-07 09:40:00
15.17628784,-19.05077108,LA12,2010-03-07,10:00:00 AM,10:00:00,Hot-Wet,2010-03-07 10:00:00
15.1733256,-19.04890951,LA12,2010-03-07,10:20:00 AM,10:20:00,Hot-Wet,2010-03-07 10:20:00
15.17353007,-19.04862061,LA12,2010-03-07,10:40:00 AM,10:40:00,Hot-Wet,2010-03-07 10:40:00
15.17401428,-19.04711507,LA12,2010-03-07,11:00:00 AM,11:00:00,Hot-Wet,2010-03-07 11:00:00
15.17469991,-19.04570516,LA12,2010-03-07,11:20:00 AM,11:20:00,Hot-Wet,2010-03-07 11:20:00
15.17461243,-19.04575602,LA12,2010-03-07,11:40:00 AM,11:40:00,Hot-Wet,2010-03-07 11:40:00
15.17217814,-19.04662476,LA12,2010-03-07,12:00:00 PM,12:00:00,Hot-Wet,2010-03-07 12:00:00
15.17264608,-19.04588623,LA12,2010-03-07,12:20:00 PM,12:20:00,Hot-Wet,2010-03-07 12:20:00
15.17515361,-19.03972168,LA12,2010-03-07,12:40:00 PM,12:40:00,Hot-Wet,2010-03-07 12:40:00
15.17429911,-19.03115845,LA12,2010-03-07,01:00:00 PM,13:00:00,Hot-Wet,2010-03-07 13:00:00
15.17522481,-19.02987061,LA12,2010-03-07,01:20:00 PM,13:20:00,Hot-Wet,2010-03-07 13:20:00
15.17594401,-19.03106283,LA12,2010-03-07,01:40:00 PM,13:40:00,Hot-Wet,2010-03-07 13:40:00
15.17565918,-19.03181559,LA12,2010-03-07,02:00:00 PM,14:00:00,Hot-Wet,2010-03-07 14:00:00
15.17498067,-19.03437093,LA12,2010-03-07,02:20:00 PM,14:20:00,Hot-Wet,2010-03-07 14:20:00
15.17465108,-19.03566081,LA12,2010-03-07,02:40:00 PM,14:40:00,Hot-Wet,2010-03-07 14:40:00
15.17516276,-19.03975423,LA12,2010-03-07,03:00:00 PM,15:00:00,Hot-Wet,2010-03-07 15:00:00
15.17663574,-19.04183553,LA12,2010-03-07,03:20:00 PM,15:20:00,Hot-Wet,2010-03-07 15:20:00
15.18128764,-19.04711914,LA12,2010-03-07,03:40:00 PM,15:40:00,Hot-Wet,2010-03-07 15:40:00
15.18422445,-19.05003662,LA12,2010-03-07,04:00:00 PM,16:00:00,Hot-Wet,2010-03-07 16:00:00
15.18541972,-19.05290324,LA12,2010-03-07,04:20:00 PM,16:20:00,Hot-Wet,2010-03-07 16:20:00
15.18613383,-19.0540568,LA12,2010-03-07,04:40:00 PM,16:40:00,Hot-Wet,2010-03-07 16:40:00
15.18542379,-19.06017863,LA12,2010-03-07,05:00:00 PM,17:00:00,Hot-Wet,2010-03-07 17:00:00
15.17880961,-19.06875814,LA12,2010-03-07,05:20:00 PM,17:20:00,Hot-Wet,2010-03-07 17:20:00
15.18179626,-19.07787069,LA12,2010-03-07,05:40:00 PM,17:40:00,Hot-Wet,2010-03-07 17:40:00
15.18819071,-19.08633219,LA12,2010-03-07,06:00:00 PM,18:00:00,Hot-Wet,2010-03-07 18:00:00
15.19782308,-19.09260864,LA12,2010-03-07,06:20:00 PM,18:20:00,Hot-Wet,2010-03-07 18:20:00
15.20956726,-19.09358114,LA12,2010-03-07,06:40:00 PM,18:40:00,Hot-Wet,2010-03-07 18:40:00
15.2162323,-19.09603882,LA12,2010-03-07,07:00:00 PM,19:00:00,Hot-Wet,2010-03-07 19:00:00
15.2234019,-19.09832764,LA12,2010-03-07,07:20:00 PM,19:20:00,Hot-Wet,2010-03-07 19:20:00
15.23006287,-19.09889933,LA12,2010-03-07,07:40:00 PM,19:40:00,Hot-Wet,2010-03-07 19:40:00
15.23179525,-19.09919637,LA12,2010-03-07,08:00:00 PM,20:00:00,Hot-Wet,2010-03-07 20:00:00
15.23234049,-19.09909261,LA12,2010-03-07,08:20:00 PM,20:20:00,Hot-Wet,2010-03-07 20:20:00
15.23420919,-19.10016886,LA12,2010-03-07,08:40:00 PM,20:40:00,Hot-Wet,2010-03-07 20:40:00
15.23699239,-19.10454508,LA12,2010-03-07,09:00:00 PM,21:00:00,Hot-Wet,2010-03-07 21:00:00
15.24003703,-19.1105245,LA12,2010-03-07,09:20:00 PM,21:20:00,Hot-Wet,2010-03-07 21:20:00
15.24252218,-19.11427002,LA12,2010-03-07,09:40:00 PM,21:40:00,Hot-Wet,2010-03-07 21:40:00
15.24586283,-19.11864827,LA12,2010-03-07,10:00:00 PM,22:00:00,Hot-Wet,2010-03-07 22:00:00
15.24660543,-19.12110596,LA12,2010-03-07,10:20:00 PM,22:20:00,Hot-Wet,2010-03-07 22:20:00
15.25068258,-19.1273173,LA12,2010-03-07,10:40:00 PM,22:40:00,Hot-Wet,2010-03-07 22:40:00
15.25407715,-19.12983398,LA12,2010-03-07,11:00:00 PM,23:00:00,Hot-Wet,2010-03-07 23:00:00
15.2558787,-19.13074748,LA12,2010-03-07,11:20:00 PM,23:20:00,Hot-Wet,2010-03-07 23:20:00
15.25736491,-19.13305664,LA12,2010-03-07,11:40:00 PM,23:40:00,Hot-Wet,2010-03-07 23:40:00
15.2610789,-19.13747355,LA12,2010-03-08,12:00:00 AM,00:00:00,Hot-Wet,2010-03-08 00:00:00
15.2645223,-19.14037272,LA12,2010-03-08,12:20:00 AM,00:20:00,Hot-Wet,2010-03-08 00:20:00
15.26536255,-19.14149984,LA12,2010-03-08,12:40:00 AM,00:40:00,Hot-Wet,2010-03-08 00:40:00
15.27060852,-19.14420573,LA12,2010-03-08,01:00:00 AM,01:00:00,Hot-Wet,2010-03-08 01:00:00
15.27434591,-19.14535929,LA12,2010-03-08,01:20:00 AM,01:20:00,Hot-Wet,2010-03-08 01:20:00
15.27399495,-19.14755249,LA12,2010-03-08,01:40:00 AM,01:40:00,Hot-Wet,2010-03-08 01:40:00
15.27401225,-19.14755859,LA12,2010-03-08,02:00:00 AM,02:00:00,Hot-Wet,2010-03-08 02:00:00
15.2740092,-19.14756673,LA12,2010-03-08,02:20:00 AM,02:20:00,Hot-Wet,2010-03-08 02:20:00
15.2740153,-19.14756673,LA12,2010-03-08,02:40:00 AM,02:40:00,Hot-Wet,2010-03-08 02:40:00
15.27397461,-19.14755452,LA12,2010-03-08,03:00:00 AM,03:00:00,Hot-Wet,2010-03-08 03:00:00
15.27401021,-19.14750366,LA12,2010-03-08,03:20:00 AM,03:20:00,Hot-Wet,2010-03-08 03:20:00
15.27306824,-19.14799194,LA12,2010-03-08,03:40:00 AM,03:40:00,Hot-Wet,2010-03-08 03:40:00
15.27059937,-19.15012614,LA12,2010-03-08,04:00:00 AM,04:00:00,Hot-Wet,2010-03-08 04:00:00
15.27052816,-19.1501709,LA12,2010-03-08,04:20:00 AM,04:20:00,Hot-Wet,2010-03-08 04:20:00
15.27054138,-19.15016886,LA12,2010-03-08,04:40:00 AM,04:40:00,Hot-Wet,2010-03-08 04:40:00
15.27028605,-19.1501119,LA12,2010-03-08,05:00:00 AM,05:00:00,Hot-Wet,2010-03-08 05:00:00
15.26873983,-19.15044556,LA12,2010-03-08,05:20:00 AM,05:20:00,Hot-Wet,2010-03-08 05:20:00
15.26867574,-19.15228271,LA12,2010-03-08,05:40:00 AM,05:40:00,Hot-Wet,2010-03-08 05:40:00
15.26901449,-19.15279541,LA12,2010-03-08,06:00:00 AM,06:00:00,Hot-Wet,2010-03-08 06:00:00
15.26851807,-19.1507019,LA12,2010-03-08,06:20:00 AM,06:20:00,Hot-Wet,2010-03-08 06:20:00
15.26856995,-19.1517985,LA12,2010-03-08,06:40:00 AM,06:40:00,Hot-Wet,2010-03-08 06:40:00
15.27258403,-19.15527751,LA12,2010-03-08,07:00:00 AM,07:00:00,Hot-Wet,2010-03-08 07:00:00
15.27630107,-19.15205078,LA12,2010-03-08,07:20:00 AM,07:20:00,Hot-Wet,2010-03-08 07:20:00
15.27639465,-19.14747518,LA12,2010-03-08,07:40:00 AM,07:40:00,Hot-Wet,2010-03-08 07:40:00
15.2752065,-19.14310913,LA12,2010-03-08,08:00:00 AM,08:00:00,Hot-Wet,2010-03-08 08:00:00
15.27522481,-19.13401489,LA12,2010-03-08,08:20:00 AM,08:20:00,Hot-Wet,2010-03-08 08:20:00
15.27281494,-19.13544515,LA12,2010-03-08,08:40:00 AM,08:40:00,Hot-Wet,2010-03-08 08:40:00
15.27137248,-19.13661499,LA12,2010-03-08,09:00:00 AM,09:00:00,Hot-Wet,2010-03-08 09:00:00
15.26788432,-19.13407796,LA12,2010-03-08,09:20:00 AM,09:20:00,Hot-Wet,2010-03-08 09:20:00
15.26668294,-19.13302816,LA12,2010-03-08,09:40:00 AM,09:40:00,Hot-Wet,2010-03-08 09:40:00
15.26738688,-19.12966105,LA12,2010-03-08,10:00:00 AM,10:00:00,Hot-Wet,2010-03-08 10:00:00
15.26737366,-19.12950643,LA12,2010-03-08,10:20:00 AM,10:20:00,Hot-Wet,2010-03-08 10:20:00
15.26685791,-19.12905273,LA12,2010-03-08,10:40:00 AM,10:40:00,Hot-Wet,2010-03-08 10:40:00
15.26672974,-19.12810872,LA12,2010-03-08,11:00:00 AM,11:00:00,Hot-Wet,2010-03-08 11:00:00
15.26593424,-19.12715454,LA12,2010-03-08,11:20:00 AM,11:20:00,Hot-Wet,2010-03-08 11:20:00
15.26596883,-19.12710775,LA12,2010-03-08,11:40:00 AM,11:40:00,Hot-Wet,2010-03-08 11:40:00
15.26625773,-19.12692871,LA12,2010-03-08,12:00:00 PM,12:00:00,Hot-Wet,2010-03-08 12:00:00
15.26652629,-19.12742106,LA12,2010-03-08,12:20:00 PM,12:20:00,Hot-Wet,2010-03-08 12:20:00
15.26672363,-19.12693278,LA12,2010-03-08,12:40:00 PM,12:40:00,Hot-Wet,2010-03-08 12:40:00
15.26659342,-19.12585246,LA12,2010-03-08,01:00:00 PM,13:00:00,Hot-Wet,2010-03-08 13:00:00
15.26530355,-19.1266154,LA12,2010-03-08,01:20:00 PM,13:20:00,Hot-Wet,2010-03-08 13:20:00
15.2663147,-19.12759603,LA12,2010-03-08,01:40:00 PM,13:40:00,Hot-Wet,2010-03-08 13:40:00
15.26511841,-19.12747192,LA12,2010-03-08,02:00:00 PM,14:00:00,Hot-Wet,2010-03-08 14:00:00
15.2687856,-19.12516276,LA12,2010-03-08,02:20:00 PM,14:20:00,Hot-Wet,2010-03-08 14:20:00
15.26818644,-19.12381999,LA12,2010-03-08,02:40:00 PM,14:40:00,Hot-Wet,2010-03-08 14:40:00
15.26703796,-19.12045695,LA12,2010-03-08,03:00:00 PM,15:00:00,Hot-Wet,2010-03-08 15:00:00
15.26143799,-19.10942993,LA12,2010-03-08,03:20:00 PM,15:20:00,Hot-Wet,2010-03-08 15:20:00
15.25844828,-19.09868164,LA12,2010-03-08,03:40:00 PM,15:40:00,Hot-Wet,2010-03-08 15:40:00
15.25384827,-19.09077962,LA12,2010-03-08,04:00:00 PM,16:00:00,Hot-Wet,2010-03-08 16:00:00
15.25296224,-19.0807373,LA12,2010-03-08,04:20:00 PM,16:20:00,Hot-Wet,2010-03-08 16:20:00
15.24863281,-19.07548625,LA12,2010-03-08,04:40:00 PM,16:40:00,Hot-Wet,2010-03-08 16:40:00
15.24438273,-19.06271973,LA12,2010-03-08,05:00:00 PM,17:00:00,Hot-Wet,2010-03-08 17:00:00
15.2496226,-19.05570679,LA12,2010-03-08,05:20:00 PM,17:20:00,Hot-Wet,2010-03-08 17:20:00
15.24889832,-19.05579834,LA12,2010-03-08,05:40:00 PM,17:40:00,Hot-Wet,2010-03-08 17:40:00
15.24820455,-19.05445557,LA12,2010-03-08,06:00:00 PM,18:00:00,Hot-Wet,2010-03-08 18:00:00
15.24337463,-19.0475118,LA12,2010-03-08,06:20:00 PM,18:20:00,Hot-Wet,2010-03-08 18:20:00
15.24062602,-19.04389648,LA12,2010-03-08,06:40:00 PM,18:40:00,Hot-Wet,2010-03-08 18:40:00
15.24087524,-19.04388835,LA12,2010-03-08,07:00:00 PM,19:00:00,Hot-Wet,2010-03-08 19:00:00
15.24069519,-19.04338582,LA12,2010-03-08,07:20:00 PM,19:20:00,Hot-Wet,2010-03-08 19:20:00
15.24192505,-19.04323527,LA12,2010-03-08,07:40:00 PM,19:40:00,Hot-Wet,2010-03-08 19:40:00
15.24465027,-19.04348551,LA12,2010-03-08,08:00:00 PM,20:00:00,Hot-Wet,2010-03-08 20:00:00
15.24711914,-19.04377848,LA12,2010-03-08,08:20:00 PM,20:20:00,Hot-Wet,2010-03-08 20:20:00
15.25146993,-19.04660238,LA12,2010-03-08,08:40:00 PM,20:40:00,Hot-Wet,2010-03-08 20:40:00
15.25362651,-19.04598999,LA12,2010-03-08,09:00:00 PM,21:00:00,Hot-Wet,2010-03-08 21:00:00
15.25725403,-19.04580485,LA12,2010-03-08,09:20:00 PM,21:20:00,Hot-Wet,2010-03-08 21:20:00
15.25838114,-19.04629313,LA12,2010-03-08,09:40:00 PM,21:40:00,Hot-Wet,2010-03-08 21:40:00
15.2575175,-19.04747111,LA12,2010-03-08,10:00:00 PM,22:00:00,Hot-Wet,2010-03-08 22:00:00
15.25399679,-19.04734294,LA12,2010-03-08,10:20:00 PM,22:20:00,Hot-Wet,2010-03-08 22:20:00
15.25070089,-19.0465332,LA12,2010-03-08,10:40:00 PM,22:40:00,Hot-Wet,2010-03-08 22:40:00
15.25040894,-19.04731852,LA12,2010-03-08,11:00:00 PM,23:00:00,Hot-Wet,2010-03-08 23:00:00
15.24996134,-19.04670817,LA12,2010-03-08,11:20:00 PM,23:20:00,Hot-Wet,2010-03-08 23:20:00
15.2507487,-19.0463033,LA12,2010-03-08,11:40:00 PM,23:40:00,Hot-Wet,2010-03-08 23:40:00
15.25082804,-19.04684245,LA12,2010-03-09,12:00:00 AM,00:00:00,Hot-Wet,2010-03-09 00:00:00
15.25139771,-19.05067342,LA12,2010-03-09,12:20:00 AM,00:20:00,Hot-Wet,2010-03-09 00:20:00
15.251238,-19.05543213,LA12,2010-03-09,12:40:00 AM,00:40:00,Hot-Wet,2010-03-09 00:40:00
15.2556366,-19.05823771,LA12,2010-03-09,01:00:00 AM,01:00:00,Hot-Wet,2010-03-09 01:00:00
15.25423279,-19.05816854,LA12,2010-03-09,01:20:00 AM,01:20:00,Hot-Wet,2010-03-09 01:20:00
15.25404663,-19.05800171,LA12,2010-03-09,01:40:00 AM,01:40:00,Hot-Wet,2010-03-09 01:40:00
15.25319519,-19.05739543,LA12,2010-03-09,02:00:00 AM,02:00:00,Hot-Wet,2010-03-09 02:00:00
15.25314026,-19.05741984,LA12,2010-03-09,02:20:00 AM,02:20:00,Hot-Wet,2010-03-09 02:20:00
15.25241801,-19.05749715,LA12,2010-03-09,02:40:00 AM,02:40:00,Hot-Wet,2010-03-09 02:40:00
15.25126343,-19.05744832,LA12,2010-03-09,03:00:00 AM,03:00:00,Hot-Wet,2010-03-09 03:00:00
15.2512736,-19.05746053,LA12,2010-03-09,03:20:00 AM,03:20:00,Hot-Wet,2010-03-09 03:20:00
15.25129598,-19.05745443,LA12,2010-03-09,03:40:00 AM,03:40:00,Hot-Wet,2010-03-09 03:40:00
15.2520579,-19.05750936,LA12,2010-03-09,04:00:00 AM,04:00:00,Hot-Wet,2010-03-09 04:00:00
15.25203044,-19.05748291,LA12,2010-03-09,04:20:00 AM,04:20:00,Hot-Wet,2010-03-09 04:20:00
15.25171509,-19.05619914,LA12,2010-03-09,04:40:00 AM,04:40:00,Hot-Wet,2010-03-09 04:40:00
15.25077311,-19.05275675,LA12,2010-03-09,05:00:00 AM,05:00:00,Hot-Wet,2010-03-09 05:00:00
15.24821472,-19.04949748,LA12,2010-03-09,05:20:00 AM,05:20:00,Hot-Wet,2010-03-09 05:20:00
15.24720968,-19.0486145,LA12,2010-03-09,05:40:00 AM,05:40:00,Hot-Wet,2010-03-09 05:40:00
15.24720256,-19.04911906,LA12,2010-03-09,06:00:00 AM,06:00:00,Hot-Wet,2010-03-09 06:00:00
15.24603068,-19.05041097,LA12,2010-03-09,06:20:00 AM,06:20:00,Hot-Wet,2010-03-09 06:20:00
15.24571737,-19.04710897,LA12,2010-03-09,06:40:00 AM,06:40:00,Hot-Wet,2010-03-09 06:40:00
15.24626261,-19.044163,LA12,2010-03-09,07:00:00 AM,07:00:00,Hot-Wet,2010-03-09 07:00:00
15.24796855,-19.04215088,LA12,2010-03-09,07:20:00 AM,07:20:00,Hot-Wet,2010-03-09 07:20:00
15.24537557,-19.04358927,LA12,2010-03-09,07:40:00 AM,07:40:00,Hot-Wet,2010-03-09 07:40:00
15.24116821,-19.04387817,LA12,2010-03-09,08:00:00 AM,08:00:00,Hot-Wet,2010-03-09 08:00:00
15.23962199,-19.0443868,LA12,2010-03-09,08:20:00 AM,08:20:00,Hot-Wet,2010-03-09 08:20:00
15.23689677,-19.04393311,LA12,2010-03-09,08:40:00 AM,08:40:00,Hot-Wet,2010-03-09 08:40:00
15.23588664,-19.0428833,LA12,2010-03-09,09:00:00 AM,09:00:00,Hot-Wet,2010-03-09 09:00:00
15.23477783,-19.04204508,LA12,2010-03-09,09:20:00 AM,09:20:00,Hot-Wet,2010-03-09 09:20:00
15.23173625,-19.04074707,LA12,2010-03-09,09:40:00 AM,09:40:00,Hot-Wet,2010-03-09 09:40:00
15.23080546,-19.04048462,LA12,2010-03-09,10:00:00 AM,10:00:00,Hot-Wet,2010-03-09 10:00:00
15.23078715,-19.04048258,LA12,2010-03-09,10:20:00 AM,10:20:00,Hot-Wet,2010-03-09 10:20:00
15.23077291,-19.04047241,LA12,2010-03-09,10:40:00 AM,10:40:00,Hot-Wet,2010-03-09 10:40:00
15.22750142,-19.04030762,LA12,2010-03-09,11:00:00 AM,11:00:00,Hot-Wet,2010-03-09 11:00:00
15.22311503,-19.03720093,LA12,2010-03-09,11:20:00 AM,11:20:00,Hot-Wet,2010-03-09 11:20:00
15.22086487,-19.02894694,LA12,2010-03-09,11:40:00 AM,11:40:00,Hot-Wet,2010-03-09 11:40:00
15.2199646,-19.02560628,LA12,2010-03-09,12:00:00 PM,12:00:00,Hot-Wet,2010-03-09 12:00:00
15.21948954,-19.02639364,LA12,2010-03-09,12:20:00 PM,12:20:00,Hot-Wet,2010-03-09 12:20:00
15.21874186,-19.02631836,LA12,2010-03-09,12:40:00 PM,12:40:00,Hot-Wet,2010-03-09 12:40:00
15.21860046,-19.02563883,LA12,2010-03-09,01:00:00 PM,13:00:00,Hot-Wet,2010-03-09 13:00:00
15.21824443,-19.02536011,LA12,2010-03-09,01:20:00 PM,13:20:00,Hot-Wet,2010-03-09 13:20:00
15.21617635,-19.02414551,LA12,2010-03-09,01:40:00 PM,13:40:00,Hot-Wet,2010-03-09 13:40:00
15.21648153,-19.02360026,LA12,2010-03-09,02:00:00 PM,14:00:00,Hot-Wet,2010-03-09 14:00:00
15.21657817,-19.02338867,LA12,2010-03-09,02:20:00 PM,14:20:00,Hot-Wet,2010-03-09 14:20:00
15.21891988,-19.02283529,LA12,2010-03-09,02:40:00 PM,14:40:00,Hot-Wet,2010-03-09 14:40:00
15.22149658,-19.02473551,LA12,2010-03-09,03:00:00 PM,15:00:00,Hot-Wet,2010-03-09 15:00:00
15.22067159,-19.02474365,LA12,2010-03-09,03:20:00 PM,15:20:00,Hot-Wet,2010-03-09 15:20:00
15.21798299,-19.0227946,LA12,2010-03-09,03:40:00 PM,15:40:00,Hot-Wet,2010-03-09 15:40:00
15.21861267,-19.01607666,LA12,2010-03-09,04:00:00 PM,16:00:00,Hot-Wet,2010-03-09 16:00:00
15.22291361,-19.01091919,LA12,2010-03-09,04:20:00 PM,16:20:00,Hot-Wet,2010-03-09 16:20:00
15.22581482,-19.00725505,LA12,2010-03-09,04:40:00 PM,16:40:00,Hot-Wet,2010-03-09 16:40:00
15.2257609,-19.00789795,LA12,2010-03-09,05:00:00 PM,17:00:00,Hot-Wet,2010-03-09 17:00:00
15.22540894,-19.00790812,LA12,2010-03-09,05:20:00 PM,17:20:00,Hot-Wet,2010-03-09 17:20:00
15.22521464,-19.00728963,LA12,2010-03-09,05:40:00 PM,17:40:00,Hot-Wet,2010-03-09 17:40:00
15.22439168,-19.00705363,LA12,2010-03-09,06:00:00 PM,18:00:00,Hot-Wet,2010-03-09 18:00:00
15.22474264,-19.00701497,LA12,2010-03-09,06:20:00 PM,18:20:00,Hot-Wet,2010-03-09 18:20:00
15.22647807,-19.00686849,LA12,2010-03-09,06:40:00 PM,18:40:00,Hot-Wet,2010-03-09 18:40:00
15.22653097,-19.00677694,LA12,2010-03-09,07:00:00 PM,19:00:00,Hot-Wet,2010-03-09 19:00:00
15.21677348,-19.00750732,LA12,2010-03-09,07:20:00 PM,19:20:00,Hot-Wet,2010-03-09 19:20:00
15.21823629,-19.00955811,LA12,2010-03-09,07:40:00 PM,19:40:00,Hot-Wet,2010-03-09 19:40:00
15.21922302,-19.00931803,LA12,2010-03-09,08:00:00 PM,20:00:00,Hot-Wet,2010-03-09 20:00:00
15.21972961,-19.00821126,LA12,2010-03-09,08:20:00 PM,20:20:00,Hot-Wet,2010-03-09 20:20:00
15.22305908,-19.00803426,LA12,2010-03-09,08:40:00 PM,20:40:00,Hot-Wet,2010-03-09 20:40:00
15.22774556,-19.00745036,LA12,2010-03-09,09:00:00 PM,21:00:00,Hot-Wet,2010-03-09 21:00:00
15.22777507,-19.00389201,LA12,2010-03-09,09:20:00 PM,21:20:00,Hot-Wet,2010-03-09 21:20:00
15.22650655,-19.00215658,LA12,2010-03-09,09:40:00 PM,21:40:00,Hot-Wet,2010-03-09 21:40:00
15.22530823,-19.00365194,LA12,2010-03-09,10:00:00 PM,22:00:00,Hot-Wet,2010-03-09 22:00:00
15.22565206,-19.00381673,LA12,2010-03-09,10:20:00 PM,22:20:00,Hot-Wet,2010-03-09 22:20:00
15.22547404,-19.0025411,LA12,2010-03-09,10:40:00 PM,22:40:00,Hot-Wet,2010-03-09 22:40:00
15.22388102,-18.99961344,LA12,2010-03-09,11:00:00 PM,23:00:00,Hot-Wet,2010-03-09 23:00:00
15.22052307,-18.99811605,LA12,2010-03-09,11:20:00 PM,23:20:00,Hot-Wet,2010-03-09 23:20:00
15.2193868,-19.00067139,LA12,2010-03-09,11:40:00 PM,23:40:00,Hot-Wet,2010-03-09 23:40:00
15.21694132,-19.00138753,LA12,2010-03-10,12:00:00 AM,00:00:00,Hot-Wet,2010-03-10 00:00:00
15.21509501,-19.00074463,LA12,2010-03-10,12:20:00 AM,00:20:00,Hot-Wet,2010-03-10 00:20:00
15.21314392,-19.00114136,LA12,2010-03-10,12:40:00 AM,00:40:00,Hot-Wet,2010-03-10 00:40:00
15.21028341,-19.00060832,LA12,2010-03-10,01:00:00 AM,01:00:00,Hot-Wet,2010-03-10 01:00:00
15.20939941,-19.00246379,LA12,2010-03-10,01:20:00 AM,01:20:00,Hot-Wet,2010-03-10 01:20:00
15.20917053,-19.00213623,LA12,2010-03-10,01:40:00 AM,01:40:00,Hot-Wet,2010-03-10 01:40:00
15.20915629,-19.00210368,LA12,2010-03-10,02:00:00 AM,02:00:00,Hot-Wet,2010-03-10 02:00:00
15.20918986,-19.00211589,LA12,2010-03-10,02:20:00 AM,02:20:00,Hot-Wet,2010-03-10 02:20:00
15.20918376,-19.00209757,LA12,2010-03-10,02:40:00 AM,02:40:00,Hot-Wet,2010-03-10 02:40:00
15.209198,-19.00211182,LA12,2010-03-10,03:00:00 AM,03:00:00,Hot-Wet,2010-03-10 03:00:00
15.20916138,-19.00213216,LA12,2010-03-10,03:20:00 AM,03:20:00,Hot-Wet,2010-03-10 03:20:00
15.20917562,-19.00214233,LA12,2010-03-10,03:40:00 AM,03:40:00,Hot-Wet,2010-03-10 03:40:00
15.20917664,-19.0021342,LA12,2010-03-10,04:00:00 AM,04:00:00,Hot-Wet,2010-03-10 04:00:00
15.2085612,-19.00152384,LA12,2010-03-10,04:20:00 AM,04:20:00,Hot-Wet,2010-03-10 04:20:00
15.20166931,-18.997052,LA12,2010-03-10,04:40:00 AM,04:40:00,Hot-Wet,2010-03-10 04:40:00
15.19390157,-18.99221802,LA12,2010-03-10,05:00:00 AM,05:00:00,Hot-Wet,2010-03-10 05:00:00
15.19239604,-18.99081217,LA12,2010-03-10,05:20:00 AM,05:20:00,Hot-Wet,2010-03-10 05:20:00
15.18966166,-18.99048055,LA12,2010-03-10,05:40:00 AM,05:40:00,Hot-Wet,2010-03-10 05:40:00
15.18720703,-18.99524943,LA12,2010-03-10,06:00:00 AM,06:00:00,Hot-Wet,2010-03-10 06:00:00
15.18516337,-18.99535522,LA12,2010-03-10,06:20:00 AM,06:20:00,Hot-Wet,2010-03-10 06:20:00
15.18563029,-19.00021362,LA12,2010-03-10,06:40:00 AM,06:40:00,Hot-Wet,2010-03-10 06:40:00
15.18418681,-19.00312093,LA12,2010-03-10,07:00:00 AM,07:00:00,Hot-Wet,2010-03-10 07:00:00
15.18103638,-19.00449015,LA12,2010-03-10,07:20:00 AM,07:20:00,Hot-Wet,2010-03-10 07:20:00
15.18104655,-19.00449015,LA12,2010-03-10,07:40:00 AM,07:40:00,Hot-Wet,2010-03-10 07:40:00
15.17889709,-19.00678914,LA12,2010-03-10,08:00:00 AM,08:00:00,Hot-Wet,2010-03-10 08:00:00
15.17415365,-19.0061849,LA12,2010-03-10,08:20:00 AM,08:20:00,Hot-Wet,2010-03-10 08:20:00
15.17132467,-19.0023173,LA12,2010-03-10,08:40:00 AM,08:40:00,Hot-Wet,2010-03-10 08:40:00
15.17131958,-19.00309245,LA12,2010-03-10,09:00:00 AM,09:00:00,Hot-Wet,2010-03-10 09:00:00
15.17234395,-19.01045939,LA12,2010-03-10,09:20:00 AM,09:20:00,Hot-Wet,2010-03-10 09:20:00
15.17206014,-19.01176758,LA12,2010-03-10,09:40:00 AM,09:40:00,Hot-Wet,2010-03-10 09:40:00
15.1717275,-19.01041463,LA12,2010-03-10,10:00:00 AM,10:00:00,Hot-Wet,2010-03-10 10:00:00
15.1714091,-19.01008708,LA12,2010-03-10,10:20:00 AM,10:20:00,Hot-Wet,2010-03-10 10:20:00
15.17139689,-19.01008911,LA12,2010-03-10,10:40:00 AM,10:40:00,Hot-Wet,2010-03-10 10:40:00
15.17142029,-19.01005859,LA12,2010-03-10,11:00:00 AM,11:00:00,Hot-Wet,2010-03-10 11:00:00
15.17097371,-19.01033732,LA12,2010-03-10,11:20:00 AM,11:20:00,Hot-Wet,2010-03-10 11:20:00
15.17417704,-19.00674235,LA12,2010-03-10,11:40:00 AM,11:40:00,Hot-Wet,2010-03-10 11:40:00
15.17401428,-19.00635986,LA12,2010-03-10,12:00:00 PM,12:00:00,Hot-Wet,2010-03-10 12:00:00
15.17444153,-19.00656535,LA12,2010-03-10,12:20:00 PM,12:20:00,Hot-Wet,2010-03-10 12:20:00
15.17581177,-19.00714722,LA12,2010-03-10,12:40:00 PM,12:40:00,Hot-Wet,2010-03-10 12:40:00
15.17582194,-19.00715535,LA12,2010-03-10,01:00:00 PM,13:00:00,Hot-Wet,2010-03-10 13:00:00
15.17433573,-19.00716349,LA12,2010-03-10,01:20:00 PM,13:20:00,Hot-Wet,2010-03-10 13:20:00
15.16962687,-19.00726318,LA12,2010-03-10,01:40:00 PM,13:40:00,Hot-Wet,2010-03-10 13:40:00
15.16728109,-19.00693359,LA12,2010-03-10,02:00:00 PM,14:00:00,Hot-Wet,2010-03-10 14:00:00
15.16737467,-19.00592448,LA12,2010-03-10,02:20:00 PM,14:20:00,Hot-Wet,2010-03-10 14:20:00
15.16704814,-19.00408936,LA12,2010-03-10,02:40:00 PM,14:40:00,Hot-Wet,2010-03-10 14:40:00
15.16594238,-19.0041748,LA12,2010-03-10,03:00:00 PM,15:00:00,Hot-Wet,2010-03-10 15:00:00
15.16237793,-19.00467529,LA12,2010-03-10,03:20:00 PM,15:20:00,Hot-Wet,2010-03-10 15:20:00
15.16101583,-19.00586548,LA12,2010-03-10,03:40:00 PM,15:40:00,Hot-Wet,2010-03-10 15:40:00
15.15554708,-19.0083964,LA12,2010-03-10,04:00:00 PM,16:00:00,Hot-Wet,2010-03-10 16:00:00
15.15171712,-19.00989176,LA12,2010-03-10,04:20:00 PM,16:20:00,Hot-Wet,2010-03-10 16:20:00
15.14993591,-19.01080526,LA12,2010-03-10,04:40:00 PM,16:40:00,Hot-Wet,2010-03-10 16:40:00
15.14865417,-19.01088257,LA12,2010-03-10,05:00:00 PM,17:00:00,Hot-Wet,2010-03-10 17:00:00
15.14273885,-19.01036987,LA12,2010-03-10,05:20:00 PM,17:20:00,Hot-Wet,2010-03-10 17:20:00
15.13655396,-19.01160075,LA12,2010-03-10,05:40:00 PM,17:40:00,Hot-Wet,2010-03-10 17:40:00
15.12839966,-19.00923462,LA12,2010-03-10,06:00:00 PM,18:00:00,Hot-Wet,2010-03-10 18:00:00
15.11974894,-19.00328776,LA12,2010-03-10,06:20:00 PM,18:20:00,Hot-Wet,2010-03-10 18:20:00
15.1174408,-18.99822388,LA12,2010-03-10,06:40:00 PM,18:40:00,Hot-Wet,2010-03-10 18:40:00
15.11798503,-18.99715373,LA12,2010-03-10,07:00:00 PM,19:00:00,Hot-Wet,2010-03-10 19:00:00
15.11971436,-18.99666748,LA12,2010-03-10,07:20:00 PM,19:20:00,Hot-Wet,2010-03-10 19:20:00
15.11737061,-18.99349569,LA12,2010-03-10,07:40:00 PM,19:40:00,Hot-Wet,2010-03-10 19:40:00
15.11880493,-18.99514771,LA12,2010-03-10,08:00:00 PM,20:00:00,Hot-Wet,2010-03-10 20:00:00
15.12026672,-18.99498494,LA12,2010-03-10,08:20:00 PM,20:20:00,Hot-Wet,2010-03-10 20:20:00
15.12176921,-18.99571737,LA12,2010-03-10,08:40:00 PM,20:40:00,Hot-Wet,2010-03-10 20:40:00
15.12129313,-18.99634196,LA12,2010-03-10,09:00:00 PM,21:00:00,Hot-Wet,2010-03-10 21:00:00
15.12128906,-18.99632975,LA12,2010-03-10,09:20:00 PM,21:20:00,Hot-Wet,2010-03-10 21:20:00
15.12127889,-18.99640503,LA12,2010-03-10,09:40:00 PM,21:40:00,Hot-Wet,2010-03-10 21:40:00
15.12115072,-18.99753215,LA12,2010-03-10,10:00:00 PM,22:00:00,Hot-Wet,2010-03-10 22:00:00
15.12260234,-18.99786784,LA12,2010-03-10,10:20:00 PM,22:20:00,Hot-Wet,2010-03-10 22:20:00
15.12329102,-18.99810994,LA12,2010-03-10,10:40:00 PM,22:40:00,Hot-Wet,2010-03-10 22:40:00
15.12578227,-18.99861043,LA12,2010-03-10,11:00:00 PM,23:00:00,Hot-Wet,2010-03-10 23:00:00
15.12568156,-19.00179647,LA12,2010-03-10,11:20:00 PM,23:20:00,Hot-Wet,2010-03-10 23:20:00
15.12590434,-19.00295207,LA12,2010-03-10,11:40:00 PM,23:40:00,Hot-Wet,2010-03-10 23:40:00
15.12709554,-19.00346476,LA12,2010-03-11,12:00:00 AM,00:00:00,Hot-Wet,2010-03-11 00:00:00
15.12646993,-19.00667521,LA12,2010-03-11,12:20:00 AM,00:20:00,Hot-Wet,2010-03-11 00:20:00
15.12710266,-19.00759481,LA12,2010-03-11,12:40:00 AM,00:40:00,Hot-Wet,2010-03-11 00:40:00
15.1269043,-19.00824992,LA12,2010-03-11,01:00:00 AM,01:00:00,Hot-Wet,2010-03-11 01:00:00
15.12692057,-19.00826416,LA12,2010-03-11,01:20:00 AM,01:20:00,Hot-Wet,2010-03-11 01:20:00
15.12689514,-19.00826619,LA12,2010-03-11,01:40:00 AM,01:40:00,Hot-Wet,2010-03-11 01:40:00
15.12681783,-19.00835368,LA12,2010-03-11,02:00:00 AM,02:00:00,Hot-Wet,2010-03-11 02:00:00
15.12676697,-19.0083252,LA12,2010-03-11,02:20:00 AM,02:20:00,Hot-Wet,2010-03-11 02:20:00
15.12680054,-19.00833944,LA12,2010-03-11,02:40:00 AM,02:40:00,Hot-Wet,2010-03-11 02:40:00
15.12677714,-19.0083374,LA12,2010-03-11,03:00:00 AM,03:00:00,Hot-Wet,2010-03-11 03:00:00
15.12678833,-19.00835164,LA12,2010-03-11,03:20:00 AM,03:20:00,Hot-Wet,2010-03-11 03:20:00
15.12677511,-19.00835368,LA12,2010-03-11,03:40:00 AM,03:40:00,Hot-Wet,2010-03-11 03:40:00
15.12677917,-19.00834757,LA12,2010-03-11,04:00:00 AM,04:00:00,Hot-Wet,2010-03-11 04:00:00
15.12674154,-19.00853678,LA12,2010-03-11,04:21:00 AM,04:21:00,Hot-Wet,2010-03-11 04:21:00
15.12445882,-19.00963542,LA12,2010-03-11,04:40:00 AM,04:40:00,Hot-Wet,2010-03-11 04:40:00
15.12341309,-19.01046956,LA12,2010-03-11,05:00:00 AM,05:00:00,Hot-Wet,2010-03-11 05:00:00
15.12460327,-19.01438599,LA12,2010-03-11,05:20:00 AM,05:20:00,Hot-Wet,2010-03-11 05:20:00
15.12507833,-19.0172994,LA12,2010-03-11,05:40:00 AM,05:40:00,Hot-Wet,2010-03-11 05:40:00
15.12916158,-19.02069295,LA12,2010-03-11,06:00:00 AM,06:00:00,Hot-Wet,2010-03-11 06:00:00
15.13226318,-19.02418416,LA12,2010-03-11,06:20:00 AM,06:20:00,Hot-Wet,2010-03-11 06:20:00
15.13917847,-19.02977091,LA12,2010-03-11,06:40:00 AM,06:40:00,Hot-Wet,2010-03-11 06:40:00
15.14576925,-19.0291097,LA12,2010-03-11,07:00:00 AM,07:00:00,Hot-Wet,2010-03-11 07:00:00
15.15333761,-19.02813517,LA12,2010-03-11,07:20:00 AM,07:20:00,Hot-Wet,2010-03-11 07:20:00
15.15451457,-19.02826131,LA12,2010-03-11,07:40:00 AM,07:40:00,Hot-Wet,2010-03-11 07:40:00
15.16187134,-19.02907918,LA12,2010-03-11,08:00:00 AM,08:00:00,Hot-Wet,2010-03-11 08:00:00
15.17189128,-19.03024495,LA12,2010-03-11,08:20:00 AM,08:20:00,Hot-Wet,2010-03-11 08:20:00
15.17486572,-19.03672282,LA12,2010-03-11,08:40:00 AM,08:40:00,Hot-Wet,2010-03-11 08:40:00
15.17562968,-19.04402059,LA12,2010-03-11,09:00:00 AM,09:00:00,Hot-Wet,2010-03-11 09:00:00
15.17975159,-19.0494283,LA12,2010-03-11,09:20:00 AM,09:20:00,Hot-Wet,2010-03-11 09:20:00
15.17940776,-19.05862223,LA12,2010-03-11,09:40:00 AM,09:40:00,Hot-Wet,2010-03-11 09:40:00
15.17769979,-19.0662089,LA12,2010-03-11,10:00:00 AM,10:00:00,Hot-Wet,2010-03-11 10:00:00
15.17875875,-19.07730509,LA12,2010-03-11,10:20:00 AM,10:20:00,Hot-Wet,2010-03-11 10:20:00
15.18649801,-19.0848348,LA12,2010-03-11,10:40:00 AM,10:40:00,Hot-Wet,2010-03-11 10:40:00
15.1936971,-19.09163208,LA12,2010-03-11,11:00:00 AM,11:00:00,Hot-Wet,2010-03-11 11:00:00
15.19204102,-19.09705811,LA12,2010-03-11,11:20:00 AM,11:20:00,Hot-Wet,2010-03-11 11:20:00
15.18700155,-19.10054728,LA12,2010-03-11,11:40:00 AM,11:40:00,Hot-Wet,2010-03-11 11:40:00
15.18112183,-19.10181071,LA12,2010-03-11,12:00:00 PM,12:00:00,Hot-Wet,2010-03-11 12:00:00
15.18135681,-19.09274699,LA12,2010-03-11,12:20:00 PM,12:20:00,Hot-Wet,2010-03-11 12:20:00
15.17411601,-19.09692993,LA12,2010-03-11,12:40:00 PM,12:40:00,Hot-Wet,2010-03-11 12:40:00
15.16565043,-19.10589193,LA12,2010-03-11,01:00:00 PM,13:00:00,Hot-Wet,2010-03-11 13:00:00
15.15490011,-19.11056925,LA12,2010-03-11,01:20:00 PM,13:20:00,Hot-Wet,2010-03-11 13:20:00
15.14398905,-19.10959473,LA12,2010-03-11,01:40:00 PM,13:40:00,Hot-Wet,2010-03-11 13:40:00
15.13550822,-19.10668742,LA12,2010-03-11,02:00:00 PM,14:00:00,Hot-Wet,2010-03-11 14:00:00
15.13118896,-19.10933838,LA12,2010-03-11,02:20:00 PM,14:20:00,Hot-Wet,2010-03-11 14:20:00
15.12264709,-19.11290894,LA12,2010-03-11,02:40:00 PM,14:40:00,Hot-Wet,2010-03-11 14:40:00
15.12008158,-19.11996053,LA12,2010-03-11,03:00:00 PM,15:00:00,Hot-Wet,2010-03-11 15:00:00
15.12499593,-19.12492676,LA12,2010-03-11,03:20:00 PM,15:20:00,Hot-Wet,2010-03-11 15:20:00
15.12724202,-19.12961833,LA12,2010-03-11,03:40:00 PM,15:40:00,Hot-Wet,2010-03-11 15:40:00
15.12371318,-19.13319295,LA12,2010-03-11,04:00:00 PM,16:00:00,Hot-Wet,2010-03-11 16:00:00
15.12199097,-19.13460083,LA12,2010-03-11,04:20:00 PM,16:20:00,Hot-Wet,2010-03-11 16:20:00
15.11886597,-19.13738607,LA12,2010-03-11,04:40:00 PM,16:40:00,Hot-Wet,2010-03-11 16:40:00
15.11323547,-19.1447286,LA12,2010-03-11,05:00:00 PM,17:00:00,Hot-Wet,2010-03-11 17:00:00
15.10942688,-19.14966024,LA12,2010-03-11,05:20:00 PM,17:20:00,Hot-Wet,2010-03-11 17:20:00
15.10913493,-19.15528564,LA12,2010-03-11,05:40:00 PM,17:40:00,Hot-Wet,2010-03-11 17:40:00
15.10389506,-19.16049805,LA12,2010-03-11,06:00:00 PM,18:00:00,Hot-Wet,2010-03-11 18:00:00
15.10524394,-19.16763509,LA12,2010-03-11,06:20:00 PM,18:20:00,Hot-Wet,2010-03-11 18:20:00
15.10527344,-19.16829631,LA12,2010-03-11,06:40:00 PM,18:40:00,Hot-Wet,2010-03-11 18:40:00
15.10557454,-19.16684367,LA12,2010-03-11,07:00:00 PM,19:00:00,Hot-Wet,2010-03-11 19:00:00
15.10462443,-19.16670125,LA12,2010-03-11,07:20:00 PM,19:20:00,Hot-Wet,2010-03-11 19:20:00
15.1040446,-19.16669312,LA12,2010-03-11,07:40:00 PM,19:40:00,Hot-Wet,2010-03-11 19:40:00
15.10394491,-19.16659342,LA12,2010-03-11,08:00:00 PM,20:00:00,Hot-Wet,2010-03-11 20:00:00
15.1039683,-19.16660767,LA12,2010-03-11,08:20:00 PM,20:20:00,Hot-Wet,2010-03-11 20:20:00
15.1040802,-19.16629842,LA12,2010-03-11,08:40:00 PM,20:40:00,Hot-Wet,2010-03-11 20:40:00
15.10390625,-19.16485392,LA12,2010-03-11,09:00:00 PM,21:00:00,Hot-Wet,2010-03-11 21:00:00
15.10555115,-19.1645813,LA12,2010-03-11,09:20:00 PM,21:20:00,Hot-Wet,2010-03-11 21:20:00
15.10745951,-19.16447144,LA12,2010-03-11,09:40:00 PM,21:40:00,Hot-Wet,2010-03-11 21:40:00
15.10854492,-19.16547445,LA12,2010-03-11,10:00:00 PM,22:00:00,Hot-Wet,2010-03-11 22:00:00
15.11386108,-19.16870728,LA12,2010-03-11,10:20:00 PM,22:20:00,Hot-Wet,2010-03-11 22:20:00
15.11536865,-19.1708964,LA12,2010-03-11,10:40:00 PM,22:40:00,Hot-Wet,2010-03-11 22:40:00
15.11673381,-19.17484334,LA12,2010-03-11,11:00:00 PM,23:00:00,Hot-Wet,2010-03-11 23:00:00
15.11711731,-19.18111572,LA12,2010-03-11,11:20:00 PM,23:20:00,Hot-Wet,2010-03-11 23:20:00
15.11906433,-19.18191935,LA12,2010-03-11,11:40:00 PM,23:40:00,Hot-Wet,2010-03-11 23:40:00
15.1201121,-19.18226522,LA12,2010-03-12,12:00:00 AM,00:00:00,Hot-Wet,2010-03-12 00:00:00
15.12467448,-19.18404744,LA12,2010-03-12,12:20:00 AM,00:20:00,Hot-Wet,2010-03-12 00:20:00
15.12778422,-19.18498332,LA12,2010-03-12,12:40:00 AM,00:40:00,Hot-Wet,2010-03-12 00:40:00
15.12749837,-19.18478597,LA12,2010-03-12,01:00:00 AM,01:00:00,Hot-Wet,2010-03-12 01:00:00
15.12778625,-19.18401693,LA12,2010-03-12,01:20:00 AM,01:20:00,Hot-Wet,2010-03-12 01:20:00
15.12586161,-19.1834432,LA12,2010-03-12,01:40:00 AM,01:40:00,Hot-Wet,2010-03-12 01:40:00
15.12527466,-19.18246053,LA12,2010-03-12,02:00:00 AM,02:00:00,Hot-Wet,2010-03-12 02:00:00
15.12338765,-19.18371989,LA12,2010-03-12,02:20:00 AM,02:20:00,Hot-Wet,2010-03-12 02:20:00
15.12172343,-19.18485107,LA12,2010-03-12,02:40:00 AM,02:40:00,Hot-Wet,2010-03-12 02:40:00
15.12174784,-19.18483887,LA12,2010-03-12,03:00:00 AM,03:00:00,Hot-Wet,2010-03-12 03:00:00
15.12186483,-19.18476766,LA12,2010-03-12,03:20:00 AM,03:20:00,Hot-Wet,2010-03-12 03:20:00
15.12136943,-19.18423055,LA12,2010-03-12,03:40:00 AM,03:40:00,Hot-Wet,2010-03-12 03:40:00
15.12140299,-19.18399862,LA12,2010-03-12,04:00:00 AM,04:00:00,Hot-Wet,2010-03-12 04:00:00
15.12135722,-19.18399862,LA12,2010-03-12,04:20:00 AM,04:20:00,Hot-Wet,2010-03-12 04:20:00
15.12102254,-19.18355103,LA12,2010-03-12,04:40:00 AM,04:40:00,Hot-Wet,2010-03-12 04:40:00
15.12097778,-19.18412882,LA12,2010-03-12,05:00:00 AM,05:00:00,Hot-Wet,2010-03-12 05:00:00
15.11966858,-19.18393351,LA12,2010-03-12,05:20:00 AM,05:20:00,Hot-Wet,2010-03-12 05:20:00
15.11957499,-19.18402303,LA12,2010-03-12,05:40:00 AM,05:40:00,Hot-Wet,2010-03-12 05:40:00
15.11798299,-19.18508097,LA12,2010-03-12,06:00:00 AM,06:00:00,Hot-Wet,2010-03-12 06:00:00
15.11616109,-19.18572184,LA12,2010-03-12,06:20:00 AM,06:20:00,Hot-Wet,2010-03-12 06:20:00
15.11534831,-19.18765259,LA12,2010-03-12,06:40:00 AM,06:40:00,Hot-Wet,2010-03-12 06:40:00
15.11342265,-19.18940023,LA12,2010-03-12,07:00:00 AM,07:00:00,Hot-Wet,2010-03-12 07:00:00
15.11199239,-19.1892924,LA12,2010-03-12,07:20:00 AM,07:20:00,Hot-Wet,2010-03-12 07:20:00
15.10974121,-19.19049886,LA12,2010-03-12,07:40:00 AM,07:40:00,Hot-Wet,2010-03-12 07:40:00
15.10896708,-19.19076742,LA12,2010-03-12,08:00:00 AM,08:00:00,Hot-Wet,2010-03-12 08:00:00
15.10823466,-19.19016724,LA12,2010-03-12,08:20:00 AM,08:20:00,Hot-Wet,2010-03-12 08:20:00
15.1082723,-19.19019572,LA12,2010-03-12,08:40:00 AM,08:40:00,Hot-Wet,2010-03-12 08:40:00
15.10827535,-19.19018351,LA12,2010-03-12,09:00:00 AM,09:00:00,Hot-Wet,2010-03-12 09:00:00
15.1082723,-19.1901591,LA12,2010-03-12,09:20:00 AM,09:20:00,Hot-Wet,2010-03-12 09:20:00
15.10438029,-19.18937988,LA12,2010-03-12,09:40:00 AM,09:40:00,Hot-Wet,2010-03-12 09:40:00
15.10298055,-19.18891195,LA12,2010-03-12,10:00:00 AM,10:00:00,Hot-Wet,2010-03-12 10:00:00
15.10115967,-19.1846639,LA12,2010-03-12,10:20:00 AM,10:20:00,Hot-Wet,2010-03-12 10:20:00
15.09956156,-19.18374634,LA12,2010-03-12,10:40:00 AM,10:40:00,Hot-Wet,2010-03-12 10:40:00
15.09772237,-19.1829305,LA12,2010-03-12,11:00:00 AM,11:00:00,Hot-Wet,2010-03-12 11:00:00
15.09727885,-19.18131714,LA12,2010-03-12,11:20:00 AM,11:20:00,Hot-Wet,2010-03-12 11:20:00
15.09909465,-19.18012492,LA12,2010-03-12,11:40:00 AM,11:40:00,Hot-Wet,2010-03-12 11:40:00
15.10125834,-19.17874959,LA12,2010-03-12,12:00:00 PM,12:00:00,Hot-Wet,2010-03-12 12:00:00
15.10548197,-19.18002116,LA12,2010-03-12,12:20:00 PM,12:20:00,Hot-Wet,2010-03-12 12:20:00
15.10590413,-19.181014,LA12,2010-03-12,12:40:00 PM,12:40:00,Hot-Wet,2010-03-12 12:40:00
15.10800985,-19.17802327,LA12,2010-03-12,01:00:00 PM,13:00:00,Hot-Wet,2010-03-12 13:00:00
15.1102356,-19.17521973,LA12,2010-03-12,01:20:00 PM,13:20:00,Hot-Wet,2010-03-12 13:20:00
15.1149292,-19.17306315,LA12,2010-03-12,01:40:00 PM,13:40:00,Hot-Wet,2010-03-12 13:40:00
15.11513367,-19.17264201,LA12,2010-03-12,02:00:00 PM,14:00:00,Hot-Wet,2010-03-12 14:00:00
15.1177653,-19.17506104,LA12,2010-03-12,02:20:00 PM,14:20:00,Hot-Wet,2010-03-12 14:20:00
15.12069295,-19.1817627,LA12,2010-03-12,02:40:00 PM,14:40:00,Hot-Wet,2010-03-12 14:40:00
15.12089844,-19.18273519,LA12,2010-03-12,03:00:00 PM,15:00:00,Hot-Wet,2010-03-12 15:00:00
15.12162069,-19.18644206,LA12,2010-03-12,03:20:00 PM,15:20:00,Hot-Wet,2010-03-12 15:20:00
15.12444458,-19.18742879,LA12,2010-03-12,03:40:00 PM,15:40:00,Hot-Wet,2010-03-12 15:40:00
15.12691956,-19.18925781,LA12,2010-03-12,04:00:00 PM,16:00:00,Hot-Wet,2010-03-12 16:00:00
15.12674052,-19.19107056,LA12,2010-03-12,04:20:00 PM,16:20:00,Hot-Wet,2010-03-12 16:20:00
15.12955729,-19.19320882,LA12,2010-03-12,04:40:00 PM,16:40:00,Hot-Wet,2010-03-12 16:40:00
15.1319692,-19.19304606,LA12,2010-03-12,05:00:00 PM,17:00:00,Hot-Wet,2010-03-12 17:00:00
15.13379415,-19.1928182,LA12,2010-03-12,05:20:00 PM,17:20:00,Hot-Wet,2010-03-12 17:20:00
15.13380839,-19.19303792,LA12,2010-03-12,05:40:00 PM,17:40:00,Hot-Wet,2010-03-12 17:40:00
15.13368022,-19.19305623,LA12,2010-03-12,06:00:00 PM,18:00:00,Hot-Wet,2010-03-12 18:00:00
15.13376973,-19.19242554,LA12,2010-03-12,06:20:00 PM,18:20:00,Hot-Wet,2010-03-12 18:20:00
15.1336263,-19.19053752,LA12,2010-03-12,06:40:00 PM,18:40:00,Hot-Wet,2010-03-12 18:40:00
15.13187459,-19.18733114,LA12,2010-03-12,07:00:00 PM,19:00:00,Hot-Wet,2010-03-12 19:00:00
15.1309255,-19.19362386,LA12,2010-03-12,07:20:00 PM,19:20:00,Hot-Wet,2010-03-12 19:20:00
15.12972005,-19.19354248,LA12,2010-03-12,07:40:00 PM,19:40:00,Hot-Wet,2010-03-12 19:40:00
15.12421061,-19.1918396,LA12,2010-03-12,08:00:00 PM,20:00:00,Hot-Wet,2010-03-12 20:00:00
15.12359619,-19.19240723,LA12,2010-03-12,08:20:00 PM,20:20:00,Hot-Wet,2010-03-12 20:20:00
15.12341207,-19.19266561,LA12,2010-03-12,08:40:00 PM,20:40:00,Hot-Wet,2010-03-12 20:40:00
15.12284851,-19.19370117,LA12,2010-03-12,09:00:00 PM,21:00:00,Hot-Wet,2010-03-12 21:00:00
15.12224325,-19.19509481,LA12,2010-03-12,09:20:00 PM,21:20:00,Hot-Wet,2010-03-12 21:20:00
15.12078044,-19.19480794,LA12,2010-03-12,09:40:00 PM,21:40:00,Hot-Wet,2010-03-12 21:40:00
15.12050476,-19.19491577,LA12,2010-03-12,10:00:00 PM,22:00:00,Hot-Wet,2010-03-12 22:00:00
15.11847941,-19.19447225,LA12,2010-03-12,10:20:00 PM,22:20:00,Hot-Wet,2010-03-12 22:20:00
15.11545207,-19.19374593,LA12,2010-03-12,10:40:00 PM,22:40:00,Hot-Wet,2010-03-12 22:40:00
15.11540426,-19.19393107,LA12,2010-03-12,11:00:00 PM,23:00:00,Hot-Wet,2010-03-12 23:00:00
15.1129303,-19.19337565,LA12,2010-03-12,11:20:00 PM,23:20:00,Hot-Wet,2010-03-12 23:20:00
15.11010844,-19.19238892,LA12,2010-03-12,11:40:00 PM,23:40:00,Hot-Wet,2010-03-12 23:40:00
15.10894674,-19.19354248,LA12,2010-03-13,12:00:52 AM,00:00:00,Hot-Wet,2010-03-13 00:00:00
15.10596822,-19.19352214,LA12,2010-03-13,12:20:53 AM,00:20:00,Hot-Wet,2010-03-13 00:20:00
15.10510864,-19.19387614,LA12,2010-03-13,12:40:52 AM,00:40:00,Hot-Wet,2010-03-13 00:40:00
15.10486043,-19.19402059,LA12,2010-03-13,01:00:52 AM,01:00:00,Hot-Wet,2010-03-13 01:00:00
15.10482076,-19.19408976,LA12,2010-03-13,01:20:52 AM,01:20:00,Hot-Wet,2010-03-13 01:20:00
15.10483704,-19.19405111,LA12,2010-03-13,01:40:52 AM,01:40:00,Hot-Wet,2010-03-13 01:40:00
15.10483704,-19.19405111,LA12,2010-03-13,02:00:52 AM,02:00:00,Hot-Wet,2010-03-13 02:00:00
15.10488892,-19.19404907,LA12,2010-03-13,02:21:05 AM,02:21:00,Hot-Wet,2010-03-13 02:21:00
15.10486654,-19.19402466,LA12,2010-03-13,02:40:52 AM,02:40:00,Hot-Wet,2010-03-13 02:40:00
15.1048289,-19.19407145,LA12,2010-03-13,03:00:52 AM,03:00:00,Hot-Wet,2010-03-13 03:00:00
15.104835,-19.19403483,LA12,2010-03-13,03:20:52 AM,03:20:00,Hot-Wet,2010-03-13 03:20:00
15.10483398,-19.19406128,LA12,2010-03-13,03:40:52 AM,03:40:00,Hot-Wet,2010-03-13 03:40:00
15.10497437,-19.1941569,LA12,2010-03-13,04:00:52 AM,04:00:00,Hot-Wet,2010-03-13 04:00:00
15.10494385,-19.19419963,LA12,2010-03-13,04:20:52 AM,04:20:00,Hot-Wet,2010-03-13 04:20:00
15.10540466,-19.19608358,LA12,2010-03-13,04:40:52 AM,04:40:00,Hot-Wet,2010-03-13 04:40:00
15.10626424,-19.19689331,LA12,2010-03-13,05:00:52 AM,05:00:00,Hot-Wet,2010-03-13 05:00:00
15.10696106,-19.19746704,LA12,2010-03-13,05:20:52 AM,05:20:00,Hot-Wet,2010-03-13 05:20:00
15.10708313,-19.19817912,LA12,2010-03-13,05:40:52 AM,05:40:00,Hot-Wet,2010-03-13 05:40:00
15.10750529,-19.19741414,LA12,2010-03-13,06:00:52 AM,06:00:00,Hot-Wet,2010-03-13 06:00:00
15.107842,-19.19689738,LA12,2010-03-13,06:20:52 AM,06:20:00,Hot-Wet,2010-03-13 06:20:00
15.10827026,-19.19025675,LA12,2010-03-13,06:40:52 AM,06:40:00,Hot-Wet,2010-03-13 06:40:00
15.10715942,-19.18836873,LA12,2010-03-13,07:00:52 AM,07:00:00,Hot-Wet,2010-03-13 07:00:00
15.10734253,-19.18676554,LA12,2010-03-13,07:20:52 AM,07:20:00,Hot-Wet,2010-03-13 07:20:00
15.1117808,-19.18733114,LA12,2010-03-13,07:40:52 AM,07:40:00,Hot-Wet,2010-03-13 07:40:00
15.10446574,-19.18550415,LA12,2010-03-13,08:00:52 AM,08:00:00,Hot-Wet,2010-03-13 08:00:00
15.09667257,-19.18541056,LA12,2010-03-13,08:20:52 AM,08:20:00,Hot-Wet,2010-03-13 08:20:00
15.09525757,-19.187736,LA12,2010-03-13,08:40:52 AM,08:40:00,Hot-Wet,2010-03-13 08:40:00
15.09126689,-19.18701782,LA12,2010-03-13,09:00:52 AM,09:00:00,Hot-Wet,2010-03-13 09:00:00
15.09215698,-19.18437093,LA12,2010-03-13,09:20:52 AM,09:20:00,Hot-Wet,2010-03-13 09:20:00
15.09580485,-19.1815328,LA12,2010-03-13,09:40:52 AM,09:40:00,Hot-Wet,2010-03-13 09:40:00
15.10390116,-19.18179118,LA12,2010-03-13,10:00:52 AM,10:00:00,Hot-Wet,2010-03-13 10:00:00
15.10605672,-19.17980347,LA12,2010-03-13,10:20:52 AM,10:20:00,Hot-Wet,2010-03-13 10:20:00
15.10643616,-19.17956746,LA12,2010-03-13,10:40:52 AM,10:40:00,Hot-Wet,2010-03-13 10:40:00
15.10545247,-19.1800354,LA12,2010-03-13,11:00:52 AM,11:00:00,Hot-Wet,2010-03-13 11:00:00
15.10614014,-19.1791158,LA12,2010-03-13,11:20:52 AM,11:20:00,Hot-Wet,2010-03-13 11:20:00
15.11170553,-19.18458049,LA12,2010-03-13,11:40:52 AM,11:40:00,Hot-Wet,2010-03-13 11:40:00
15.11817525,-19.18486532,LA12,2010-03-13,12:00:52 PM,12:00:00,Hot-Wet,2010-03-13 12:00:00
15.12426046,-19.18535563,LA12,2010-03-13,12:20:53 PM,12:20:00,Hot-Wet,2010-03-13 12:20:00
15.13251648,-19.1856486,LA12,2010-03-13,12:40:52 PM,12:40:00,Hot-Wet,2010-03-13 12:40:00
15.13267721,-19.18582967,LA12,2010-03-13,01:00:52 PM,13:00:00,Hot-Wet,2010-03-13 13:00:00
15.13656108,-19.1873291,LA12,2010-03-13,01:20:52 PM,13:20:00,Hot-Wet,2010-03-13 13:20:00
15.13915812,-19.18971761,LA12,2010-03-13,01:40:52 PM,13:40:00,Hot-Wet,2010-03-13 13:40:00
15.13844299,-19.19449056,LA12,2010-03-13,02:00:52 PM,14:00:00,Hot-Wet,2010-03-13 14:00:00
15.13965454,-19.19838664,LA12,2010-03-13,02:20:52 PM,14:20:00,Hot-Wet,2010-03-13 14:20:00
15.13713175,-19.19944865,LA12,2010-03-13,02:40:52 PM,14:40:00,Hot-Wet,2010-03-13 14:40:00
15.13561707,-19.19454346,LA12,2010-03-13,03:00:52 PM,15:00:00,Hot-Wet,2010-03-13 15:00:00
15.13516439,-19.19063924,LA12,2010-03-13,03:20:52 PM,15:20:00,Hot-Wet,2010-03-13 15:20:00
15.13505351,-19.18904826,LA12,2010-03-13,03:40:52 PM,15:40:00,Hot-Wet,2010-03-13 15:40:00
15.13242188,-19.18773397,LA12,2010-03-13,04:00:52 PM,16:00:00,Hot-Wet,2010-03-13 16:00:00
15.1321401,-19.18654785,LA12,2010-03-13,04:20:52 PM,16:20:00,Hot-Wet,2010-03-13 16:20:00
15.13085022,-19.18447062,LA12,2010-03-13,04:40:52 PM,16:40:00,Hot-Wet,2010-03-13 16:40:00
15.12605693,-19.17903239,LA12,2010-03-13,05:00:52 PM,17:00:00,Hot-Wet,2010-03-13 17:00:00
15.11886597,-19.18239136,LA12,2010-03-13,05:20:52 PM,17:20:00,Hot-Wet,2010-03-13 17:20:00
15.10797628,-19.18635457,LA12,2010-03-13,05:40:52 PM,17:40:00,Hot-Wet,2010-03-13 17:40:00
15.10445658,-19.18981527,LA12,2010-03-13,06:00:52 PM,18:00:00,Hot-Wet,2010-03-13 18:00:00
15.10399679,-19.1875529,LA12,2010-03-13,06:20:52 PM,18:20:00,Hot-Wet,2010-03-13 18:20:00
15.10579224,-19.18661296,LA12,2010-03-13,06:40:52 PM,18:40:00,Hot-Wet,2010-03-13 18:40:00
15.10957336,-19.18627523,LA12,2010-03-13,07:00:52 PM,19:00:00,Hot-Wet,2010-03-13 19:00:00
15.11295878,-19.1853658,LA12,2010-03-13,07:20:52 PM,19:20:00,Hot-Wet,2010-03-13 19:20:00
15.11521708,-19.18473918,LA12,2010-03-13,07:40:52 PM,19:40:00,Hot-Wet,2010-03-13 19:40:00
15.11775614,-19.1826884,LA12,2010-03-13,08:00:52 PM,20:00:00,Hot-Wet,2010-03-13 20:00:00
15.11916097,-19.18199666,LA12,2010-03-13,08:20:52 PM,20:20:00,Hot-Wet,2010-03-13 20:20:00
15.12232157,-19.18173218,LA12,2010-03-13,08:40:52 PM,20:40:00,Hot-Wet,2010-03-13 20:40:00
15.12525126,-19.18225911,LA12,2010-03-13,09:00:52 PM,21:00:00,Hot-Wet,2010-03-13 21:00:00
15.13156331,-19.18480632,LA12,2010-03-13,09:20:52 PM,21:20:00,Hot-Wet,2010-03-13 21:20:00
15.1321401,-19.18594971,LA12,2010-03-13,09:40:52 PM,21:40:00,Hot-Wet,2010-03-13 21:40:00
15.13268229,-19.18556315,LA12,2010-03-13,10:00:52 PM,22:00:00,Hot-Wet,2010-03-13 22:00:00
15.13296712,-19.18456421,LA12,2010-03-13,10:20:52 PM,22:20:00,Hot-Wet,2010-03-13 22:20:00
15.13210144,-19.18596395,LA12,2010-03-13,10:40:52 PM,22:40:00,Hot-Wet,2010-03-13 22:40:00
15.13190206,-19.18646037,LA12,2010-03-13,11:00:52 PM,23:00:00,Hot-Wet,2010-03-13 23:00:00
15.13292847,-19.18516439,LA12,2010-03-13,11:20:52 PM,23:20:00,Hot-Wet,2010-03-13 23:20:00
15.13352254,-19.18421631,LA12,2010-03-13,11:40:52 PM,23:40:00,Hot-Wet,2010-03-13 23:40:00
15.13258667,-19.18321533,LA12,2010-03-14,12:00:52 AM,00:00:00,Hot-Wet,2010-03-14 00:00:00
15.1321757,-19.18328044,LA12,2010-03-14,12:20:53 AM,00:20:00,Hot-Wet,2010-03-14 00:20:00
15.13194784,-19.18328857,LA12,2010-03-14,12:40:52 AM,00:40:00,Hot-Wet,2010-03-14 00:40:00
15.13196411,-19.18328247,LA12,2010-03-14,01:00:52 AM,01:00:00,Hot-Wet,2010-03-14 01:00:00
15.13205668,-19.18326619,LA12,2010-03-14,01:20:52 AM,01:20:00,Hot-Wet,2010-03-14 01:20:00
15.13203328,-19.18326416,LA12,2010-03-14,01:40:52 AM,01:40:00,Hot-Wet,2010-03-14 01:40:00
15.1320933,-19.18305868,LA12,2010-03-14,02:00:52 AM,02:00:00,Hot-Wet,2010-03-14 02:00:00
15.13165487,-19.18277588,LA12,2010-03-14,02:20:52 AM,02:20:00,Hot-Wet,2010-03-14 02:20:00
15.13119609,-19.18491414,LA12,2010-03-14,02:40:52 AM,02:40:00,Hot-Wet,2010-03-14 02:40:00
15.13094177,-19.18548787,LA12,2010-03-14,03:00:52 AM,03:00:00,Hot-Wet,2010-03-14 03:00:00
15.13071696,-19.1858724,LA12,2010-03-14,03:20:52 AM,03:20:00,Hot-Wet,2010-03-14 03:20:00
15.13076579,-19.18585612,LA12,2010-03-14,03:40:52 AM,03:40:00,Hot-Wet,2010-03-14 03:40:00
15.13076579,-19.18586019,LA12,2010-03-14,04:00:52 AM,04:00:00,Hot-Wet,2010-03-14 04:00:00
15.1307546,-19.18586019,LA12,2010-03-14,04:20:52 AM,04:20:00,Hot-Wet,2010-03-14 04:20:00
15.13074137,-19.18587443,LA12,2010-03-14,04:40:52 AM,04:40:00,Hot-Wet,2010-03-14 04:40:00
15.13046366,-19.18582153,LA12,2010-03-14,05:00:52 AM,05:00:00,Hot-Wet,2010-03-14 05:00:00
15.12933044,-19.18476969,LA12,2010-03-14,05:20:52 AM,05:20:00,Hot-Wet,2010-03-14 05:20:00
15.12975871,-19.18418172,LA12,2010-03-14,05:40:52 AM,05:40:00,Hot-Wet,2010-03-14 05:40:00
15.12998962,-19.18167114,LA12,2010-03-14,06:00:52 AM,06:00:00,Hot-Wet,2010-03-14 06:00:00
15.1273763,-19.17845052,LA12,2010-03-14,06:20:52 AM,06:20:00,Hot-Wet,2010-03-14 06:20:00
15.12555847,-19.1756958,LA12,2010-03-14,06:40:52 AM,06:40:00,Hot-Wet,2010-03-14 06:40:00
15.12251994,-19.17404989,LA12,2010-03-14,07:00:52 AM,07:00:00,Hot-Wet,2010-03-14 07:00:00
15.11993205,-19.17339071,LA12,2010-03-14,07:20:52 AM,07:20:00,Hot-Wet,2010-03-14 07:20:00
15.11568197,-19.17313639,LA12,2010-03-14,07:40:52 AM,07:40:00,Hot-Wet,2010-03-14 07:40:00
15.11372375,-19.17303263,LA12,2010-03-14,08:00:52 AM,08:00:00,Hot-Wet,2010-03-14 08:00:00
15.11298828,-19.17539673,LA12,2010-03-14,08:20:52 AM,08:20:00,Hot-Wet,2010-03-14 08:20:00
15.11081746,-19.17799072,LA12,2010-03-14,08:40:52 AM,08:40:00,Hot-Wet,2010-03-14 08:40:00
15.10895284,-19.17908732,LA12,2010-03-14,09:00:52 AM,09:00:00,Hot-Wet,2010-03-14 09:00:00
15.10471293,-19.18612264,LA12,2010-03-14,09:20:52 AM,09:20:00,Hot-Wet,2010-03-14 09:20:00
15.10372823,-19.19038493,LA12,2010-03-14,09:40:52 AM,09:40:00,Hot-Wet,2010-03-14 09:40:00
15.10396525,-19.19039307,LA12,2010-03-14,10:00:52 AM,10:00:00,Hot-Wet,2010-03-14 10:00:00
15.10751139,-19.19291382,LA12,2010-03-14,10:20:52 AM,10:20:00,Hot-Wet,2010-03-14 10:20:00
15.10917765,-19.19930013,LA12,2010-03-14,10:40:52 AM,10:40:00,Hot-Wet,2010-03-14 10:40:00
15.11007996,-19.20439046,LA12,2010-03-14,11:00:52 AM,11:00:00,Hot-Wet,2010-03-14 11:00:00
15.11121114,-19.2045634,LA12,2010-03-14,11:20:52 AM,11:20:00,Hot-Wet,2010-03-14 11:20:00
15.11286519,-19.20399984,LA12,2010-03-14,11:40:52 AM,11:40:00,Hot-Wet,2010-03-14 11:40:00
15.1115682,-19.20263468,LA12,2010-03-14,12:00:52 PM,12:00:00,Hot-Wet,2010-03-14 12:00:00
15.11205037,-19.20255127,LA12,2010-03-14,12:20:53 PM,12:20:00,Hot-Wet,2010-03-14 12:20:00
15.11498922,-19.20054321,LA12,2010-03-14,12:40:52 PM,12:40:00,Hot-Wet,2010-03-14 12:40:00
15.11881612,-19.19978434,LA12,2010-03-14,01:00:52 PM,13:00:00,Hot-Wet,2010-03-14 13:00:00
15.12549032,-19.20236003,LA12,2010-03-14,01:20:52 PM,13:20:00,Hot-Wet,2010-03-14 13:20:00
15.13005168,-19.19558919,LA12,2010-03-14,01:40:52 PM,13:40:00,Hot-Wet,2010-03-14 13:40:00
15.13012899,-19.19598185,LA12,2010-03-14,02:00:52 PM,14:00:00,Hot-Wet,2010-03-14 14:00:00
15.13097229,-19.19897664,LA12,2010-03-14,02:20:52 PM,14:20:00,Hot-Wet,2010-03-14 14:20:00
15.1318573,-19.19977214,LA12,2010-03-14,02:40:52 PM,14:40:00,Hot-Wet,2010-03-14 14:40:00
15.13368022,-19.19856974,LA12,2010-03-14,03:00:52 PM,15:00:00,Hot-Wet,2010-03-14 15:00:00
15.13670349,-19.19721476,LA12,2010-03-14,03:20:52 PM,15:20:00,Hot-Wet,2010-03-14 15:20:00
15.13671468,-19.19539998,LA12,2010-03-14,03:40:52 PM,15:40:00,Hot-Wet,2010-03-14 15:40:00
15.14052429,-19.19511922,LA12,2010-03-14,04:00:52 PM,16:00:00,Hot-Wet,2010-03-14 16:00:00
15.13757019,-19.19354858,LA12,2010-03-14,04:20:52 PM,16:20:00,Hot-Wet,2010-03-14 16:20:00
15.13991801,-19.19334106,LA12,2010-03-14,04:40:52 PM,16:40:00,Hot-Wet,2010-03-14 16:40:00
15.13819173,-19.19071452,LA12,2010-03-14,05:00:52 PM,17:00:00,Hot-Wet,2010-03-14 17:00:00
15.13228455,-19.18765055,LA12,2010-03-14,05:20:52 PM,17:20:00,Hot-Wet,2010-03-14 17:20:00
15.13207906,-19.18658854,LA12,2010-03-14,05:40:52 PM,17:40:00,Hot-Wet,2010-03-14 17:40:00
15.13180033,-19.18673706,LA12,2010-03-14,06:00:52 PM,18:00:00,Hot-Wet,2010-03-14 18:00:00
15.13144531,-19.18700968,LA12,2010-03-14,06:20:52 PM,18:20:00,Hot-Wet,2010-03-14 18:20:00
15.1311676,-19.18711141,LA12,2010-03-14,06:40:52 PM,18:40:00,Hot-Wet,2010-03-14 18:40:00
15.1315094,-19.18630575,LA12,2010-03-14,07:00:52 PM,19:00:00,Hot-Wet,2010-03-14 19:00:00
15.13105469,-19.18653971,LA12,2010-03-14,07:20:52 PM,19:20:00,Hot-Wet,2010-03-14 19:20:00
15.13077189,-19.18651326,LA12,2010-03-14,07:40:52 PM,19:40:00,Hot-Wet,2010-03-14 19:40:00
15.13054403,-19.18611247,LA12,2010-03-14,08:00:52 PM,20:00:00,Hot-Wet,2010-03-14 20:00:00
15.13150024,-19.18592529,LA12,2010-03-14,08:20:52 PM,20:20:00,Hot-Wet,2010-03-14 20:20:00
15.13063761,-19.18596395,LA12,2010-03-14,08:40:52 PM,20:40:00,Hot-Wet,2010-03-14 20:40:00
15.13067424,-19.18575439,LA12,2010-03-14,09:00:52 PM,21:00:00,Hot-Wet,2010-03-14 21:00:00
15.12963053,-19.18653158,LA12,2010-03-14,09:20:52 PM,21:20:00,Hot-Wet,2010-03-14 21:20:00
15.13005371,-19.18740234,LA12,2010-03-14,09:40:52 PM,21:40:00,Hot-Wet,2010-03-14 21:40:00
15.1303833,-19.1884257,LA12,2010-03-14,10:00:52 PM,22:00:00,Hot-Wet,2010-03-14 22:00:00
15.13211772,-19.18787435,LA12,2010-03-14,10:20:52 PM,22:20:00,Hot-Wet,2010-03-14 22:20:00
15.13065287,-19.18707682,LA12,2010-03-14,10:41:02 PM,22:41:00,Hot-Wet,2010-03-14 22:41:00
15.12596741,-19.18897705,LA12,2010-03-14,11:00:52 PM,23:00:00,Hot-Wet,2010-03-14 23:00:00
15.12143046,-19.19188029,LA12,2010-03-14,11:20:52 PM,23:20:00,Hot-Wet,2010-03-14 23:20:00
15.12047831,-19.19492798,LA12,2010-03-14,11:40:52 PM,23:40:00,Hot-Wet,2010-03-14 23:40:00
15.11866455,-19.1953186,LA12,2010-03-15,12:00:52 AM,00:00:00,Hot-Wet,2010-03-15 00:00:00
15.11738586,-19.19610596,LA12,2010-03-15,12:20:53 AM,00:20:00,Hot-Wet,2010-03-15 00:20:00
15.11594747,-19.19744263,LA12,2010-03-15,12:40:52 AM,00:40:00,Hot-Wet,2010-03-15 00:40:00
15.11176554,-19.20027466,LA12,2010-03-15,01:00:52 AM,01:00:00,Hot-Wet,2010-03-15 01:00:00
15.10979309,-19.20413818,LA12,2010-03-15,01:20:52 AM,01:20:00,Hot-Wet,2010-03-15 01:20:00
15.10980123,-19.2042277,LA12,2010-03-15,01:40:52 AM,01:40:00,Hot-Wet,2010-03-15 01:40:00
15.1089386,-19.20299886,LA12,2010-03-15,02:00:52 AM,02:00:00,Hot-Wet,2010-03-15 02:00:00
15.10889384,-19.20292969,LA12,2010-03-15,02:20:52 AM,02:20:00,Hot-Wet,2010-03-15 02:20:00
15.1083842,-19.20002848,LA12,2010-03-15,02:40:52 AM,02:40:00,Hot-Wet,2010-03-15 02:40:00
15.10843811,-19.20004069,LA12,2010-03-15,03:00:52 AM,03:00:00,Hot-Wet,2010-03-15 03:00:00
15.10839844,-19.20003866,LA12,2010-03-15,03:20:52 AM,03:20:00,Hot-Wet,2010-03-15 03:20:00
15.10843608,-19.20003866,LA12,2010-03-15,03:40:52 AM,03:40:00,Hot-Wet,2010-03-15 03:40:00
15.10838318,-19.200059,LA12,2010-03-15,04:01:24 AM,04:01:00,Hot-Wet,2010-03-15 04:01:00
15.10835571,-19.20003662,LA12,2010-03-15,04:20:53 AM,04:20:00,Hot-Wet,2010-03-15 04:20:00
15.10844727,-19.20031331,LA12,2010-03-15,04:40:52 AM,04:40:00,Hot-Wet,2010-03-15 04:40:00
15.10766398,-19.20102946,LA12,2010-03-15,05:00:52 AM,05:00:00,Hot-Wet,2010-03-15 05:00:00
15.10796407,-19.20368652,LA12,2010-03-15,05:20:52 AM,05:20:00,Hot-Wet,2010-03-15 05:20:00
15.11015116,-19.20445557,LA12,2010-03-15,05:40:52 AM,05:40:00,Hot-Wet,2010-03-15 05:40:00
15.11051331,-19.20344849,LA12,2010-03-15,06:00:52 AM,06:00:00,Hot-Wet,2010-03-15 06:00:00
15.10917765,-19.19998169,LA12,2010-03-15,06:20:52 AM,06:20:00,Hot-Wet,2010-03-15 06:20:00
15.10891724,-19.19873047,LA12,2010-03-15,06:40:52 AM,06:40:00,Hot-Wet,2010-03-15 06:40:00
15.10858053,-19.19829712,LA12,2010-03-15,07:00:52 AM,07:00:00,Hot-Wet,2010-03-15 07:00:00
15.11041158,-19.19681193,LA12,2010-03-15,07:20:52 AM,07:20:00,Hot-Wet,2010-03-15 07:20:00
15.11287231,-19.19172363,LA12,2010-03-15,07:40:52 AM,07:40:00,Hot-Wet,2010-03-15 07:40:00
15.11631165,-19.18953451,LA12,2010-03-15,08:00:52 AM,08:00:00,Hot-Wet,2010-03-15 08:00:00
15.118514,-19.18649089,LA12,2010-03-15,08:20:52 AM,08:20:00,Hot-Wet,2010-03-15 08:20:00
15.12054545,-19.18476359,LA12,2010-03-15,08:40:52 AM,08:40:00,Hot-Wet,2010-03-15 08:40:00
15.12212728,-19.18248698,LA12,2010-03-15,09:00:52 AM,09:00:00,Hot-Wet,2010-03-15 09:00:00
15.12206217,-19.18038534,LA12,2010-03-15,09:20:52 AM,09:20:00,Hot-Wet,2010-03-15 09:20:00
15.12465719,-19.17827352,LA12,2010-03-15,09:40:52 AM,09:40:00,Hot-Wet,2010-03-15 09:40:00
15.12996318,-19.17993164,LA12,2010-03-15,10:00:52 AM,10:00:00,Hot-Wet,2010-03-15 10:00:00
15.13725688,-19.18387655,LA12,2010-03-15,10:20:52 AM,10:20:00,Hot-Wet,2010-03-15 10:20:00
15.13911947,-19.19147339,LA12,2010-03-15,10:40:52 AM,10:40:00,Hot-Wet,2010-03-15 10:40:00
15.13165283,-19.1951355,LA12,2010-03-15,11:00:52 AM,11:00:00,Hot-Wet,2010-03-15 11:00:00
15.13016561,-19.19611613,LA12,2010-03-15,11:20:52 AM,11:20:00,Hot-Wet,2010-03-15 11:20:00
15.12914225,-19.19483439,LA12,2010-03-15,11:40:52 AM,11:40:00,Hot-Wet,2010-03-15 11:40:00
15.13052368,-19.19646606,LA12,2010-03-15,12:00:52 PM,12:00:00,Hot-Wet,2010-03-15 12:00:00
15.13254801,-19.19752197,LA12,2010-03-15,12:20:52 PM,12:20:00,Hot-Wet,2010-03-15 12:20:00
15.13379008,-19.19852091,LA12,2010-03-15,12:40:52 PM,12:40:00,Hot-Wet,2010-03-15 12:40:00
15.13785095,-19.20020955,LA12,2010-03-15,01:00:52 PM,13:00:00,Hot-Wet,2010-03-15 13:00:00
15.14025065,-19.20427246,LA12,2010-03-15,01:20:52 PM,13:20:00,Hot-Wet,2010-03-15 13:20:00
15.14048462,-19.20818481,LA12,2010-03-15,01:40:52 PM,13:40:00,Hot-Wet,2010-03-15 13:40:00
15.13899333,-19.20767008,LA12,2010-03-15,02:00:52 PM,14:00:00,Hot-Wet,2010-03-15 14:00:00
15.14382019,-19.20727132,LA12,2010-03-15,02:20:52 PM,14:20:00,Hot-Wet,2010-03-15 14:20:00
15.14266256,-19.20737101,LA12,2010-03-15,02:40:52 PM,14:40:00,Hot-Wet,2010-03-15 14:40:00
15.14106242,-19.20700277,LA12,2010-03-15,03:00:52 PM,15:00:00,Hot-Wet,2010-03-15 15:00:00
15.13788859,-19.20844523,LA12,2010-03-15,03:20:52 PM,15:20:00,Hot-Wet,2010-03-15 15:20:00
15.13406982,-19.21055908,LA12,2010-03-15,03:40:52 PM,15:40:00,Hot-Wet,2010-03-15 15:40:00
15.13418579,-19.2094401,LA12,2010-03-15,04:01:02 PM,16:01:00,Hot-Wet,2010-03-15 16:01:00
15.13173828,-19.21028035,LA12,2010-03-15,04:20:52 PM,16:20:00,Hot-Wet,2010-03-15 16:20:00
15.13228455,-19.21044108,LA12,2010-03-15,04:40:52 PM,16:40:00,Hot-Wet,2010-03-15 16:40:00
15.13517558,-19.20916138,LA12,2010-03-15,05:00:52 PM,17:00:00,Hot-Wet,2010-03-15 17:00:00
15.13509928,-19.20728353,LA12,2010-03-15,05:20:52 PM,17:20:00,Hot-Wet,2010-03-15 17:20:00
15.13681641,-19.20650635,LA12,2010-03-15,05:40:52 PM,17:40:00,Hot-Wet,2010-03-15 17:40:00
15.13965251,-19.20667928,LA12,2010-03-15,06:00:52 PM,18:00:00,Hot-Wet,2010-03-15 18:00:00
15.14476725,-19.20633545,LA12,2010-03-15,06:20:52 PM,18:20:00,Hot-Wet,2010-03-15 18:20:00
15.1469635,-19.2057373,LA12,2010-03-15,06:40:52 PM,18:40:00,Hot-Wet,2010-03-15 18:40:00
15.15234884,-19.20434774,LA12,2010-03-15,07:00:52 PM,19:00:00,Hot-Wet,2010-03-15 19:00:00
15.15204773,-19.20512085,LA12,2010-03-15,07:20:52 PM,19:20:00,Hot-Wet,2010-03-15 19:20:00
15.15183411,-19.20512695,LA12,2010-03-15,07:40:52 PM,19:40:00,Hot-Wet,2010-03-15 19:40:00
15.15380351,-19.20466512,LA12,2010-03-15,08:00:52 PM,20:00:00,Hot-Wet,2010-03-15 20:00:00
15.15241801,-19.20391032,LA12,2010-03-15,08:20:52 PM,20:20:00,Hot-Wet,2010-03-15 20:20:00
15.15163574,-19.20019124,LA12,2010-03-15,08:40:52 PM,20:40:00,Hot-Wet,2010-03-15 20:40:00
15.15093892,-19.19753011,LA12,2010-03-15,09:00:52 PM,21:00:00,Hot-Wet,2010-03-15 21:00:00
15.15048319,-19.19630941,LA12,2010-03-15,09:20:52 PM,21:20:00,Hot-Wet,2010-03-15 21:20:00
15.15010478,-19.19653524,LA12,2010-03-15,09:40:52 PM,21:40:00,Hot-Wet,2010-03-15 21:40:00
15.1521342,-19.19514771,LA12,2010-03-15,10:00:52 PM,22:00:00,Hot-Wet,2010-03-15 22:00:00
15.15258993,-19.19510498,LA12,2010-03-15,10:20:52 PM,22:20:00,Hot-Wet,2010-03-15 22:20:00
15.15223897,-19.19541423,LA12,2010-03-15,10:40:52 PM,22:40:00,Hot-Wet,2010-03-15 22:40:00
15.15225627,-19.19540812,LA12,2010-03-15,11:00:52 PM,23:00:00,Hot-Wet,2010-03-15 23:00:00
15.1527476,-19.19301147,LA12,2010-03-15,11:20:52 PM,23:20:00,Hot-Wet,2010-03-15 23:20:00
15.15242716,-19.19182739,LA12,2010-03-15,11:40:52 PM,23:40:00,Hot-Wet,2010-03-15 23:40:00
15.15117391,-19.19180501,LA12,2010-03-16,12:00:52 AM,00:00:00,Hot-Wet,2010-03-16 00:00:00
15.14924215,-19.19435425,LA12,2010-03-16,12:20:53 AM,00:20:00,Hot-Wet,2010-03-16 00:20:00
15.14854736,-19.19574178,LA12,2010-03-16,12:40:52 AM,00:40:00,Hot-Wet,2010-03-16 00:40:00
15.14812419,-19.19668172,LA12,2010-03-16,01:00:52 AM,01:00:00,Hot-Wet,2010-03-16 01:00:00
15.14854329,-19.19638468,LA12,2010-03-16,01:20:52 AM,01:20:00,Hot-Wet,2010-03-16 01:20:00
15.14896851,-19.19759928,LA12,2010-03-16,01:40:52 AM,01:40:00,Hot-Wet,2010-03-16 01:40:00
15.14820353,-19.19702148,LA12,2010-03-16,02:00:52 AM,02:00:00,Hot-Wet,2010-03-16 02:00:00
15.14821065,-19.19703573,LA12,2010-03-16,02:20:52 AM,02:20:00,Hot-Wet,2010-03-16 02:20:00
15.14822286,-19.19713745,LA12,2010-03-16,02:40:52 AM,02:40:00,Hot-Wet,2010-03-16 02:40:00
15.14785665,-19.19730428,LA12,2010-03-16,03:00:52 AM,03:00:00,Hot-Wet,2010-03-16 03:00:00
15.14607035,-19.19857178,LA12,2010-03-16,03:20:52 AM,03:20:00,Hot-Wet,2010-03-16 03:20:00
15.14546407,-19.20036418,LA12,2010-03-16,03:40:52 AM,03:40:00,Hot-Wet,2010-03-16 03:40:00
15.14578247,-19.20106405,LA12,2010-03-16,04:00:52 AM,04:00:00,Hot-Wet,2010-03-16 04:00:00
15.14580485,-19.20112508,LA12,2010-03-16,04:20:52 AM,04:20:00,Hot-Wet,2010-03-16 04:20:00
15.14676615,-19.20111694,LA12,2010-03-16,04:40:52 AM,04:40:00,Hot-Wet,2010-03-16 04:40:00
15.14504598,-19.19978434,LA12,2010-03-16,05:00:52 AM,05:00:00,Hot-Wet,2010-03-16 05:00:00
15.14128113,-19.19887695,LA12,2010-03-16,05:20:52 AM,05:20:00,Hot-Wet,2010-03-16 05:20:00
15.14187622,-19.19916585,LA12,2010-03-16,05:40:52 AM,05:40:00,Hot-Wet,2010-03-16 05:40:00
15.14235128,-19.19939168,LA12,2010-03-16,06:00:52 AM,06:00:00,Hot-Wet,2010-03-16 06:00:00
15.14096476,-19.19729614,LA12,2010-03-16,06:20:52 AM,06:20:00,Hot-Wet,2010-03-16 06:20:00
15.14045817,-19.1986674,LA12,2010-03-16,06:40:52 AM,06:40:00,Hot-Wet,2010-03-16 06:40:00
15.13715719,-19.19699097,LA12,2010-03-16,07:00:52 AM,07:00:00,Hot-Wet,2010-03-16 07:00:00
15.13441976,-19.19362183,LA12,2010-03-16,07:20:52 AM,07:20:00,Hot-Wet,2010-03-16 07:20:00
15.13499451,-19.19200439,LA12,2010-03-16,07:40:52 AM,07:40:00,Hot-Wet,2010-03-16 07:40:00
15.13430481,-19.1910258,LA12,2010-03-16,08:00:52 AM,08:00:00,Hot-Wet,2010-03-16 08:00:00
15.13604126,-19.19148153,LA12,2010-03-16,08:20:52 AM,08:20:00,Hot-Wet,2010-03-16 08:20:00
15.13251139,-19.19409993,LA12,2010-03-16,08:40:52 AM,08:40:00,Hot-Wet,2010-03-16 08:40:00
15.13070374,-19.19446004,LA12,2010-03-16,09:00:52 AM,09:00:00,Hot-Wet,2010-03-16 09:00:00
15.13017171,-19.19696859,LA12,2010-03-16,09:20:52 AM,09:20:00,Hot-Wet,2010-03-16 09:20:00
15.1306956,-19.19963989,LA12,2010-03-16,09:40:52 AM,09:40:00,Hot-Wet,2010-03-16 09:40:00
15.13040263,-19.19960124,LA12,2010-03-16,10:00:52 AM,10:00:00,Hot-Wet,2010-03-16 10:00:00
15.13039754,-19.1995931,LA12,2010-03-16,10:20:52 AM,10:20:00,Hot-Wet,2010-03-16 10:20:00
15.13041382,-19.199587,LA12,2010-03-16,10:40:52 AM,10:40:00,Hot-Wet,2010-03-16 10:40:00
15.13057251,-19.20001221,LA12,2010-03-16,11:00:52 AM,11:00:00,Hot-Wet,2010-03-16 11:00:00
15.13285929,-19.20288493,LA12,2010-03-16,11:20:52 AM,11:20:00,Hot-Wet,2010-03-16 11:20:00
15.13979797,-19.20805257,LA12,2010-03-16,11:40:52 AM,11:40:00,Hot-Wet,2010-03-16 11:40:00
15.15073039,-19.20618286,LA12,2010-03-16,12:00:52 PM,12:00:00,Hot-Wet,2010-03-16 12:00:00
15.15323385,-19.20551554,LA12,2010-03-16,12:20:52 PM,12:20:00,Hot-Wet,2010-03-16 12:20:00
15.15369771,-19.20482992,LA12,2010-03-16,12:40:52 PM,12:40:00,Hot-Wet,2010-03-16 12:40:00
15.15214945,-19.20386353,LA12,2010-03-16,01:00:52 PM,13:00:00,Hot-Wet,2010-03-16 13:00:00
15.15051066,-19.20603434,LA12,2010-03-16,01:20:52 PM,13:20:00,Hot-Wet,2010-03-16 13:20:00
15.14678955,-19.20671183,LA12,2010-03-16,01:40:52 PM,13:40:00,Hot-Wet,2010-03-16 13:40:00
15.14364014,-19.2071228,LA12,2010-03-16,02:00:52 PM,14:00:00,Hot-Wet,2010-03-16 14:00:00
15.13871053,-19.20797119,LA12,2010-03-16,02:20:52 PM,14:20:00,Hot-Wet,2010-03-16 14:20:00
15.13492025,-19.2087321,LA12,2010-03-16,02:40:52 PM,14:40:00,Hot-Wet,2010-03-16 14:40:00
15.13217672,-19.20928548,LA12,2010-03-16,03:00:52 PM,15:00:00,Hot-Wet,2010-03-16 15:00:00
15.13102824,-19.20964152,LA12,2010-03-16,03:20:53 PM,15:20:00,Hot-Wet,2010-03-16 15:20:00
15.12741903,-19.20610962,LA12,2010-03-16,03:40:52 PM,15:40:00,Hot-Wet,2010-03-16 15:40:00
15.12613729,-19.20581868,LA12,2010-03-16,04:00:52 PM,16:00:00,Hot-Wet,2010-03-16 16:00:00
15.12288106,-19.20242106,LA12,2010-03-16,04:20:52 PM,16:20:00,Hot-Wet,2010-03-16 16:20:00
15.12071533,-19.20181681,LA12,2010-03-16,04:40:52 PM,16:40:00,Hot-Wet,2010-03-16 16:40:00
15.11848246,-19.20152995,LA12,2010-03-16,05:00:52 PM,17:00:00,Hot-Wet,2010-03-16 17:00:00
15.11605326,-19.20378011,LA12,2010-03-16,05:20:52 PM,17:20:00,Hot-Wet,2010-03-16 17:20:00
15.11254883,-19.20369263,LA12,2010-03-16,05:40:52 PM,17:40:00,Hot-Wet,2010-03-16 17:40:00
15.10609843,-19.20335083,LA12,2010-03-16,06:00:52 PM,18:00:00,Hot-Wet,2010-03-16 18:00:00
15.1025238,-19.20201213,LA12,2010-03-16,06:20:52 PM,18:20:00,Hot-Wet,2010-03-16 18:20:00
15.10001017,-19.19873454,LA12,2010-03-16,06:40:52 PM,18:40:00,Hot-Wet,2010-03-16 18:40:00
15.09791565,-19.19788411,LA12,2010-03-16,07:00:53 PM,19:00:00,Hot-Wet,2010-03-16 19:00:00
15.0963206,-19.19599202,LA12,2010-03-16,07:20:52 PM,19:20:00,Hot-Wet,2010-03-16 19:20:00
15.09590658,-19.19588013,LA12,2010-03-16,07:40:52 PM,19:40:00,Hot-Wet,2010-03-16 19:40:00
15.09566345,-19.19683838,LA12,2010-03-16,08:00:52 PM,20:00:00,Hot-Wet,2010-03-16 20:00:00
15.09572754,-19.196757,LA12,2010-03-16,08:20:52 PM,20:20:00,Hot-Wet,2010-03-16 20:20:00
15.09494832,-19.19557495,LA12,2010-03-16,08:40:52 PM,20:40:00,Hot-Wet,2010-03-16 20:40:00
15.09353536,-19.19355062,LA12,2010-03-16,09:00:52 PM,21:00:00,Hot-Wet,2010-03-16 21:00:00
15.0930542,-19.19123332,LA12,2010-03-16,09:20:52 PM,21:20:00,Hot-Wet,2010-03-16 21:20:00
15.0940389,-19.19008789,LA12,2010-03-16,09:40:52 PM,21:40:00,Hot-Wet,2010-03-16 21:40:00
15.0959727,-19.1886617,LA12,2010-03-16,10:00:52 PM,22:00:00,Hot-Wet,2010-03-16 22:00:00
15.09602559,-19.1873291,LA12,2010-03-16,10:20:52 PM,22:20:00,Hot-Wet,2010-03-16 22:20:00
15.09664612,-19.18658854,LA12,2010-03-16,10:40:52 PM,22:40:00,Hot-Wet,2010-03-16 22:40:00
15.09697062,-19.18583577,LA12,2010-03-16,11:00:52 PM,23:00:00,Hot-Wet,2010-03-16 23:00:00
15.09716695,-19.18561401,LA12,2010-03-16,11:20:52 PM,23:20:00,Hot-Wet,2010-03-16 23:20:00
15.09656169,-19.18576457,LA12,2010-03-16,11:40:53 PM,23:40:00,Hot-Wet,2010-03-16 23:40:00
15.09697673,-19.18574829,LA12,2010-03-17,12:00:52 AM,00:00:00,Hot-Wet,2010-03-17 00:00:00
15.09697164,-19.18583171,LA12,2010-03-17,12:20:53 AM,00:20:00,Hot-Wet,2010-03-17 00:20:00
15.09696655,-19.18580933,LA12,2010-03-17,12:40:52 AM,00:40:00,Hot-Wet,2010-03-17 00:40:00
15.09697978,-19.18582153,LA12,2010-03-17,01:00:52 AM,01:00:00,Hot-Wet,2010-03-17 01:00:00
15.09699097,-19.18585205,LA12,2010-03-17,01:20:52 AM,01:20:00,Hot-Wet,2010-03-17 01:20:00
15.09695435,-19.18581136,LA12,2010-03-17,01:40:52 AM,01:40:00,Hot-Wet,2010-03-17 01:40:00
15.09614766,-19.18232422,LA12,2010-03-17,02:00:52 AM,02:00:00,Hot-Wet,2010-03-17 02:00:00
15.0958842,-19.18246867,LA12,2010-03-17,02:20:52 AM,02:20:00,Hot-Wet,2010-03-17 02:20:00
15.09558919,-19.18105265,LA12,2010-03-17,02:40:52 AM,02:40:00,Hot-Wet,2010-03-17 02:40:00
15.09579875,-19.18075562,LA12,2010-03-17,03:00:52 AM,03:00:00,Hot-Wet,2010-03-17 03:00:00
15.09434814,-19.17922974,LA12,2010-03-17,03:20:52 AM,03:20:00,Hot-Wet,2010-03-17 03:20:00
15.09357096,-19.17805786,LA12,2010-03-17,03:40:52 AM,03:40:00,Hot-Wet,2010-03-17 03:40:00
15.09000753,-19.17414958,LA12,2010-03-17,04:00:52 AM,04:00:00,Hot-Wet,2010-03-17 04:00:00
15.09002991,-19.1741272,LA12,2010-03-17,04:20:52 AM,04:20:00,Hot-Wet,2010-03-17 04:20:00
15.0899882,-19.17415568,LA12,2010-03-17,04:40:52 AM,04:40:00,Hot-Wet,2010-03-17 04:40:00
15.09073283,-19.17434896,LA12,2010-03-17,05:00:52 AM,05:00:00,Hot-Wet,2010-03-17 05:00:00
15.09093221,-19.17444051,LA12,2010-03-17,05:20:52 AM,05:20:00,Hot-Wet,2010-03-17 05:20:00
15.09244283,-19.17496948,LA12,2010-03-17,05:40:52 AM,05:40:00,Hot-Wet,2010-03-17 05:40:00
15.09749247,-19.17888794,LA12,2010-03-17,06:00:52 AM,06:00:00,Hot-Wet,2010-03-17 06:00:00
15.09812724,-19.17900391,LA12,2010-03-17,06:20:52 AM,06:20:00,Hot-Wet,2010-03-17 06:20:00
15.10249125,-19.18129883,LA12,2010-03-17,06:40:52 AM,06:40:00,Hot-Wet,2010-03-17 06:40:00
15.10684001,-19.18518066,LA12,2010-03-17,07:00:52 AM,07:00:00,Hot-Wet,2010-03-17 07:00:00
15.11740926,-19.18463745,LA12,2010-03-17,07:20:52 AM,07:20:00,Hot-Wet,2010-03-17 07:20:00
15.12561646,-19.18549601,LA12,2010-03-17,07:40:52 AM,07:40:00,Hot-Wet,2010-03-17 07:40:00
15.13128153,-19.18920085,LA12,2010-03-17,08:00:52 AM,08:00:00,Hot-Wet,2010-03-17 08:00:00
15.13030192,-19.19814453,LA12,2010-03-17,08:20:52 AM,08:20:00,Hot-Wet,2010-03-17 08:20:00
15.12941081,-19.20233765,LA12,2010-03-17,08:40:52 AM,08:40:00,Hot-Wet,2010-03-17 08:40:00
15.12950134,-19.20998739,LA12,2010-03-17,09:00:52 AM,09:00:00,Hot-Wet,2010-03-17 09:00:00
15.13983968,-19.20843302,LA12,2010-03-17,09:20:52 AM,09:20:00,Hot-Wet,2010-03-17 09:20:00
15.14124044,-19.20783691,LA12,2010-03-17,09:40:52 AM,09:40:00,Hot-Wet,2010-03-17 09:40:00
15.1408254,-19.20859782,LA12,2010-03-17,10:00:52 AM,10:00:00,Hot-Wet,2010-03-17 10:00:00
15.14061279,-19.20884196,LA12,2010-03-17,10:20:52 AM,10:20:00,Hot-Wet,2010-03-17 10:20:00
15.13985392,-19.20888265,LA12,2010-03-17,10:40:52 AM,10:40:00,Hot-Wet,2010-03-17 10:40:00
15.14112345,-19.20800171,LA12,2010-03-17,11:00:52 AM,11:00:00,Hot-Wet,2010-03-17 11:00:00
15.14164429,-19.20713908,LA12,2010-03-17,11:20:52 AM,11:20:00,Hot-Wet,2010-03-17 11:20:00
15.14055481,-19.20740763,LA12,2010-03-17,11:40:52 AM,11:40:00,Hot-Wet,2010-03-17 11:40:00
15.14002889,-19.20847168,LA12,2010-03-17,12:00:52 PM,12:00:00,Hot-Wet,2010-03-17 12:00:00
15.13782756,-19.20847575,LA12,2010-03-17,12:20:52 PM,12:20:00,Hot-Wet,2010-03-17 12:20:00
15.13283895,-19.20719198,LA12,2010-03-17,12:40:52 PM,12:40:00,Hot-Wet,2010-03-17 12:40:00
15.12806193,-19.20611776,LA12,2010-03-17,01:00:52 PM,13:00:00,Hot-Wet,2010-03-17 13:00:00
15.13680115,-19.2090922,LA12,2010-03-17,01:20:52 PM,13:20:00,Hot-Wet,2010-03-17 13:20:00
15.14756978,-19.20643311,LA12,2010-03-17,01:40:52 PM,13:40:00,Hot-Wet,2010-03-17 13:40:00
15.1568807,-19.20553182,LA12,2010-03-17,02:00:52 PM,14:00:00,Hot-Wet,2010-03-17 14:00:00
15.16446228,-19.20803223,LA12,2010-03-17,02:20:52 PM,14:20:00,Hot-Wet,2010-03-17 14:20:00
15.16751607,-19.20867106,LA12,2010-03-17,02:40:52 PM,14:40:00,Hot-Wet,2010-03-17 14:40:00
15.16727091,-19.20794271,LA12,2010-03-17,03:00:52 PM,15:00:00,Hot-Wet,2010-03-17 15:00:00
15.16743774,-19.20848389,LA12,2010-03-17,03:20:52 PM,15:20:00,Hot-Wet,2010-03-17 15:20:00
15.16545817,-19.2070577,LA12,2010-03-17,03:40:52 PM,15:40:00,Hot-Wet,2010-03-17 15:40:00
15.15983988,-19.20615234,LA12,2010-03-17,04:00:52 PM,16:00:00,Hot-Wet,2010-03-17 16:00:00
15.15603027,-19.20364583,LA12,2010-03-17,04:20:52 PM,16:20:00,Hot-Wet,2010-03-17 16:20:00
15.15283305,-19.19931437,LA12,2010-03-17,04:40:52 PM,16:40:00,Hot-Wet,2010-03-17 16:40:00
15.15161336,-19.19788411,LA12,2010-03-17,05:00:52 PM,17:00:00,Hot-Wet,2010-03-17 17:00:00
15.14622803,-19.19682007,LA12,2010-03-17,05:20:52 PM,17:20:00,Hot-Wet,2010-03-17 17:20:00
15.14076742,-19.19490763,LA12,2010-03-17,05:40:52 PM,17:40:00,Hot-Wet,2010-03-17 17:40:00
15.13882243,-19.19337769,LA12,2010-03-17,06:00:52 PM,18:00:00,Hot-Wet,2010-03-17 18:00:00
15.14577128,-19.18731079,LA12,2010-03-17,06:20:52 PM,18:20:00,Hot-Wet,2010-03-17 18:20:00
15.15783997,-19.18695679,LA12,2010-03-17,06:40:52 PM,18:40:00,Hot-Wet,2010-03-17 18:40:00
15.15618693,-19.18335775,LA12,2010-03-17,07:00:52 PM,19:00:00,Hot-Wet,2010-03-17 19:00:00
15.15698446,-19.17546387,LA12,2010-03-17,07:20:52 PM,19:20:00,Hot-Wet,2010-03-17 19:20:00
15.15646464,-19.1680013,LA12,2010-03-17,07:40:52 PM,19:40:00,Hot-Wet,2010-03-17 19:40:00
15.15540365,-19.1641215,LA12,2010-03-17,08:00:52 PM,20:00:00,Hot-Wet,2010-03-17 20:00:00
15.15054626,-19.15585124,LA12,2010-03-17,08:20:52 PM,20:20:00,Hot-Wet,2010-03-17 20:20:00
15.14220785,-19.14678752,LA12,2010-03-17,08:40:52 PM,20:40:00,Hot-Wet,2010-03-17 20:40:00
15.13131917,-19.14118856,LA12,2010-03-17,09:00:52 PM,21:00:00,Hot-Wet,2010-03-17 21:00:00
15.12774455,-19.13292236,LA12,2010-03-17,09:20:52 PM,21:20:00,Hot-Wet,2010-03-17 21:20:00
15.1225474,-19.12447103,LA12,2010-03-17,09:40:52 PM,21:40:00,Hot-Wet,2010-03-17 21:40:00
15.11932882,-19.11984863,LA12,2010-03-17,10:00:52 PM,22:00:00,Hot-Wet,2010-03-17 22:00:00
15.11267802,-19.11413371,LA12,2010-03-17,10:20:52 PM,22:20:00,Hot-Wet,2010-03-17 22:20:00
15.11270142,-19.10946452,LA12,2010-03-17,10:40:52 PM,22:40:00,Hot-Wet,2010-03-17 22:40:00
15.11298625,-19.10704142,LA12,2010-03-17,11:00:52 PM,23:00:00,Hot-Wet,2010-03-17 23:00:00
15.11223958,-19.10679525,LA12,2010-03-17,11:20:52 PM,23:20:00,Hot-Wet,2010-03-17 23:20:00
15.10973511,-19.10708008,LA12,2010-03-17,11:40:52 PM,23:40:00,Hot-Wet,2010-03-17 23:40:00
15.10923258,-19.10729167,LA12,2010-03-18,12:00:52 AM,00:00:00,Hot-Wet,2010-03-18 00:00:00
15.10564575,-19.10675049,LA12,2010-03-18,12:20:53 AM,00:20:00,Hot-Wet,2010-03-18 00:20:00
15.10451558,-19.10662231,LA12,2010-03-18,12:40:52 AM,00:40:00,Hot-Wet,2010-03-18 00:40:00
15.10338949,-19.10680339,LA12,2010-03-18,01:00:52 AM,01:00:00,Hot-Wet,2010-03-18 01:00:00
15.10337423,-19.10677694,LA12,2010-03-18,01:20:52 AM,01:20:00,Hot-Wet,2010-03-18 01:20:00
15.10335388,-19.1067688,LA12,2010-03-18,01:40:52 AM,01:40:00,Hot-Wet,2010-03-18 01:40:00
15.10340271,-19.10675049,LA12,2010-03-18,02:00:52 AM,02:00:00,Hot-Wet,2010-03-18 02:00:00
15.10338338,-19.10672607,LA12,2010-03-18,02:20:52 AM,02:20:00,Hot-Wet,2010-03-18 02:20:00
15.10340576,-19.10674032,LA12,2010-03-18,02:40:52 AM,02:40:00,Hot-Wet,2010-03-18 02:40:00
15.10338643,-19.10671997,LA12,2010-03-18,03:00:52 AM,03:00:00,Hot-Wet,2010-03-18 03:00:00
15.10338643,-19.10674845,LA12,2010-03-18,03:20:52 AM,03:20:00,Hot-Wet,2010-03-18 03:20:00
15.10340474,-19.10674845,LA12,2010-03-18,03:40:52 AM,03:40:00,Hot-Wet,2010-03-18 03:40:00
15.10339864,-19.10674438,LA12,2010-03-18,04:01:05 AM,04:01:00,Hot-Wet,2010-03-18 04:01:00
15.10343424,-19.10674845,LA12,2010-03-18,04:20:52 AM,04:20:00,Hot-Wet,2010-03-18 04:20:00
15.10303243,-19.10658162,LA12,2010-03-18,04:40:52 AM,04:40:00,Hot-Wet,2010-03-18 04:40:00
15.1029246,-19.10663859,LA12,2010-03-18,05:00:52 AM,05:00:00,Hot-Wet,2010-03-18 05:00:00
15.10123189,-19.10652262,LA12,2010-03-18,05:20:52 AM,05:20:00,Hot-Wet,2010-03-18 05:20:00
15.09988505,-19.10709839,LA12,2010-03-18,05:40:52 AM,05:40:00,Hot-Wet,2010-03-18 05:40:00
15.09836426,-19.10670776,LA12,2010-03-18,06:00:52 AM,06:00:00,Hot-Wet,2010-03-18 06:00:00
15.0963562,-19.10610352,LA12,2010-03-18,06:20:52 AM,06:20:00,Hot-Wet,2010-03-18 06:20:00
15.09425354,-19.10724284,LA12,2010-03-18,06:40:52 AM,06:40:00,Hot-Wet,2010-03-18 06:40:00
15.09402262,-19.10743001,LA12,2010-03-18,07:00:52 AM,07:00:00,Hot-Wet,2010-03-18 07:00:00
15.0939738,-19.10786743,LA12,2010-03-18,07:20:52 AM,07:20:00,Hot-Wet,2010-03-18 07:20:00
15.09367879,-19.10808105,LA12,2010-03-18,07:40:52 AM,07:40:00,Hot-Wet,2010-03-18 07:40:00
15.0936676,-19.10808512,LA12,2010-03-18,08:00:52 AM,08:00:00,Hot-Wet,2010-03-18 08:00:00
15.09348348,-19.1084493,LA12,2010-03-18,08:20:52 AM,08:20:00,Hot-Wet,2010-03-18 08:20:00
15.09337362,-19.10919393,LA12,2010-03-18,08:40:52 AM,08:40:00,Hot-Wet,2010-03-18 08:40:00
15.09477641,-19.10792643,LA12,2010-03-18,09:00:52 AM,09:00:00,Hot-Wet,2010-03-18 09:00:00
15.09853719,-19.10812785,LA12,2010-03-18,09:20:52 AM,09:20:00,Hot-Wet,2010-03-18 09:20:00
15.09896749,-19.10924886,LA12,2010-03-18,09:40:52 AM,09:40:00,Hot-Wet,2010-03-18 09:40:00
15.09954732,-19.10933634,LA12,2010-03-18,10:00:52 AM,10:00:00,Hot-Wet,2010-03-18 10:00:00
15.09952087,-19.10936483,LA12,2010-03-18,10:20:52 AM,10:20:00,Hot-Wet,2010-03-18 10:20:00
15.10059306,-19.10898844,LA12,2010-03-18,10:40:52 AM,10:40:00,Hot-Wet,2010-03-18 10:40:00
15.10147603,-19.10858765,LA12,2010-03-18,11:00:52 AM,11:00:00,Hot-Wet,2010-03-18 11:00:00
15.10251363,-19.10848389,LA12,2010-03-18,11:20:52 AM,11:20:00,Hot-Wet,2010-03-18 11:20:00
15.10282186,-19.10874227,LA12,2010-03-18,11:40:52 AM,11:40:00,Hot-Wet,2010-03-18 11:40:00
15.10464884,-19.11013387,LA12,2010-03-18,12:00:52 PM,12:00:00,Hot-Wet,2010-03-18 12:00:00
15.10413615,-19.11085815,LA12,2010-03-18,12:20:53 PM,12:20:00,Hot-Wet,2010-03-18 12:20:00
15.10391439,-19.11004639,LA12,2010-03-18,12:40:52 PM,12:40:00,Hot-Wet,2010-03-18 12:40:00
15.10344035,-19.10978597,LA12,2010-03-18,01:00:52 PM,13:00:00,Hot-Wet,2010-03-18 13:00:00
15.10315755,-19.10941569,LA12,2010-03-18,01:20:52 PM,13:20:00,Hot-Wet,2010-03-18 13:20:00
15.10310872,-19.10924479,LA12,2010-03-18,01:40:52 PM,13:40:00,Hot-Wet,2010-03-18 13:40:00
15.10310262,-19.10923869,LA12,2010-03-18,02:00:52 PM,14:00:00,Hot-Wet,2010-03-18 14:00:00
15.10287577,-19.10987752,LA12,2010-03-18,02:20:52 PM,14:20:00,Hot-Wet,2010-03-18 14:20:00
15.10289001,-19.11004842,LA12,2010-03-18,02:40:52 PM,14:40:00,Hot-Wet,2010-03-18 14:40:00
15.10358785,-19.11083171,LA12,2010-03-18,03:00:52 PM,15:00:00,Hot-Wet,2010-03-18 15:00:00
15.10283712,-19.11538086,LA12,2010-03-18,03:20:52 PM,15:20:00,Hot-Wet,2010-03-18 15:20:00
15.10444845,-19.11523234,LA12,2010-03-18,03:40:52 PM,15:40:00,Hot-Wet,2010-03-18 15:40:00
15.10486247,-19.11420898,LA12,2010-03-18,04:00:52 PM,16:00:00,Hot-Wet,2010-03-18 16:00:00
15.10638631,-19.11297607,LA12,2010-03-18,04:20:52 PM,16:20:00,Hot-Wet,2010-03-18 16:20:00
15.10651245,-19.11231283,LA12,2010-03-18,04:40:52 PM,16:40:00,Hot-Wet,2010-03-18 16:40:00
15.10287781,-19.10874023,LA12,2010-03-18,05:00:52 PM,17:00:00,Hot-Wet,2010-03-18 17:00:00
15.10276794,-19.10632528,LA12,2010-03-18,05:20:52 PM,17:20:00,Hot-Wet,2010-03-18 17:20:00
15.10216878,-19.10635783,LA12,2010-03-18,05:40:52 PM,17:40:00,Hot-Wet,2010-03-18 17:40:00
15.10077515,-19.10534668,LA12,2010-03-18,06:00:52 PM,18:00:00,Hot-Wet,2010-03-18 18:00:00
15.10039571,-19.1044047,LA12,2010-03-18,06:20:52 PM,18:20:00,Hot-Wet,2010-03-18 18:20:00
15.09837138,-19.10337728,LA12,2010-03-18,06:40:52 PM,18:40:00,Hot-Wet,2010-03-18 18:40:00
15.097111,-19.10298665,LA12,2010-03-18,07:00:52 PM,19:00:00,Hot-Wet,2010-03-18 19:00:00
15.09647929,-19.10202026,LA12,2010-03-18,07:20:52 PM,19:20:00,Hot-Wet,2010-03-18 19:20:00
15.09630025,-19.10189209,LA12,2010-03-18,07:40:52 PM,19:40:00,Hot-Wet,2010-03-18 19:40:00
15.09571126,-19.10163167,LA12,2010-03-18,08:00:52 PM,20:00:00,Hot-Wet,2010-03-18 20:00:00
15.09561462,-19.10137533,LA12,2010-03-18,08:20:52 PM,20:20:00,Hot-Wet,2010-03-18 20:20:00
15.09478556,-19.1004598,LA12,2010-03-18,08:40:52 PM,20:40:00,Hot-Wet,2010-03-18 20:40:00
15.09593811,-19.09929403,LA12,2010-03-18,09:00:52 PM,21:00:00,Hot-Wet,2010-03-18 21:00:00
15.09822591,-19.09753825,LA12,2010-03-18,09:20:52 PM,21:20:00,Hot-Wet,2010-03-18 21:20:00
15.09894206,-19.09696452,LA12,2010-03-18,09:40:52 PM,21:40:00,Hot-Wet,2010-03-18 21:40:00
15.10012919,-19.09558309,LA12,2010-03-18,10:00:52 PM,22:00:00,Hot-Wet,2010-03-18 22:00:00
15.10059916,-19.09535116,LA12,2010-03-18,10:20:52 PM,22:20:00,Hot-Wet,2010-03-18 22:20:00
15.10128886,-19.09436239,LA12,2010-03-18,10:40:52 PM,22:40:00,Hot-Wet,2010-03-18 22:40:00
15.10309957,-19.09548747,LA12,2010-03-18,11:00:52 PM,23:00:00,Hot-Wet,2010-03-18 23:00:00
15.1036143,-19.09605306,LA12,2010-03-18,11:20:52 PM,23:20:00,Hot-Wet,2010-03-18 23:20:00
15.10363973,-19.09606527,LA12,2010-03-18,11:40:52 PM,23:40:00,Hot-Wet,2010-03-18 23:40:00
15.10361633,-19.0960734,LA12,2010-03-19,12:00:52 AM,00:00:00,Hot-Wet,2010-03-19 00:00:00
15.10356445,-19.09605916,LA12,2010-03-19,12:20:52 AM,00:20:00,Hot-Wet,2010-03-19 00:20:00
15.10374349,-19.0967041,LA12,2010-03-19,12:40:52 AM,00:40:00,Hot-Wet,2010-03-19 00:40:00
15.10378113,-19.09698283,LA12,2010-03-19,01:00:52 AM,01:00:00,Hot-Wet,2010-03-19 01:00:00
15.10380351,-19.09700521,LA12,2010-03-19,01:20:52 AM,01:20:00,Hot-Wet,2010-03-19 01:20:00
15.10378927,-19.09700521,LA12,2010-03-19,01:40:52 AM,01:40:00,Hot-Wet,2010-03-19 01:40:00
15.10378723,-19.09700114,LA12,2010-03-19,02:00:52 AM,02:00:00,Hot-Wet,2010-03-19 02:00:00
15.10377502,-19.09698893,LA12,2010-03-19,02:20:52 AM,02:20:00,Hot-Wet,2010-03-19 02:20:00
15.10379435,-19.09711304,LA12,2010-03-19,02:40:52 AM,02:40:00,Hot-Wet,2010-03-19 02:40:00
15.10371704,-19.09742432,LA12,2010-03-19,03:00:52 AM,03:00:00,Hot-Wet,2010-03-19 03:00:00
15.10369059,-19.09742228,LA12,2010-03-19,03:20:52 AM,03:20:00,Hot-Wet,2010-03-19 03:20:00
15.10544942,-19.09741007,LA12,2010-03-19,03:40:52 AM,03:40:00,Hot-Wet,2010-03-19 03:40:00
15.10687256,-19.09760335,LA12,2010-03-19,04:00:52 AM,04:00:00,Hot-Wet,2010-03-19 04:00:00
15.10878398,-19.09723714,LA12,2010-03-19,04:20:52 AM,04:20:00,Hot-Wet,2010-03-19 04:20:00
15.10999247,-19.09607747,LA12,2010-03-19,04:40:52 AM,04:40:00,Hot-Wet,2010-03-19 04:40:00
15.1111969,-19.09307251,LA12,2010-03-19,05:00:52 AM,05:00:00,Hot-Wet,2010-03-19 05:00:00
15.11114807,-19.09180705,LA12,2010-03-19,05:20:52 AM,05:20:00,Hot-Wet,2010-03-19 05:20:00
15.11081441,-19.09158936,LA12,2010-03-19,05:40:52 AM,05:40:00,Hot-Wet,2010-03-19 05:40:00
15.10909729,-19.08990275,LA12,2010-03-19,06:00:52 AM,06:00:00,Hot-Wet,2010-03-19 06:00:00
15.11203308,-19.08851115,LA12,2010-03-19,06:20:52 AM,06:20:00,Hot-Wet,2010-03-19 06:20:00
15.1190389,-19.09092611,LA12,2010-03-19,06:40:52 AM,06:40:00,Hot-Wet,2010-03-19 06:40:00
15.11982524,-19.09177246,LA12,2010-03-19,07:00:52 AM,07:00:00,Hot-Wet,2010-03-19 07:00:00
15.12079061,-19.09181519,LA12,2010-03-19,07:20:52 AM,07:20:00,Hot-Wet,2010-03-19 07:20:00
15.12140401,-19.09190877,LA12,2010-03-19,07:40:52 AM,07:40:00,Hot-Wet,2010-03-19 07:40:00
15.12203979,-19.0921814,LA12,2010-03-19,08:00:52 AM,08:00:00,Hot-Wet,2010-03-19 08:00:00
15.12293498,-19.09226888,LA12,2010-03-19,08:20:52 AM,08:20:00,Hot-Wet,2010-03-19 08:20:00
15.12438863,-19.09095052,LA12,2010-03-19,08:40:52 AM,08:40:00,Hot-Wet,2010-03-19 08:40:00
15.12461446,-19.09007772,LA12,2010-03-19,09:00:52 AM,09:00:00,Hot-Wet,2010-03-19 09:00:00
15.12548726,-19.08962402,LA12,2010-03-19,09:20:52 AM,09:20:00,Hot-Wet,2010-03-19 09:20:00
15.12766317,-19.08920085,LA12,2010-03-19,09:40:52 AM,09:40:00,Hot-Wet,2010-03-19 09:40:00
15.12867839,-19.08971354,LA12,2010-03-19,10:00:52 AM,10:00:00,Hot-Wet,2010-03-19 10:00:00
15.12831624,-19.0899882,LA12,2010-03-19,10:20:52 AM,10:20:00,Hot-Wet,2010-03-19 10:20:00
15.12831624,-19.08998617,LA12,2010-03-19,10:40:52 AM,10:40:00,Hot-Wet,2010-03-19 10:40:00
15.12829997,-19.09011027,LA12,2010-03-19,11:00:52 AM,11:00:00,Hot-Wet,2010-03-19 11:00:00
15.12764079,-19.08883667,LA12,2010-03-19,11:20:52 AM,11:20:00,Hot-Wet,2010-03-19 11:20:00
15.12644246,-19.08871663,LA12,2010-03-19,11:40:52 AM,11:40:00,Hot-Wet,2010-03-19 11:40:00
15.1262502,-19.08812052,LA12,2010-03-19,12:00:52 PM,12:00:00,Hot-Wet,2010-03-19 12:00:00
15.12617188,-19.08816935,LA12,2010-03-19,12:20:52 PM,12:20:00,Hot-Wet,2010-03-19 12:20:00
15.12585449,-19.08842977,LA12,2010-03-19,12:40:52 PM,12:40:00,Hot-Wet,2010-03-19 12:40:00
15.12545471,-19.08971354,LA12,2010-03-19,01:00:52 PM,13:00:00,Hot-Wet,2010-03-19 13:00:00
15.12626851,-19.08813883,LA12,2010-03-19,01:20:52 PM,13:20:00,Hot-Wet,2010-03-19 13:20:00
15.12644246,-19.08875936,LA12,2010-03-19,01:40:52 PM,13:40:00,Hot-Wet,2010-03-19 13:40:00
15.12642619,-19.08875732,LA12,2010-03-19,02:00:52 PM,14:00:00,Hot-Wet,2010-03-19 14:00:00
15.12643026,-19.08876953,LA12,2010-03-19,02:20:52 PM,14:20:00,Hot-Wet,2010-03-19 14:20:00
15.12643331,-19.08875732,LA12,2010-03-19,02:40:52 PM,14:40:00,Hot-Wet,2010-03-19 14:40:00
15.12644348,-19.08875936,LA12,2010-03-19,03:00:52 PM,15:00:00,Hot-Wet,2010-03-19 15:00:00
15.12601929,-19.08904419,LA12,2010-03-19,03:20:52 PM,15:20:00,Hot-Wet,2010-03-19 15:20:00
15.1253835,-19.09019775,LA12,2010-03-19,03:40:52 PM,15:40:00,Hot-Wet,2010-03-19 15:40:00
15.12482402,-19.09197998,LA12,2010-03-19,04:00:52 PM,16:00:00,Hot-Wet,2010-03-19 16:00:00
15.12409058,-19.09381917,LA12,2010-03-19,04:20:52 PM,16:20:00,Hot-Wet,2010-03-19 16:20:00
15.12322184,-19.09663696,LA12,2010-03-19,04:40:52 PM,16:40:00,Hot-Wet,2010-03-19 16:40:00
15.12298177,-19.09931844,LA12,2010-03-19,05:00:53 PM,17:00:00,Hot-Wet,2010-03-19 17:00:00
15.12281901,-19.10091756,LA12,2010-03-19,05:20:52 PM,17:20:00,Hot-Wet,2010-03-19 17:20:00
15.12248535,-19.10373332,LA12,2010-03-19,05:40:52 PM,17:40:00,Hot-Wet,2010-03-19 17:40:00
15.12233276,-19.10437012,LA12,2010-03-19,06:00:52 PM,18:00:00,Hot-Wet,2010-03-19 18:00:00
15.12250977,-19.10575155,LA12,2010-03-19,06:20:52 PM,18:20:00,Hot-Wet,2010-03-19 18:20:00
15.12126261,-19.10622559,LA12,2010-03-19,06:40:52 PM,18:40:00,Hot-Wet,2010-03-19 18:40:00
15.12008769,-19.1056783,LA12,2010-03-19,07:00:52 PM,19:00:00,Hot-Wet,2010-03-19 19:00:00
15.11589966,-19.10421549,LA12,2010-03-19,07:20:52 PM,19:20:00,Hot-Wet,2010-03-19 19:20:00
15.11076355,-19.10364787,LA12,2010-03-19,07:40:52 PM,19:40:00,Hot-Wet,2010-03-19 19:40:00
15.10482992,-19.1027771,LA12,2010-03-19,08:00:52 PM,20:00:00,Hot-Wet,2010-03-19 20:00:00
15.0987498,-19.09721883,LA12,2010-03-19,08:20:52 PM,20:20:00,Hot-Wet,2010-03-19 20:20:00
15.0967336,-19.09493408,LA12,2010-03-19,08:40:52 PM,20:40:00,Hot-Wet,2010-03-19 20:40:00
15.09403076,-19.09285685,LA12,2010-03-19,09:00:52 PM,21:00:00,Hot-Wet,2010-03-19 21:00:00
15.09148153,-19.09183146,LA12,2010-03-19,09:20:52 PM,21:20:00,Hot-Wet,2010-03-19 21:20:00
15.09046021,-19.09114583,LA12,2010-03-19,09:40:52 PM,21:40:00,Hot-Wet,2010-03-19 21:40:00
15.09020182,-19.08955282,LA12,2010-03-19,10:00:52 PM,22:00:00,Hot-Wet,2010-03-19 22:00:00
15.0901062,-19.08898519,LA12,2010-03-19,10:20:52 PM,22:20:00,Hot-Wet,2010-03-19 22:20:00
15.09013062,-19.08895264,LA12,2010-03-19,10:40:52 PM,22:40:00,Hot-Wet,2010-03-19 22:40:00
15.08989766,-19.08840535,LA12,2010-03-19,11:00:52 PM,23:00:00,Hot-Wet,2010-03-19 23:00:00
15.08930766,-19.08774821,LA12,2010-03-19,11:20:52 PM,23:20:00,Hot-Wet,2010-03-19 23:20:00
15.08943685,-19.08758748,LA12,2010-03-19,11:40:52 PM,23:40:00,Hot-Wet,2010-03-19 23:40:00
15.08942668,-19.08756307,LA12,2010-03-20,12:00:52 AM,00:00:00,Hot-Wet,2010-03-20 00:00:00
15.08942769,-19.08759969,LA12,2010-03-20,12:20:52 AM,00:20:00,Hot-Wet,2010-03-20 00:20:00
15.0894399,-19.08758341,LA12,2010-03-20,12:40:52 AM,00:40:00,Hot-Wet,2010-03-20 00:40:00
15.08939107,-19.08757121,LA12,2010-03-20,01:00:52 AM,01:00:00,Hot-Wet,2010-03-20 01:00:00
15.08940226,-19.08756104,LA12,2010-03-20,01:20:52 AM,01:20:00,Hot-Wet,2010-03-20 01:20:00
15.08939209,-19.08755086,LA12,2010-03-20,01:40:52 AM,01:40:00,Hot-Wet,2010-03-20 01:40:00
15.089387,-19.08756104,LA12,2010-03-20,02:00:52 AM,02:00:00,Hot-Wet,2010-03-20 02:00:00
15.08939921,-19.08757121,LA12,2010-03-20,02:20:52 AM,02:20:00,Hot-Wet,2010-03-20 02:20:00
15.08935242,-19.08759969,LA12,2010-03-20,02:40:52 AM,02:40:00,Hot-Wet,2010-03-20 02:40:00
15.08942159,-19.08759969,LA12,2010-03-20,03:00:52 AM,03:00:00,Hot-Wet,2010-03-20 03:00:00
15.08942668,-19.08757935,LA12,2010-03-20,03:20:52 AM,03:20:00,Hot-Wet,2010-03-20 03:20:00
15.0894165,-19.08758545,LA12,2010-03-20,03:40:52 AM,03:40:00,Hot-Wet,2010-03-20 03:40:00
15.08944397,-19.08760376,LA12,2010-03-20,04:00:52 AM,04:00:00,Hot-Wet,2010-03-20 04:00:00
15.08943176,-19.08759359,LA12,2010-03-20,04:20:52 AM,04:20:00,Hot-Wet,2010-03-20 04:20:00
15.08937581,-19.08771566,LA12,2010-03-20,04:40:52 AM,04:40:00,Hot-Wet,2010-03-20 04:40:00
15.08951925,-19.08712972,LA12,2010-03-20,05:00:52 AM,05:00:00,Hot-Wet,2010-03-20 05:00:00
15.0881663,-19.08496704,LA12,2010-03-20,05:20:52 AM,05:20:00,Hot-Wet,2010-03-20 05:20:00
15.08713888,-19.08343302,LA12,2010-03-20,05:40:52 AM,05:40:00,Hot-Wet,2010-03-20 05:40:00
15.08777059,-19.08367106,LA12,2010-03-20,06:00:52 AM,06:00:00,Hot-Wet,2010-03-20 06:00:00
15.09275716,-19.07857666,LA12,2010-03-20,06:20:52 AM,06:20:00,Hot-Wet,2010-03-20 06:20:00
15.09595947,-19.07663167,LA12,2010-03-20,06:40:52 AM,06:40:00,Hot-Wet,2010-03-20 06:40:00
15.0976003,-19.07377523,LA12,2010-03-20,07:00:52 AM,07:00:00,Hot-Wet,2010-03-20 07:00:00
15.10052999,-19.07158813,LA12,2010-03-20,07:20:52 AM,07:20:00,Hot-Wet,2010-03-20 07:20:00
15.10284322,-19.075295,LA12,2010-03-20,07:40:52 AM,07:40:00,Hot-Wet,2010-03-20 07:40:00
15.1032959,-19.07902629,LA12,2010-03-20,08:00:52 AM,08:00:00,Hot-Wet,2010-03-20 08:00:00
15.10236613,-19.08070882,LA12,2010-03-20,08:20:52 AM,08:20:00,Hot-Wet,2010-03-20 08:20:00
15.10394592,-19.08282471,LA12,2010-03-20,08:40:52 AM,08:40:00,Hot-Wet,2010-03-20 08:40:00
15.10610962,-19.0828125,LA12,2010-03-20,09:00:52 AM,09:00:00,Hot-Wet,2010-03-20 09:00:00
15.10820821,-19.08348999,LA12,2010-03-20,09:20:52 AM,09:20:00,Hot-Wet,2010-03-20 09:20:00
15.11266886,-19.08388265,LA12,2010-03-20,09:40:52 AM,09:40:00,Hot-Wet,2010-03-20 09:40:00
15.11569926,-19.08950195,LA12,2010-03-20,10:00:52 AM,10:00:00,Hot-Wet,2010-03-20 10:00:00
15.10931091,-19.09037679,LA12,2010-03-20,10:20:52 AM,10:20:00,Hot-Wet,2010-03-20 10:20:00
15.10134989,-19.08952637,LA12,2010-03-20,10:40:52 AM,10:40:00,Hot-Wet,2010-03-20 10:40:00
15.09602458,-19.09299723,LA12,2010-03-20,11:00:52 AM,11:00:00,Hot-Wet,2010-03-20 11:00:00
15.09164429,-19.09332682,LA12,2010-03-20,11:20:52 AM,11:20:00,Hot-Wet,2010-03-20 11:20:00
15.09126994,-19.09493205,LA12,2010-03-20,11:40:52 AM,11:40:00,Hot-Wet,2010-03-20 11:40:00
15.09500631,-19.09997355,LA12,2010-03-20,12:00:52 PM,12:00:00,Hot-Wet,2010-03-20 12:00:00
15.0983195,-19.09980265,LA12,2010-03-20,12:20:53 PM,12:20:00,Hot-Wet,2010-03-20 12:20:00
15.09884237,-19.10040487,LA12,2010-03-20,12:40:52 PM,12:40:00,Hot-Wet,2010-03-20 12:40:00
15.09918213,-19.09995117,LA12,2010-03-20,01:00:52 PM,13:00:00,Hot-Wet,2010-03-20 13:00:00
15.09895833,-19.09946899,LA12,2010-03-20,01:20:52 PM,13:20:00,Hot-Wet,2010-03-20 13:20:00
15.09996948,-19.09945882,LA12,2010-03-20,01:40:52 PM,13:40:00,Hot-Wet,2010-03-20 13:40:00
15.10180766,-19.10292562,LA12,2010-03-20,02:00:52 PM,14:00:00,Hot-Wet,2010-03-20 14:00:00
15.10233256,-19.10510864,LA12,2010-03-20,02:20:52 PM,14:20:00,Hot-Wet,2010-03-20 14:20:00
15.10456746,-19.10835368,LA12,2010-03-20,02:40:52 PM,14:40:00,Hot-Wet,2010-03-20 14:40:00
15.11058044,-19.10765381,LA12,2010-03-20,03:00:52 PM,15:00:00,Hot-Wet,2010-03-20 15:00:00
15.11276957,-19.10369059,LA12,2010-03-20,03:20:52 PM,15:20:00,Hot-Wet,2010-03-20 15:20:00
15.11609802,-19.10345866,LA12,2010-03-20,03:40:52 PM,15:40:00,Hot-Wet,2010-03-20 15:40:00
15.11875305,-19.10336304,LA12,2010-03-20,04:00:52 PM,16:00:00,Hot-Wet,2010-03-20 16:00:00
15.12199605,-19.10197144,LA12,2010-03-20,04:20:52 PM,16:20:00,Hot-Wet,2010-03-20 16:20:00
15.12433573,-19.10284424,LA12,2010-03-20,04:40:52 PM,16:40:00,Hot-Wet,2010-03-20 16:40:00
15.12811686,-19.10877686,LA12,2010-03-20,05:00:52 PM,17:00:00,Hot-Wet,2010-03-20 17:00:00
15.12820638,-19.11147664,LA12,2010-03-20,05:20:52 PM,17:20:00,Hot-Wet,2010-03-20 17:20:00
15.12877299,-19.11427612,LA12,2010-03-20,05:40:52 PM,17:40:00,Hot-Wet,2010-03-20 17:40:00
15.12891947,-19.11873576,LA12,2010-03-20,06:00:52 PM,18:00:00,Hot-Wet,2010-03-20 18:00:00
15.13033956,-19.12179565,LA12,2010-03-20,06:20:52 PM,18:20:00,Hot-Wet,2010-03-20 18:20:00
15.13463643,-19.12629801,LA12,2010-03-20,06:40:52 PM,18:40:00,Hot-Wet,2010-03-20 18:40:00
15.13713074,-19.12798258,LA12,2010-03-20,07:00:52 PM,19:00:00,Hot-Wet,2010-03-20 19:00:00
15.13821309,-19.12817586,LA12,2010-03-20,07:20:52 PM,19:20:00,Hot-Wet,2010-03-20 19:20:00
15.13742472,-19.1332784,LA12,2010-03-20,07:40:52 PM,19:40:00,Hot-Wet,2010-03-20 19:40:00
15.13736369,-19.13337809,LA12,2010-03-20,08:00:52 PM,20:00:00,Hot-Wet,2010-03-20 20:00:00
15.13737793,-19.13353475,LA12,2010-03-20,08:20:52 PM,20:20:00,Hot-Wet,2010-03-20 20:20:00
15.13757935,-19.1336731,LA12,2010-03-20,08:40:52 PM,20:40:00,Hot-Wet,2010-03-20 20:40:00
15.13745524,-19.1338501,LA12,2010-03-20,09:00:52 PM,21:00:00,Hot-Wet,2010-03-20 21:00:00
15.13542379,-19.13607788,LA12,2010-03-20,09:20:52 PM,21:20:00,Hot-Wet,2010-03-20 21:20:00
15.13182373,-19.13912354,LA12,2010-03-20,09:40:52 PM,21:40:00,Hot-Wet,2010-03-20 21:40:00
15.12937113,-19.14479777,LA12,2010-03-20,10:00:52 PM,22:00:00,Hot-Wet,2010-03-20 22:00:00
15.12574565,-19.14529012,LA12,2010-03-20,10:20:52 PM,22:20:00,Hot-Wet,2010-03-20 22:20:00
15.12471619,-19.14415487,LA12,2010-03-20,10:40:52 PM,22:40:00,Hot-Wet,2010-03-20 22:40:00
15.12466329,-19.14449056,LA12,2010-03-20,11:00:52 PM,23:00:00,Hot-Wet,2010-03-20 23:00:00
15.12485148,-19.1427592,LA12,2010-03-20,11:20:52 PM,23:20:00,Hot-Wet,2010-03-20 23:20:00
15.12522583,-19.14126587,LA12,2010-03-20,11:40:52 PM,23:40:00,Hot-Wet,2010-03-20 23:40:00
15.12682292,-19.13951009,LA12,2010-03-21,12:00:52 AM,00:00:00,Hot-Wet,2010-03-21 00:00:00
15.12978109,-19.13939209,LA12,2010-03-21,12:20:53 AM,00:20:00,Hot-Wet,2010-03-21 00:20:00
15.12993876,-19.13786418,LA12,2010-03-21,12:40:52 AM,00:40:00,Hot-Wet,2010-03-21 00:40:00
15.12772929,-19.13442179,LA12,2010-03-21,01:00:52 AM,01:00:00,Hot-Wet,2010-03-21 01:00:00
15.1272522,-19.13374634,LA12,2010-03-21,01:20:52 AM,01:20:00,Hot-Wet,2010-03-21 01:20:00
15.12725118,-19.13369751,LA12,2010-03-21,01:40:52 AM,01:40:00,Hot-Wet,2010-03-21 01:40:00
15.12723185,-19.13371379,LA12,2010-03-21,02:00:52 AM,02:00:00,Hot-Wet,2010-03-21 02:00:00
15.12724609,-19.13375244,LA12,2010-03-21,02:20:52 AM,02:20:00,Hot-Wet,2010-03-21 02:20:00
15.12723287,-19.13371379,LA12,2010-03-21,02:40:52 AM,02:40:00,Hot-Wet,2010-03-21 02:40:00
15.12725728,-19.1337321,LA12,2010-03-21,03:00:52 AM,03:00:00,Hot-Wet,2010-03-21 03:00:00
15.12729187,-19.13374227,LA12,2010-03-21,03:20:52 AM,03:20:00,Hot-Wet,2010-03-21 03:20:00
15.12726237,-19.13374634,LA12,2010-03-21,03:40:52 AM,03:40:00,Hot-Wet,2010-03-21 03:40:00
15.12723185,-19.13375041,LA12,2010-03-21,04:00:52 AM,04:00:00,Hot-Wet,2010-03-21 04:00:00
15.1272054,-19.1337443,LA12,2010-03-21,04:20:52 AM,04:20:00,Hot-Wet,2010-03-21 04:20:00
15.12676392,-19.13365885,LA12,2010-03-21,04:40:52 AM,04:40:00,Hot-Wet,2010-03-21 04:40:00
15.12133993,-19.13154297,LA12,2010-03-21,05:00:52 AM,05:00:00,Hot-Wet,2010-03-21 05:00:00
15.11644389,-19.13048706,LA12,2010-03-21,05:20:52 AM,05:20:00,Hot-Wet,2010-03-21 05:20:00
15.11097616,-19.12692261,LA12,2010-03-21,05:40:52 AM,05:40:00,Hot-Wet,2010-03-21 05:40:00
15.10404663,-19.12393595,LA12,2010-03-21,06:00:52 AM,06:00:00,Hot-Wet,2010-03-21 06:00:00
15.09792074,-19.12140299,LA12,2010-03-21,06:20:52 AM,06:20:00,Hot-Wet,2010-03-21 06:20:00
15.09251709,-19.11798706,LA12,2010-03-21,06:40:52 AM,06:40:00,Hot-Wet,2010-03-21 06:40:00
15.08470357,-19.11395874,LA12,2010-03-21,07:00:52 AM,07:00:00,Hot-Wet,2010-03-21 07:00:00
15.0791687,-19.11326701,LA12,2010-03-21,07:20:52 AM,07:20:00,Hot-Wet,2010-03-21 07:20:00
15.07946981,-19.11330566,LA12,2010-03-21,07:40:52 AM,07:40:00,Hot-Wet,2010-03-21 07:40:00
15.08000183,-19.10971883,LA12,2010-03-21,08:00:52 AM,08:00:00,Hot-Wet,2010-03-21 08:00:00
15.08121847,-19.10506388,LA12,2010-03-21,08:20:52 AM,08:20:00,Hot-Wet,2010-03-21 08:20:00
15.08155416,-19.10049032,LA12,2010-03-21,08:40:52 AM,08:40:00,Hot-Wet,2010-03-21 08:40:00
15.07987874,-19.09504801,LA12,2010-03-21,09:00:52 AM,09:00:00,Hot-Wet,2010-03-21 09:00:00
15.08164368,-19.09242961,LA12,2010-03-21,09:20:52 AM,09:20:00,Hot-Wet,2010-03-21 09:20:00
15.08317159,-19.09008789,LA12,2010-03-21,09:40:52 AM,09:40:00,Hot-Wet,2010-03-21 09:40:00
15.0847229,-19.08531698,LA12,2010-03-21,10:00:52 AM,10:00:00,Hot-Wet,2010-03-21 10:00:00
15.08879598,-19.0821228,LA12,2010-03-21,10:20:52 AM,10:20:00,Hot-Wet,2010-03-21 10:20:00
15.09426066,-19.0767985,LA12,2010-03-21,10:40:52 AM,10:40:00,Hot-Wet,2010-03-21 10:40:00
15.09430033,-19.07679036,LA12,2010-03-21,11:00:52 AM,11:00:00,Hot-Wet,2010-03-21 11:00:00
15.0937734,-19.07626139,LA12,2010-03-21,11:20:52 AM,11:20:00,Hot-Wet,2010-03-21 11:20:00
15.093573,-19.0756307,LA12,2010-03-21,11:40:52 AM,11:40:00,Hot-Wet,2010-03-21 11:40:00
15.0936849,-19.07508138,LA12,2010-03-21,12:00:52 PM,12:00:00,Hot-Wet,2010-03-21 12:00:00
15.09413757,-19.07520345,LA12,2010-03-21,12:20:53 PM,12:20:00,Hot-Wet,2010-03-21 12:20:00
15.0943868,-19.07532552,LA12,2010-03-21,12:40:52 PM,12:40:00,Hot-Wet,2010-03-21 12:40:00
15.09508565,-19.07366536,LA12,2010-03-21,01:00:52 PM,13:00:00,Hot-Wet,2010-03-21 13:00:00
15.09532471,-19.0721578,LA12,2010-03-21,01:20:52 PM,13:20:00,Hot-Wet,2010-03-21 13:20:00
15.0956014,-19.07125244,LA12,2010-03-21,01:40:52 PM,13:40:00,Hot-Wet,2010-03-21 13:40:00
15.0943339,-19.06805216,LA12,2010-03-21,02:00:52 PM,14:00:00,Hot-Wet,2010-03-21 14:00:00
15.0910553,-19.06566976,LA12,2010-03-21,02:20:52 PM,14:20:00,Hot-Wet,2010-03-21 14:20:00
15.09396769,-19.06325887,LA12,2010-03-21,02:40:52 PM,14:40:00,Hot-Wet,2010-03-21 14:40:00
15.09523926,-19.06195475,LA12,2010-03-21,03:00:52 PM,15:00:00,Hot-Wet,2010-03-21 15:00:00
15.09697876,-19.06159465,LA12,2010-03-21,03:20:52 PM,15:20:00,Hot-Wet,2010-03-21 15:20:00
15.09686076,-19.05812581,LA12,2010-03-21,03:40:52 PM,15:40:00,Hot-Wet,2010-03-21 15:40:00
15.09676005,-19.05948486,LA12,2010-03-21,04:00:52 PM,16:00:00,Hot-Wet,2010-03-21 16:00:00
15.09989929,-19.05929972,LA12,2010-03-21,04:20:52 PM,16:20:00,Hot-Wet,2010-03-21 16:20:00
15.10276489,-19.06029256,LA12,2010-03-21,04:40:52 PM,16:40:00,Hot-Wet,2010-03-21 16:40:00
15.10603434,-19.06193644,LA12,2010-03-21,05:00:52 PM,17:00:00,Hot-Wet,2010-03-21 17:00:00
15.11037903,-19.06225179,LA12,2010-03-21,05:20:52 PM,17:20:00,Hot-Wet,2010-03-21 17:20:00
15.1154012,-19.06027222,LA12,2010-03-21,05:40:52 PM,17:40:00,Hot-Wet,2010-03-21 17:40:00
15.1234141,-19.05493774,LA12,2010-03-21,06:00:52 PM,18:00:00,Hot-Wet,2010-03-21 18:00:00
15.13123779,-19.04978638,LA12,2010-03-21,06:20:52 PM,18:20:00,Hot-Wet,2010-03-21 18:20:00
15.14026489,-19.04753418,LA12,2010-03-21,06:40:52 PM,18:40:00,Hot-Wet,2010-03-21 18:40:00
15.15285441,-19.04709473,LA12,2010-03-21,07:00:52 PM,19:00:00,Hot-Wet,2010-03-21 19:00:00
15.16489156,-19.04689535,LA12,2010-03-21,07:20:52 PM,19:20:00,Hot-Wet,2010-03-21 19:20:00
15.17787781,-19.04681396,LA12,2010-03-21,07:40:52 PM,19:40:00,Hot-Wet,2010-03-21 19:40:00
15.17836202,-19.04858398,LA12,2010-03-21,08:00:52 PM,20:00:00,Hot-Wet,2010-03-21 20:00:00
15.17763672,-19.04866536,LA12,2010-03-21,08:20:52 PM,20:20:00,Hot-Wet,2010-03-21 20:20:00
15.17767843,-19.04872437,LA12,2010-03-21,08:40:52 PM,20:40:00,Hot-Wet,2010-03-21 20:40:00
15.17705078,-19.04863078,LA12,2010-03-21,09:00:52 PM,21:00:00,Hot-Wet,2010-03-21 21:00:00
15.17605693,-19.04813029,LA12,2010-03-21,09:20:52 PM,21:20:00,Hot-Wet,2010-03-21 21:20:00
15.18137716,-19.04526774,LA12,2010-03-21,09:40:52 PM,21:40:00,Hot-Wet,2010-03-21 21:40:00
15.18824565,-19.0390625,LA12,2010-03-21,10:00:52 PM,22:00:00,Hot-Wet,2010-03-21 22:00:00
15.19539185,-19.03237305,LA12,2010-03-21,10:20:52 PM,22:20:00,Hot-Wet,2010-03-21 22:20:00
15.20206299,-19.0258077,LA12,2010-03-21,10:40:52 PM,22:40:00,Hot-Wet,2010-03-21 22:40:00
15.208019,-19.01849365,LA12,2010-03-21,11:00:52 PM,23:00:00,Hot-Wet,2010-03-21 23:00:00
15.21634623,-19.01218058,LA12,2010-03-21,11:20:52 PM,23:20:00,Hot-Wet,2010-03-21 23:20:00
15.21996969,-19.00979818,LA12,2010-03-21,11:40:52 PM,23:40:00,Hot-Wet,2010-03-21 23:40:00
15.22677002,-19.00664063,LA12,2010-03-22,12:00:52 AM,00:00:00,Hot-Wet,2010-03-22 00:00:00
15.23383687,-19.01038818,LA12,2010-03-22,12:20:53 AM,00:20:00,Hot-Wet,2010-03-22 00:20:00
15.24071045,-19.01364543,LA12,2010-03-22,12:40:52 AM,00:40:00,Hot-Wet,2010-03-22 00:40:00
15.24363708,-19.01410522,LA12,2010-03-22,01:00:52 AM,01:00:00,Hot-Wet,2010-03-22 01:00:00
15.24435221,-19.0139974,LA12,2010-03-22,01:20:52 AM,01:20:00,Hot-Wet,2010-03-22 01:20:00
15.24500631,-19.01312052,LA12,2010-03-22,01:40:52 AM,01:40:00,Hot-Wet,2010-03-22 01:40:00
15.24498901,-19.0131368,LA12,2010-03-22,02:00:52 AM,02:00:00,Hot-Wet,2010-03-22 02:00:00
15.24500834,-19.01312866,LA12,2010-03-22,02:20:52 AM,02:20:00,Hot-Wet,2010-03-22 02:20:00
15.24498901,-19.0131307,LA12,2010-03-22,02:40:52 AM,02:40:00,Hot-Wet,2010-03-22 02:40:00
15.24498901,-19.01315918,LA12,2010-03-22,03:00:52 AM,03:00:00,Hot-Wet,2010-03-22 03:00:00
15.24500631,-19.01316528,LA12,2010-03-22,03:20:52 AM,03:20:00,Hot-Wet,2010-03-22 03:20:00
15.24500224,-19.01317139,LA12,2010-03-22,03:40:52 AM,03:40:00,Hot-Wet,2010-03-22 03:40:00
15.2449646,-19.0131307,LA12,2010-03-22,04:00:52 AM,04:00:00,Hot-Wet,2010-03-22 04:00:00
15.24367574,-19.01413371,LA12,2010-03-22,04:20:52 AM,04:20:00,Hot-Wet,2010-03-22 04:20:00
15.24371236,-19.01373698,LA12,2010-03-22,04:40:52 AM,04:40:00,Hot-Wet,2010-03-22 04:40:00
15.24418335,-19.01016439,LA12,2010-03-22,05:00:52 AM,05:00:00,Hot-Wet,2010-03-22 05:00:00
15.2447937,-19.00884603,LA12,2010-03-22,05:20:52 AM,05:20:00,Hot-Wet,2010-03-22 05:20:00
15.24543762,-19.00731405,LA12,2010-03-22,05:40:52 AM,05:40:00,Hot-Wet,2010-03-22 05:40:00
15.24764404,-19.00536906,LA12,2010-03-22,06:00:52 AM,06:00:00,Hot-Wet,2010-03-22 06:00:00
15.25376485,-19.00135498,LA12,2010-03-22,06:20:52 AM,06:20:00,Hot-Wet,2010-03-22 06:20:00
15.257488,-18.99327799,LA12,2010-03-22,06:40:52 AM,06:40:00,Hot-Wet,2010-03-22 06:40:00
15.25970459,-18.98765666,LA12,2010-03-22,07:00:53 AM,07:00:00,Hot-Wet,2010-03-22 07:00:00
15.25970866,-18.98765462,LA12,2010-03-22,07:20:52 AM,07:20:00,Hot-Wet,2010-03-22 07:20:00
15.25970968,-18.98765462,LA12,2010-03-22,07:40:52 AM,07:40:00,Hot-Wet,2010-03-22 07:40:00
15.26039022,-18.98698527,LA12,2010-03-22,08:00:52 AM,08:00:00,Hot-Wet,2010-03-22 08:00:00
15.26039632,-18.98316447,LA12,2010-03-22,08:20:52 AM,08:20:00,Hot-Wet,2010-03-22 08:20:00
15.26035055,-18.98273315,LA12,2010-03-22,08:40:52 AM,08:40:00,Hot-Wet,2010-03-22 08:40:00
15.26084595,-18.9823995,LA12,2010-03-22,09:00:52 AM,09:00:00,Hot-Wet,2010-03-22 09:00:00
15.26086019,-18.98271281,LA12,2010-03-22,09:20:52 AM,09:20:00,Hot-Wet,2010-03-22 09:20:00
15.26062215,-18.98302002,LA12,2010-03-22,09:40:52 AM,09:40:00,Hot-Wet,2010-03-22 09:40:00
15.25971476,-18.98766479,LA12,2010-03-22,10:00:52 AM,10:00:00,Hot-Wet,2010-03-22 10:00:00
15.26042175,-18.98824666,LA12,2010-03-22,10:20:52 AM,10:20:00,Hot-Wet,2010-03-22 10:20:00
15.26095378,-18.984729,LA12,2010-03-22,10:40:52 AM,10:40:00,Hot-Wet,2010-03-22 10:40:00
15.2602651,-18.98312581,LA12,2010-03-22,11:00:52 AM,11:00:00,Hot-Wet,2010-03-22 11:00:00
15.26064351,-18.98274129,LA12,2010-03-22,11:20:52 AM,11:20:00,Hot-Wet,2010-03-22 11:20:00
15.26058044,-18.98236084,LA12,2010-03-22,11:40:52 AM,11:40:00,Hot-Wet,2010-03-22 11:40:00
15.26316325,-18.9787089,LA12,2010-03-22,12:00:52 PM,12:00:00,Hot-Wet,2010-03-22 12:00:00
15.26384989,-18.97762451,LA12,2010-03-22,12:20:53 PM,12:20:00,Hot-Wet,2010-03-22 12:20:00
15.26335856,-18.97398885,LA12,2010-03-22,12:40:52 PM,12:40:00,Hot-Wet,2010-03-22 12:40:00
15.26612651,-18.97090861,LA12,2010-03-22,01:00:52 PM,13:00:00,Hot-Wet,2010-03-22 13:00:00
15.26738688,-18.97196248,LA12,2010-03-22,01:20:52 PM,13:20:00,Hot-Wet,2010-03-22 13:20:00
15.26750997,-18.97146606,LA12,2010-03-22,01:40:52 PM,13:40:00,Hot-Wet,2010-03-22 13:40:00
15.26502787,-18.96940918,LA12,2010-03-22,02:00:52 PM,14:00:00,Hot-Wet,2010-03-22 14:00:00
15.26479696,-18.96899211,LA12,2010-03-22,02:20:52 PM,14:20:00,Hot-Wet,2010-03-22 14:20:00
15.26476135,-18.96870931,LA12,2010-03-22,02:40:52 PM,14:40:00,Hot-Wet,2010-03-22 14:40:00
15.26423035,-18.96838582,LA12,2010-03-22,03:00:52 PM,15:00:00,Hot-Wet,2010-03-22 15:00:00
15.26753031,-18.96496785,LA12,2010-03-22,03:20:52 PM,15:20:00,Hot-Wet,2010-03-22 15:20:00
15.26958415,-18.96401367,LA12,2010-03-22,03:40:52 PM,15:40:00,Hot-Wet,2010-03-22 15:40:00
15.27006836,-18.96412557,LA12,2010-03-22,04:00:52 PM,16:00:00,Hot-Wet,2010-03-22 16:00:00
15.27010396,-18.96384074,LA12,2010-03-22,04:20:52 PM,16:20:00,Hot-Wet,2010-03-22 16:20:00
15.27302348,-18.96391398,LA12,2010-03-22,04:40:52 PM,16:40:00,Hot-Wet,2010-03-22 16:40:00
15.27333069,-18.96416423,LA12,2010-03-22,05:00:52 PM,17:00:00,Hot-Wet,2010-03-22 17:00:00
15.27352193,-18.96412557,LA12,2010-03-22,05:20:52 PM,17:20:00,Hot-Wet,2010-03-22 17:20:00
15.27399495,-18.96408895,LA12,2010-03-22,05:40:52 PM,17:40:00,Hot-Wet,2010-03-22 17:40:00
15.27711487,-18.96394246,LA12,2010-03-22,06:00:52 PM,18:00:00,Hot-Wet,2010-03-22 18:00:00
15.27804769,-18.96396281,LA12,2010-03-22,06:20:52 PM,18:20:00,Hot-Wet,2010-03-22 18:20:00
15.28546244,-18.96512248,LA12,2010-03-22,06:40:52 PM,18:40:00,Hot-Wet,2010-03-22 18:40:00
15.29457397,-18.96382243,LA12,2010-03-22,07:00:52 PM,19:00:00,Hot-Wet,2010-03-22 19:00:00
15.30294495,-18.96497192,LA12,2010-03-22,07:20:52 PM,19:20:00,Hot-Wet,2010-03-22 19:20:00
15.31358337,-18.96553345,LA12,2010-03-22,07:40:52 PM,19:40:00,Hot-Wet,2010-03-22 19:40:00
15.32302653,-18.96719767,LA12,2010-03-22,08:00:52 PM,20:00:00,Hot-Wet,2010-03-22 20:00:00
15.32758993,-18.96887207,LA12,2010-03-22,08:20:52 PM,20:20:00,Hot-Wet,2010-03-22 20:20:00
15.32750753,-18.96819865,LA12,2010-03-22,08:40:52 PM,20:40:00,Hot-Wet,2010-03-22 20:40:00
15.33131002,-18.96809285,LA12,2010-03-22,09:00:52 PM,21:00:00,Hot-Wet,2010-03-22 21:00:00
15.34047343,-18.96595866,LA12,2010-03-22,09:20:52 PM,21:20:00,Hot-Wet,2010-03-22 21:20:00
15.34061788,-18.96543579,LA12,2010-03-22,09:40:52 PM,21:40:00,Hot-Wet,2010-03-22 21:40:00
15.34166361,-18.96493123,LA12,2010-03-22,10:00:52 PM,22:00:00,Hot-Wet,2010-03-22 22:00:00
15.3427297,-18.96404419,LA12,2010-03-22,10:21:02 PM,22:21:00,Hot-Wet,2010-03-22 22:21:00
15.3428243,-18.96370036,LA12,2010-03-22,10:40:52 PM,22:40:00,Hot-Wet,2010-03-22 22:40:00
15.34293009,-18.96321818,LA12,2010-03-22,11:00:52 PM,23:00:00,Hot-Wet,2010-03-22 23:00:00
15.34329325,-18.96378174,LA12,2010-03-22,11:20:52 PM,23:20:00,Hot-Wet,2010-03-22 23:20:00
15.34395955,-18.9645813,LA12,2010-03-22,11:40:52 PM,23:40:00,Hot-Wet,2010-03-22 23:40:00
15.34454651,-18.96605225,LA12,2010-03-23,12:00:52 AM,00:00:00,Hot-Wet,2010-03-23 00:00:00
15.34518127,-18.96578166,LA12,2010-03-23,12:20:53 AM,00:20:00,Hot-Wet,2010-03-23 00:20:00
15.34657491,-18.96541138,LA12,2010-03-23,12:40:52 AM,00:40:00,Hot-Wet,2010-03-23 00:40:00
15.34946696,-18.96378784,LA12,2010-03-23,01:00:52 AM,01:00:00,Hot-Wet,2010-03-23 01:00:00
15.34967041,-18.96362915,LA12,2010-03-23,01:20:52 AM,01:20:00,Hot-Wet,2010-03-23 01:20:00
15.35185852,-18.96101685,LA12,2010-03-23,01:40:52 AM,01:40:00,Hot-Wet,2010-03-23 01:40:00
15.35481364,-18.95964152,LA12,2010-03-23,02:00:52 AM,02:00:00,Hot-Wet,2010-03-23 02:00:00
15.35480347,-18.95963745,LA12,2010-03-23,02:20:52 AM,02:20:00,Hot-Wet,2010-03-23 02:20:00
15.35482788,-18.95965576,LA12,2010-03-23,02:40:52 AM,02:40:00,Hot-Wet,2010-03-23 02:40:00
15.35480957,-18.95966593,LA12,2010-03-23,03:00:52 AM,03:00:00,Hot-Wet,2010-03-23 03:00:00
15.35589803,-18.95937703,LA12,2010-03-23,03:20:52 AM,03:20:00,Hot-Wet,2010-03-23 03:20:00
15.35675354,-18.95883993,LA12,2010-03-23,03:40:52 AM,03:40:00,Hot-Wet,2010-03-23 03:40:00
15.3567922,-18.95883789,LA12,2010-03-23,04:00:52 AM,04:00:00,Hot-Wet,2010-03-23 04:00:00
15.3567393,-18.95881144,LA12,2010-03-23,04:20:52 AM,04:20:00,Hot-Wet,2010-03-23 04:20:00
15.35813497,-18.9586731,LA12,2010-03-23,04:40:52 AM,04:40:00,Hot-Wet,2010-03-23 04:40:00
15.35892131,-18.95797119,LA12,2010-03-23,05:00:52 AM,05:00:00,Hot-Wet,2010-03-23 05:00:00
15.36046143,-18.95627238,LA12,2010-03-23,05:20:52 AM,05:20:00,Hot-Wet,2010-03-23 05:20:00
15.36172384,-18.95688883,LA12,2010-03-23,05:40:52 AM,05:40:00,Hot-Wet,2010-03-23 05:40:00
15.36227824,-18.95683797,LA12,2010-03-23,06:00:52 AM,06:00:00,Hot-Wet,2010-03-23 06:00:00
15.36441549,-18.95764364,LA12,2010-03-23,06:20:52 AM,06:20:00,Hot-Wet,2010-03-23 06:20:00
15.36710714,-18.95899658,LA12,2010-03-23,06:40:52 AM,06:40:00,Hot-Wet,2010-03-23 06:40:00
15.36938883,-18.9592509,LA12,2010-03-23,07:00:52 AM,07:00:00,Hot-Wet,2010-03-23 07:00:00
15.37023315,-18.95919393,LA12,2010-03-23,07:20:52 AM,07:20:00,Hot-Wet,2010-03-23 07:20:00
15.37044576,-18.96005859,LA12,2010-03-23,07:40:52 AM,07:40:00,Hot-Wet,2010-03-23 07:40:00
15.37044576,-18.95996704,LA12,2010-03-23,08:00:52 AM,08:00:00,Hot-Wet,2010-03-23 08:00:00
15.37072449,-18.95873413,LA12,2010-03-23,08:20:52 AM,08:20:00,Hot-Wet,2010-03-23 08:20:00
15.37073568,-18.95871785,LA12,2010-03-23,08:40:52 AM,08:40:00,Hot-Wet,2010-03-23 08:40:00
15.37344971,-18.95704346,LA12,2010-03-23,09:00:52 AM,09:00:00,Hot-Wet,2010-03-23 09:00:00
15.37437744,-18.95687663,LA12,2010-03-23,09:20:52 AM,09:20:00,Hot-Wet,2010-03-23 09:20:00
15.37553711,-18.95689697,LA12,2010-03-23,09:40:52 AM,09:40:00,Hot-Wet,2010-03-23 09:40:00
15.37613322,-18.95690308,LA12,2010-03-23,10:00:52 AM,10:00:00,Hot-Wet,2010-03-23 10:00:00
15.37737732,-18.955837,LA12,2010-03-23,10:20:52 AM,10:20:00,Hot-Wet,2010-03-23 10:20:00
15.3764506,-18.95638631,LA12,2010-03-23,10:40:52 AM,10:40:00,Hot-Wet,2010-03-23 10:40:00
15.37721761,-18.95696004,LA12,2010-03-23,11:00:52 AM,11:00:00,Hot-Wet,2010-03-23 11:00:00
15.37747904,-18.9568217,LA12,2010-03-23,11:20:52 AM,11:20:00,Hot-Wet,2010-03-23 11:20:00
15.37744954,-18.95684204,LA12,2010-03-23,11:40:52 AM,11:40:00,Hot-Wet,2010-03-23 11:40:00
15.37744242,-18.95684001,LA12,2010-03-23,12:00:52 PM,12:00:00,Hot-Wet,2010-03-23 12:00:00
15.37744141,-18.9568339,LA12,2010-03-23,12:20:52 PM,12:20:00,Hot-Wet,2010-03-23 12:20:00
15.37682292,-18.95747884,LA12,2010-03-23,12:40:52 PM,12:40:00,Hot-Wet,2010-03-23 12:40:00
15.37543844,-18.95706991,LA12,2010-03-23,01:00:52 PM,13:00:00,Hot-Wet,2010-03-23 13:00:00
15.3737915,-18.96002197,LA12,2010-03-23,01:20:52 PM,13:20:00,Hot-Wet,2010-03-23 13:20:00
15.37663981,-18.96207479,LA12,2010-03-23,01:40:52 PM,13:40:00,Hot-Wet,2010-03-23 13:40:00
15.38479614,-18.96447144,LA12,2010-03-23,02:00:52 PM,14:00:00,Hot-Wet,2010-03-23 14:00:00
15.39087626,-18.9715922,LA12,2010-03-23,02:20:52 PM,14:20:00,Hot-Wet,2010-03-23 14:20:00
15.39439799,-18.97623291,LA12,2010-03-23,02:40:52 PM,14:40:00,Hot-Wet,2010-03-23 14:40:00
15.39620667,-18.97728271,LA12,2010-03-23,03:00:52 PM,15:00:00,Hot-Wet,2010-03-23 15:00:00
15.40148824,-18.97573242,LA12,2010-03-23,03:20:52 PM,15:20:00,Hot-Wet,2010-03-23 15:20:00
15.40976868,-18.97674967,LA12,2010-03-23,03:40:52 PM,15:40:00,Hot-Wet,2010-03-23 15:40:00
15.4146464,-18.97321981,LA12,2010-03-23,04:00:52 PM,16:00:00,Hot-Wet,2010-03-23 16:00:00
15.41714274,-18.97316895,LA12,2010-03-23,04:20:52 PM,16:20:00,Hot-Wet,2010-03-23 16:20:00
15.4200236,-18.97151896,LA12,2010-03-23,04:40:52 PM,16:40:00,Hot-Wet,2010-03-23 16:40:00
15.41934509,-18.97068278,LA12,2010-03-23,05:00:52 PM,17:00:00,Hot-Wet,2010-03-23 17:00:00
15.41974894,-18.97067464,LA12,2010-03-23,05:20:52 PM,17:20:00,Hot-Wet,2010-03-23 17:20:00
15.41906738,-18.96944377,LA12,2010-03-23,05:40:53 PM,17:40:00,Hot-Wet,2010-03-23 17:40:00
15.41830241,-18.96904093,LA12,2010-03-23,06:00:52 PM,18:00:00,Hot-Wet,2010-03-23 18:00:00
15.41813863,-18.96899821,LA12,2010-03-23,06:20:52 PM,18:20:00,Hot-Wet,2010-03-23 18:20:00
15.41766256,-18.9670166,LA12,2010-03-23,06:40:52 PM,18:40:00,Hot-Wet,2010-03-23 18:40:00
15.41724141,-18.96615601,LA12,2010-03-23,07:00:52 PM,19:00:00,Hot-Wet,2010-03-23 19:00:00
15.41738485,-18.96384888,LA12,2010-03-23,07:20:52 PM,19:20:00,Hot-Wet,2010-03-23 19:20:00
15.41856079,-18.96023763,LA12,2010-03-23,07:40:52 PM,19:40:00,Hot-Wet,2010-03-23 19:40:00
15.41935527,-18.9601298,LA12,2010-03-23,08:00:52 PM,20:00:00,Hot-Wet,2010-03-23 20:00:00
15.42005208,-18.95973511,LA12,2010-03-23,08:20:52 PM,20:20:00,Hot-Wet,2010-03-23 20:20:00
15.4186849,-18.96007284,LA12,2010-03-23,08:40:52 PM,20:40:00,Hot-Wet,2010-03-23 20:40:00
15.41790263,-18.9601237,LA12,2010-03-23,09:00:52 PM,21:00:00,Hot-Wet,2010-03-23 21:00:00
15.41696065,-18.96176147,LA12,2010-03-23,09:20:52 PM,21:20:00,Hot-Wet,2010-03-23 21:20:00
15.41656291,-18.96269938,LA12,2010-03-23,09:40:52 PM,21:40:00,Hot-Wet,2010-03-23 21:40:00
15.41713155,-18.96198527,LA12,2010-03-23,10:00:52 PM,22:00:00,Hot-Wet,2010-03-23 22:00:00
15.41498515,-18.96117757,LA12,2010-03-23,10:20:52 PM,22:20:00,Hot-Wet,2010-03-23 22:20:00
15.41411438,-18.96202799,LA12,2010-03-23,10:40:52 PM,22:40:00,Hot-Wet,2010-03-23 22:40:00
15.41416829,-18.96153768,LA12,2010-03-23,11:00:52 PM,23:00:00,Hot-Wet,2010-03-23 23:00:00
15.41411438,-18.96046956,LA12,2010-03-23,11:20:52 PM,23:20:00,Hot-Wet,2010-03-23 23:20:00
15.41362915,-18.96025187,LA12,2010-03-23,11:40:52 PM,23:40:00,Hot-Wet,2010-03-23 23:40:00
15.41361796,-18.96026815,LA12,2010-03-24,12:00:52 AM,00:00:00,Hot-Wet,2010-03-24 00:00:00
15.41360372,-18.96027425,LA12,2010-03-24,12:20:52 AM,00:20:00,Hot-Wet,2010-03-24 00:20:00
15.41326599,-18.96079508,LA12,2010-03-24,12:40:52 AM,00:40:00,Hot-Wet,2010-03-24 00:40:00
15.41333008,-18.96080933,LA12,2010-03-24,01:00:52 AM,01:00:00,Hot-Wet,2010-03-24 01:00:00
15.41330058,-18.96080322,LA12,2010-03-24,01:20:52 AM,01:20:00,Hot-Wet,2010-03-24 01:20:00
15.41332296,-18.96080119,LA12,2010-03-24,01:40:52 AM,01:40:00,Hot-Wet,2010-03-24 01:40:00
15.41331584,-18.9608195,LA12,2010-03-24,02:00:52 AM,02:00:00,Hot-Wet,2010-03-24 02:00:00
15.41333516,-18.96081746,LA12,2010-03-24,02:20:52 AM,02:20:00,Hot-Wet,2010-03-24 02:20:00
15.41332296,-18.96081136,LA12,2010-03-24,02:40:52 AM,02:40:00,Hot-Wet,2010-03-24 02:40:00
15.41388143,-18.96190186,LA12,2010-03-24,03:00:52 AM,03:00:00,Hot-Wet,2010-03-24 03:00:00
15.41387126,-18.96192424,LA12,2010-03-24,03:20:52 AM,03:20:00,Hot-Wet,2010-03-24 03:20:00
15.41403605,-18.96193441,LA12,2010-03-24,03:40:52 AM,03:40:00,Hot-Wet,2010-03-24 03:40:00
15.41377869,-18.96290894,LA12,2010-03-24,04:00:52 AM,04:00:00,Hot-Wet,2010-03-24 04:00:00
15.41316732,-18.96222127,LA12,2010-03-24,04:20:52 AM,04:20:00,Hot-Wet,2010-03-24 04:20:00
15.41248576,-18.96163127,LA12,2010-03-24,04:40:52 AM,04:40:00,Hot-Wet,2010-03-24 04:40:00
15.41108907,-18.96098836,LA12,2010-03-24,05:00:52 AM,05:00:00,Hot-Wet,2010-03-24 05:00:00
15.41108602,-18.95923665,LA12,2010-03-24,05:20:52 AM,05:20:00,Hot-Wet,2010-03-24 05:20:00
15.41013489,-18.95951131,LA12,2010-03-24,05:40:52 AM,05:40:00,Hot-Wet,2010-03-24 05:40:00
15.41131999,-18.95837402,LA12,2010-03-24,06:00:52 AM,06:00:00,Hot-Wet,2010-03-24 06:00:00
15.41175639,-18.95760295,LA12,2010-03-24,06:20:52 AM,06:20:00,Hot-Wet,2010-03-24 06:20:00
15.41166484,-18.95651042,LA12,2010-03-24,06:40:52 AM,06:40:00,Hot-Wet,2010-03-24 06:40:00
15.41185404,-18.95584717,LA12,2010-03-24,07:00:52 AM,07:00:00,Hot-Wet,2010-03-24 07:00:00
15.41162821,-18.95494385,LA12,2010-03-24,07:20:52 AM,07:20:00,Hot-Wet,2010-03-24 07:20:00
15.4138031,-18.95235596,LA12,2010-03-24,07:40:52 AM,07:40:00,Hot-Wet,2010-03-24 07:40:00
15.41798096,-18.95514526,LA12,2010-03-24,08:00:52 AM,08:00:00,Hot-Wet,2010-03-24 08:00:00
15.41931356,-18.95530192,LA12,2010-03-24,08:20:52 AM,08:20:00,Hot-Wet,2010-03-24 08:20:00
15.41990967,-18.95477905,LA12,2010-03-24,08:40:52 AM,08:40:00,Hot-Wet,2010-03-24 08:40:00
15.42177633,-18.95568237,LA12,2010-03-24,09:00:52 AM,09:00:00,Hot-Wet,2010-03-24 09:00:00
15.42239482,-18.95633748,LA12,2010-03-24,09:20:52 AM,09:20:00,Hot-Wet,2010-03-24 09:20:00
15.42269491,-18.95641479,LA12,2010-03-24,09:40:52 AM,09:40:00,Hot-Wet,2010-03-24 09:40:00
15.42298889,-18.95650635,LA12,2010-03-24,10:00:52 AM,10:00:00,Hot-Wet,2010-03-24 10:00:00
15.42332662,-18.95554403,LA12,2010-03-24,10:20:52 AM,10:20:00,Hot-Wet,2010-03-24 10:20:00
15.42038066,-18.95143636,LA12,2010-03-24,10:40:52 AM,10:40:00,Hot-Wet,2010-03-24 10:40:00
15.420401,-18.95134277,LA12,2010-03-24,11:00:52 AM,11:00:00,Hot-Wet,2010-03-24 11:00:00
15.42042236,-18.95134684,LA12,2010-03-24,11:20:52 AM,11:20:00,Hot-Wet,2010-03-24 11:20:00
15.42039185,-18.95134888,LA12,2010-03-24,11:40:52 AM,11:40:00,Hot-Wet,2010-03-24 11:40:00
15.42039286,-18.95134888,LA12,2010-03-24,12:00:52 PM,12:00:00,Hot-Wet,2010-03-24 12:00:00
15.42037455,-18.95134888,LA12,2010-03-24,12:20:53 PM,12:20:00,Hot-Wet,2010-03-24 12:20:00
15.42215983,-18.95531006,LA12,2010-03-24,12:40:52 PM,12:40:00,Hot-Wet,2010-03-24 12:40:00
15.42292989,-18.95625407,LA12,2010-03-24,01:00:52 PM,13:00:00,Hot-Wet,2010-03-24 13:00:00
15.42089132,-18.95837402,LA12,2010-03-24,01:20:52 PM,13:20:00,Hot-Wet,2010-03-24 13:20:00
15.42025757,-18.9600708,LA12,2010-03-24,01:40:52 PM,13:40:00,Hot-Wet,2010-03-24 13:40:00
15.41986084,-18.95974121,LA12,2010-03-24,02:00:52 PM,14:00:00,Hot-Wet,2010-03-24 14:00:00
15.41832275,-18.95903727,LA12,2010-03-24,02:20:52 PM,14:20:00,Hot-Wet,2010-03-24 14:20:00
15.41929626,-18.95527547,LA12,2010-03-24,02:40:52 PM,14:40:00,Hot-Wet,2010-03-24 14:40:00
15.41943868,-18.95577393,LA12,2010-03-24,03:00:52 PM,15:00:00,Hot-Wet,2010-03-24 15:00:00
15.4205363,-18.95796305,LA12,2010-03-24,03:20:52 PM,15:20:00,Hot-Wet,2010-03-24 15:20:00
15.42443339,-18.95813192,LA12,2010-03-24,03:40:52 PM,15:40:00,Hot-Wet,2010-03-24 15:40:00
15.42661641,-18.95839437,LA12,2010-03-24,04:00:52 PM,16:00:00,Hot-Wet,2010-03-24 16:00:00
15.42720439,-18.95880941,LA12,2010-03-24,04:20:52 PM,16:20:00,Hot-Wet,2010-03-24 16:20:00
15.42745158,-18.9593811,LA12,2010-03-24,04:40:52 PM,16:40:00,Hot-Wet,2010-03-24 16:40:00
15.42737427,-18.95785929,LA12,2010-03-24,05:00:52 PM,17:00:00,Hot-Wet,2010-03-24 17:00:00
15.42695313,-18.95722046,LA12,2010-03-24,05:20:52 PM,17:20:00,Hot-Wet,2010-03-24 17:20:00
15.42671509,-18.95646566,LA12,2010-03-24,05:40:52 PM,17:40:00,Hot-Wet,2010-03-24 17:40:00
15.42658285,-18.95530192,LA12,2010-03-24,06:00:52 PM,18:00:00,Hot-Wet,2010-03-24 18:00:00
15.4265981,-18.9552653,LA12,2010-03-24,06:20:52 PM,18:20:00,Hot-Wet,2010-03-24 18:20:00
15.42471008,-18.95531006,LA12,2010-03-24,06:40:52 PM,18:40:00,Hot-Wet,2010-03-24 18:40:00
15.42202047,-18.95658162,LA12,2010-03-24,07:00:52 PM,19:00:00,Hot-Wet,2010-03-24 19:00:00
15.41859639,-18.96011759,LA12,2010-03-24,07:20:52 PM,19:20:00,Hot-Wet,2010-03-24 19:20:00
15.41788534,-18.96121826,LA12,2010-03-24,07:40:52 PM,19:40:00,Hot-Wet,2010-03-24 19:40:00
15.41719157,-18.96200765,LA12,2010-03-24,08:00:52 PM,20:00:00,Hot-Wet,2010-03-24 20:00:00
15.41575826,-18.96351725,LA12,2010-03-24,08:20:52 PM,20:20:00,Hot-Wet,2010-03-24 20:20:00
15.41037089,-18.96183879,LA12,2010-03-24,08:40:52 PM,20:40:00,Hot-Wet,2010-03-24 20:40:00
15.40809021,-18.96146851,LA12,2010-03-24,09:00:52 PM,21:00:00,Hot-Wet,2010-03-24 21:00:00
15.40565287,-18.96203003,LA12,2010-03-24,09:20:52 PM,21:20:00,Hot-Wet,2010-03-24 21:20:00
15.40285339,-18.95955607,LA12,2010-03-24,09:40:52 PM,21:40:00,Hot-Wet,2010-03-24 21:40:00
15.40090942,-18.95852661,LA12,2010-03-24,10:00:52 PM,22:00:00,Hot-Wet,2010-03-24 22:00:00
15.39802246,-18.95754801,LA12,2010-03-24,10:20:52 PM,22:20:00,Hot-Wet,2010-03-24 22:20:00
15.39643555,-18.95746867,LA12,2010-03-24,10:40:52 PM,22:40:00,Hot-Wet,2010-03-24 22:40:00
15.39500427,-18.95557658,LA12,2010-03-24,11:00:52 PM,23:00:00,Hot-Wet,2010-03-24 23:00:00
15.39411621,-18.9539978,LA12,2010-03-24,11:20:52 PM,23:20:00,Hot-Wet,2010-03-24 23:20:00
15.3941569,-18.95390625,LA12,2010-03-24,11:40:52 PM,23:40:00,Hot-Wet,2010-03-24 23:40:00
15.39415385,-18.95391846,LA12,2010-03-25,12:00:52 AM,00:00:00,Hot-Wet,2010-03-25 00:00:00
15.3941274,-18.95389404,LA12,2010-03-25,12:20:52 AM,00:20:00,Hot-Wet,2010-03-25 00:20:00
15.39413554,-18.95388794,LA12,2010-03-25,12:40:52 AM,00:40:00,Hot-Wet,2010-03-25 00:40:00
15.39415588,-18.95388184,LA12,2010-03-25,01:00:52 AM,01:00:00,Hot-Wet,2010-03-25 01:00:00
15.39415283,-18.95392863,LA12,2010-03-25,01:20:52 AM,01:20:00,Hot-Wet,2010-03-25 01:20:00
15.39413757,-18.95392456,LA12,2010-03-25,01:40:52 AM,01:40:00,Hot-Wet,2010-03-25 01:40:00
15.39413554,-18.95387573,LA12,2010-03-25,02:00:52 AM,02:00:00,Hot-Wet,2010-03-25 02:00:00
15.39417114,-18.95390218,LA12,2010-03-25,02:20:52 AM,02:20:00,Hot-Wet,2010-03-25 02:20:00
15.39415588,-18.95380452,LA12,2010-03-25,02:40:52 AM,02:40:00,Hot-Wet,2010-03-25 02:40:00
15.39339498,-18.95386759,LA12,2010-03-25,03:00:52 AM,03:00:00,Hot-Wet,2010-03-25 03:00:00
15.39302063,-18.95358276,LA12,2010-03-25,03:20:52 AM,03:20:00,Hot-Wet,2010-03-25 03:20:00
15.39250488,-18.95292562,LA12,2010-03-25,03:40:52 AM,03:40:00,Hot-Wet,2010-03-25 03:40:00
15.39227498,-18.95230509,LA12,2010-03-25,04:00:52 AM,04:00:00,Hot-Wet,2010-03-25 04:00:00
15.39227091,-18.95229085,LA12,2010-03-25,04:20:52 AM,04:20:00,Hot-Wet,2010-03-25 04:20:00
15.3922821,-18.95235189,LA12,2010-03-25,04:40:52 AM,04:40:00,Hot-Wet,2010-03-25 04:40:00
15.39217733,-18.95224406,LA12,2010-03-25,05:00:52 AM,05:00:00,Hot-Wet,2010-03-25 05:00:00
15.39022725,-18.95175374,LA12,2010-03-25,05:20:52 AM,05:20:00,Hot-Wet,2010-03-25 05:20:00
15.39393311,-18.94700521,LA12,2010-03-25,05:40:52 AM,05:40:00,Hot-Wet,2010-03-25 05:40:00
15.39635315,-18.94424642,LA12,2010-03-25,06:00:52 AM,06:00:00,Hot-Wet,2010-03-25 06:00:00
15.3989624,-18.9412028,LA12,2010-03-25,06:20:52 AM,06:20:00,Hot-Wet,2010-03-25 06:20:00
15.4014801,-18.93942464,LA12,2010-03-25,06:40:52 AM,06:40:00,Hot-Wet,2010-03-25 06:40:00
15.40186869,-18.93938802,LA12,2010-03-25,07:00:52 AM,07:00:00,Hot-Wet,2010-03-25 07:00:00
15.40278931,-18.93919474,LA12,2010-03-25,07:20:52 AM,07:20:00,Hot-Wet,2010-03-25 07:20:00
15.40279948,-18.93784587,LA12,2010-03-25,07:40:52 AM,07:40:00,Hot-Wet,2010-03-25 07:40:00
15.40197245,-18.93690999,LA12,2010-03-25,08:00:52 AM,08:00:00,Hot-Wet,2010-03-25 08:00:00
15.40128276,-18.93674316,LA12,2010-03-25,08:20:52 AM,08:20:00,Hot-Wet,2010-03-25 08:20:00
15.40129801,-18.93672892,LA12,2010-03-25,08:40:52 AM,08:40:00,Hot-Wet,2010-03-25 08:40:00
15.40059814,-18.93716634,LA12,2010-03-25,09:00:52 AM,09:00:00,Hot-Wet,2010-03-25 09:00:00
15.40388896,-18.93804321,LA12,2010-03-25,09:20:52 AM,09:20:00,Hot-Wet,2010-03-25 09:20:00
15.40785116,-18.93797404,LA12,2010-03-25,09:40:52 AM,09:40:00,Hot-Wet,2010-03-25 09:40:00
15.41348674,-18.93758952,LA12,2010-03-25,10:00:52 AM,10:00:00,Hot-Wet,2010-03-25 10:00:00
15.41932068,-18.94127604,LA12,2010-03-25,10:20:52 AM,10:20:00,Hot-Wet,2010-03-25 10:20:00
15.41945699,-18.94782511,LA12,2010-03-25,10:40:52 AM,10:40:00,Hot-Wet,2010-03-25 10:40:00
15.41955973,-18.95524089,LA12,2010-03-25,11:00:52 AM,11:00:00,Hot-Wet,2010-03-25 11:00:00
15.41884257,-18.95476888,LA12,2010-03-25,11:20:52 AM,11:20:00,Hot-Wet,2010-03-25 11:20:00
15.4172526,-18.95308024,LA12,2010-03-25,11:40:52 AM,11:40:00,Hot-Wet,2010-03-25 11:40:00
15.41739807,-18.95442301,LA12,2010-03-25,12:00:52 PM,12:00:00,Hot-Wet,2010-03-25 12:00:00
15.418927,-18.95660807,LA12,2010-03-25,12:20:52 PM,12:20:00,Hot-Wet,2010-03-25 12:20:00
15.41982727,-18.95911662,LA12,2010-03-25,12:40:52 PM,12:40:00,Hot-Wet,2010-03-25 12:40:00
15.4201355,-18.95986735,LA12,2010-03-25,01:00:52 PM,13:00:00,Hot-Wet,2010-03-25 13:00:00
15.4197642,-18.96038411,LA12,2010-03-25,01:20:52 PM,13:20:00,Hot-Wet,2010-03-25 13:20:00
15.41941528,-18.9617452,LA12,2010-03-25,01:40:52 PM,13:40:00,Hot-Wet,2010-03-25 13:40:00
15.42002665,-18.96301676,LA12,2010-03-25,02:00:52 PM,14:00:00,Hot-Wet,2010-03-25 14:00:00
15.42206116,-18.96327922,LA12,2010-03-25,02:20:52 PM,14:20:00,Hot-Wet,2010-03-25 14:20:00
15.42260335,-18.96344604,LA12,2010-03-25,02:40:52 PM,14:40:00,Hot-Wet,2010-03-25 14:40:00
15.42349243,-18.96170247,LA12,2010-03-25,03:00:52 PM,15:00:00,Hot-Wet,2010-03-25 15:00:00
15.42481079,-18.96168416,LA12,2010-03-25,03:20:52 PM,15:20:00,Hot-Wet,2010-03-25 15:20:00
15.42458394,-18.96136678,LA12,2010-03-25,03:40:52 PM,15:40:00,Hot-Wet,2010-03-25 15:40:00
15.42531331,-18.96056519,LA12,2010-03-25,04:00:52 PM,16:00:00,Hot-Wet,2010-03-25 16:00:00
15.42595723,-18.95905762,LA12,2010-03-25,04:20:52 PM,16:20:00,Hot-Wet,2010-03-25 16:20:00
15.42575887,-18.95970052,LA12,2010-03-25,04:40:52 PM,16:40:00,Hot-Wet,2010-03-25 16:40:00
15.42578532,-18.95821126,LA12,2010-03-25,05:00:52 PM,17:00:00,Hot-Wet,2010-03-25 17:00:00
15.42732747,-18.95722249,LA12,2010-03-25,05:20:52 PM,17:20:00,Hot-Wet,2010-03-25 17:20:00
15.42794393,-18.95585531,LA12,2010-03-25,05:40:52 PM,17:40:00,Hot-Wet,2010-03-25 17:40:00
15.42877299,-18.95681966,LA12,2010-03-25,06:00:52 PM,18:00:00,Hot-Wet,2010-03-25 18:00:00
15.42903341,-18.9571106,LA12,2010-03-25,06:20:52 PM,18:20:00,Hot-Wet,2010-03-25 18:20:00
15.42926534,-18.95748088,LA12,2010-03-25,06:40:52 PM,18:40:00,Hot-Wet,2010-03-25 18:40:00
15.42965393,-18.95709839,LA12,2010-03-25,07:00:52 PM,19:00:00,Hot-Wet,2010-03-25 19:00:00
15.42951355,-18.95516561,LA12,2010-03-25,07:20:52 PM,19:20:00,Hot-Wet,2010-03-25 19:20:00
15.42904765,-18.9546936,LA12,2010-03-25,07:40:52 PM,19:40:00,Hot-Wet,2010-03-25 19:40:00
15.42941081,-18.95452067,LA12,2010-03-25,08:00:52 PM,20:00:00,Hot-Wet,2010-03-25 20:00:00
15.43074341,-18.95483602,LA12,2010-03-25,08:20:52 PM,20:20:00,Hot-Wet,2010-03-25 20:20:00
15.4311025,-18.95471191,LA12,2010-03-25,08:40:52 PM,20:40:00,Hot-Wet,2010-03-25 20:40:00
15.43161011,-18.95487061,LA12,2010-03-25,09:00:52 PM,21:00:00,Hot-Wet,2010-03-25 21:00:00
15.4316925,-18.95481974,LA12,2010-03-25,09:20:53 PM,21:20:00,Hot-Wet,2010-03-25 21:20:00
15.43335876,-18.95473429,LA12,2010-03-25,09:40:52 PM,21:40:00,Hot-Wet,2010-03-25 21:40:00
15.4348704,-18.95438029,LA12,2010-03-25,10:00:52 PM,22:00:00,Hot-Wet,2010-03-25 22:00:00
15.43538208,-18.95396118,LA12,2010-03-25,10:20:52 PM,22:20:00,Hot-Wet,2010-03-25 22:20:00
15.43537089,-18.95396729,LA12,2010-03-25,10:40:52 PM,22:40:00,Hot-Wet,2010-03-25 22:40:00
15.43538615,-18.95396932,LA12,2010-03-25,11:00:52 PM,23:00:00,Hot-Wet,2010-03-25 23:00:00
15.43539225,-18.95398763,LA12,2010-03-25,11:20:52 PM,23:20:00,Hot-Wet,2010-03-25 23:20:00
15.43539022,-18.95398966,LA12,2010-03-25,11:40:52 PM,23:40:00,Hot-Wet,2010-03-25 23:40:00
15.43631694,-18.9542277,LA12,2010-03-26,12:00:52 AM,00:00:00,Hot-Wet,2010-03-26 00:00:00
15.4370697,-18.95465698,LA12,2010-03-26,12:20:52 AM,00:20:00,Hot-Wet,2010-03-26 00:20:00
15.4382019,-18.9546814,LA12,2010-03-26,12:40:52 AM,00:40:00,Hot-Wet,2010-03-26 00:40:00
15.43892008,-18.95446574,LA12,2010-03-26,01:00:52 AM,01:00:00,Hot-Wet,2010-03-26 01:00:00
15.43937378,-18.9546285,LA12,2010-03-26,01:20:52 AM,01:20:00,Hot-Wet,2010-03-26 01:20:00
15.43946228,-18.95452067,LA12,2010-03-26,01:40:52 AM,01:40:00,Hot-Wet,2010-03-26 01:40:00
15.44029541,-18.95324504,LA12,2010-03-26,02:00:52 AM,02:00:00,Hot-Wet,2010-03-26 02:00:00
15.44029236,-18.95310262,LA12,2010-03-26,02:20:52 AM,02:20:00,Hot-Wet,2010-03-26 02:20:00
15.44030253,-18.953125,LA12,2010-03-26,02:40:52 AM,02:40:00,Hot-Wet,2010-03-26 02:40:00
15.44026693,-18.95316162,LA12,2010-03-26,03:00:52 AM,03:00:00,Hot-Wet,2010-03-26 03:00:00
15.44027303,-18.95313924,LA12,2010-03-26,03:20:52 AM,03:20:00,Hot-Wet,2010-03-26 03:20:00
15.44028219,-18.95316976,LA12,2010-03-26,03:40:52 AM,03:40:00,Hot-Wet,2010-03-26 03:40:00
15.44025269,-18.95313721,LA12,2010-03-26,04:00:52 AM,04:00:00,Hot-Wet,2010-03-26 04:00:00
15.44026286,-18.95312907,LA12,2010-03-26,04:20:52 AM,04:20:00,Hot-Wet,2010-03-26 04:20:00
15.44027608,-18.953125,LA12,2010-03-26,04:40:52 AM,04:40:00,Hot-Wet,2010-03-26 04:40:00
15.44025777,-18.95313721,LA12,2010-03-26,05:00:52 AM,05:00:00,Hot-Wet,2010-03-26 05:00:00
15.43909505,-18.95302124,LA12,2010-03-26,05:20:52 AM,05:20:00,Hot-Wet,2010-03-26 05:20:00
15.43783569,-18.95282796,LA12,2010-03-26,05:40:52 AM,05:40:00,Hot-Wet,2010-03-26 05:40:00
15.43622131,-18.95248006,LA12,2010-03-26,06:00:52 AM,06:00:00,Hot-Wet,2010-03-26 06:00:00
15.43388672,-18.95199992,LA12,2010-03-26,06:20:52 AM,06:20:00,Hot-Wet,2010-03-26 06:20:00
15.43351339,-18.95278524,LA12,2010-03-26,06:40:52 AM,06:40:00,Hot-Wet,2010-03-26 06:40:00
15.43335775,-18.95315755,LA12,2010-03-26,07:00:52 AM,07:00:00,Hot-Wet,2010-03-26 07:00:00
15.43303121,-18.95288289,LA12,2010-03-26,07:20:52 AM,07:20:00,Hot-Wet,2010-03-26 07:20:00
15.43096619,-18.95102539,LA12,2010-03-26,07:40:52 AM,07:40:00,Hot-Wet,2010-03-26 07:40:00
15.42997335,-18.95051066,LA12,2010-03-26,08:00:52 AM,08:00:00,Hot-Wet,2010-03-26 08:00:00
15.4275828,-18.95240479,LA12,2010-03-26,08:20:52 AM,08:20:00,Hot-Wet,2010-03-26 08:20:00
15.42631531,-18.95345662,LA12,2010-03-26,08:40:52 AM,08:40:00,Hot-Wet,2010-03-26 08:40:00
15.42467651,-18.95487671,LA12,2010-03-26,09:00:52 AM,09:00:00,Hot-Wet,2010-03-26 09:00:00
15.42079468,-18.96034546,LA12,2010-03-26,09:20:52 AM,09:20:00,Hot-Wet,2010-03-26 09:20:00
15.42022196,-18.9627828,LA12,2010-03-26,09:40:52 AM,09:40:00,Hot-Wet,2010-03-26 09:40:00
15.41967672,-18.96354777,LA12,2010-03-26,10:00:52 AM,10:00:00,Hot-Wet,2010-03-26 10:00:00
15.41565755,-18.96478475,LA12,2010-03-26,10:20:52 AM,10:20:00,Hot-Wet,2010-03-26 10:20:00
15.40995687,-18.96602376,LA12,2010-03-26,10:40:52 AM,10:40:00,Hot-Wet,2010-03-26 10:40:00
15.4077596,-18.9696757,LA12,2010-03-26,11:00:52 AM,11:00:00,Hot-Wet,2010-03-26 11:00:00
15.40931295,-18.9770223,LA12,2010-03-26,11:20:52 AM,11:20:00,Hot-Wet,2010-03-26 11:20:00
15.40670573,-18.97693481,LA12,2010-03-26,11:40:52 AM,11:40:00,Hot-Wet,2010-03-26 11:40:00
15.40669963,-18.97678223,LA12,2010-03-26,12:00:52 PM,12:00:00,Hot-Wet,2010-03-26 12:00:00
15.40756327,-18.97498576,LA12,2010-03-26,12:20:53 PM,12:20:00,Hot-Wet,2010-03-26 12:20:00
15.40756836,-18.97501831,LA12,2010-03-26,12:40:52 PM,12:40:00,Hot-Wet,2010-03-26 12:40:00
15.40756124,-18.97500203,LA12,2010-03-26,01:00:52 PM,13:00:00,Hot-Wet,2010-03-26 13:00:00
15.40756632,-18.97500814,LA12,2010-03-26,01:20:52 PM,13:20:00,Hot-Wet,2010-03-26 13:20:00
15.40791423,-18.97098389,LA12,2010-03-26,01:40:52 PM,13:40:00,Hot-Wet,2010-03-26 13:40:00
15.40299784,-18.97140503,LA12,2010-03-26,02:00:52 PM,14:00:00,Hot-Wet,2010-03-26 14:00:00
15.40089722,-18.97182617,LA12,2010-03-26,02:20:52 PM,14:20:00,Hot-Wet,2010-03-26 14:20:00
15.40053914,-18.97206421,LA12,2010-03-26,02:40:52 PM,14:40:00,Hot-Wet,2010-03-26 14:40:00
15.39976095,-18.97198893,LA12,2010-03-26,03:00:52 PM,15:00:00,Hot-Wet,2010-03-26 15:00:00
15.39858805,-18.97085775,LA12,2010-03-26,03:20:52 PM,15:20:00,Hot-Wet,2010-03-26 15:20:00
15.39435323,-18.97149048,LA12,2010-03-26,03:40:52 PM,15:40:00,Hot-Wet,2010-03-26 15:40:00
15.38884176,-18.97630615,LA12,2010-03-26,04:00:52 PM,16:00:00,Hot-Wet,2010-03-26 16:00:00
15.38492737,-18.97396851,LA12,2010-03-26,04:20:52 PM,16:20:00,Hot-Wet,2010-03-26 16:20:00
15.38270365,-18.97532959,LA12,2010-03-26,04:40:52 PM,16:40:00,Hot-Wet,2010-03-26 16:40:00
15.38167521,-18.97603556,LA12,2010-03-26,05:00:52 PM,17:00:00,Hot-Wet,2010-03-26 17:00:00
15.37740987,-18.97356974,LA12,2010-03-26,05:20:52 PM,17:20:00,Hot-Wet,2010-03-26 17:20:00
15.36794128,-18.9729716,LA12,2010-03-26,05:40:52 PM,17:40:00,Hot-Wet,2010-03-26 17:40:00
15.35803019,-18.97350667,LA12,2010-03-26,06:00:52 PM,18:00:00,Hot-Wet,2010-03-26 18:00:00
15.35100708,-18.97462158,LA12,2010-03-26,06:20:52 PM,18:20:00,Hot-Wet,2010-03-26 18:20:00
15.34055278,-18.97408447,LA12,2010-03-26,06:40:52 PM,18:40:00,Hot-Wet,2010-03-26 18:40:00
15.33080953,-18.97181193,LA12,2010-03-26,07:00:52 PM,19:00:00,Hot-Wet,2010-03-26 19:00:00
15.32750448,-18.96895752,LA12,2010-03-26,07:20:52 PM,19:20:00,Hot-Wet,2010-03-26 19:20:00
15.31975708,-18.96711833,LA12,2010-03-26,07:40:52 PM,19:40:00,Hot-Wet,2010-03-26 19:40:00
15.31416423,-18.95989787,LA12,2010-03-26,08:00:52 PM,20:00:00,Hot-Wet,2010-03-26 20:00:00
15.31008911,-18.95207723,LA12,2010-03-26,08:20:52 PM,20:20:00,Hot-Wet,2010-03-26 20:20:00
15.30390523,-18.94938761,LA12,2010-03-26,08:40:52 PM,20:40:00,Hot-Wet,2010-03-26 20:40:00
15.30155945,-18.94542033,LA12,2010-03-26,09:00:52 PM,21:00:00,Hot-Wet,2010-03-26 21:00:00
15.30224508,-18.94492188,LA12,2010-03-26,09:20:52 PM,21:20:00,Hot-Wet,2010-03-26 21:20:00
15.30290934,-18.94426066,LA12,2010-03-26,09:40:52 PM,21:40:00,Hot-Wet,2010-03-26 21:40:00
15.30710144,-18.94656169,LA12,2010-03-26,10:00:52 PM,22:00:00,Hot-Wet,2010-03-26 22:00:00
15.30841878,-18.95121053,LA12,2010-03-26,10:20:52 PM,22:20:00,Hot-Wet,2010-03-26 22:20:00
15.30921122,-18.95432739,LA12,2010-03-26,10:40:52 PM,22:40:00,Hot-Wet,2010-03-26 22:40:00
15.311026,-18.9580424,LA12,2010-03-26,11:00:52 PM,23:00:00,Hot-Wet,2010-03-26 23:00:00
15.30969543,-18.96008911,LA12,2010-03-26,11:20:52 PM,23:20:00,Hot-Wet,2010-03-26 23:20:00
15.3045756,-18.96446737,LA12,2010-03-26,11:40:52 PM,23:40:00,Hot-Wet,2010-03-26 23:40:00
15.30102234,-18.9642924,LA12,2010-03-27,12:00:52 AM,00:00:00,Hot-Wet,2010-03-27 00:00:00
15.30075887,-18.96424561,LA12,2010-03-27,12:20:53 AM,00:20:00,Hot-Wet,2010-03-27 00:20:00
15.29871114,-18.96421712,LA12,2010-03-27,12:40:52 AM,00:40:00,Hot-Wet,2010-03-27 00:40:00
15.28804525,-18.96461385,LA12,2010-03-27,01:00:52 AM,01:00:00,Hot-Wet,2010-03-27 01:00:00
15.27766825,-18.9666748,LA12,2010-03-27,01:20:52 AM,01:20:00,Hot-Wet,2010-03-27 01:20:00
15.2736379,-18.96396688,LA12,2010-03-27,01:40:52 AM,01:40:00,Hot-Wet,2010-03-27 01:40:00
15.27343852,-18.96389771,LA12,2010-03-27,02:00:52 AM,02:00:00,Hot-Wet,2010-03-27 02:00:00
15.2733724,-18.96417033,LA12,2010-03-27,02:20:52 AM,02:20:00,Hot-Wet,2010-03-27 02:20:00
15.2726766,-18.965271,LA12,2010-03-27,02:40:52 AM,02:40:00,Hot-Wet,2010-03-27 02:40:00
15.27266642,-18.96524862,LA12,2010-03-27,03:00:58 AM,03:00:00,Hot-Wet,2010-03-27 03:00:00
15.27203979,-18.966038,LA12,2010-03-27,03:20:52 AM,03:20:00,Hot-Wet,2010-03-27 03:20:00
15.27204081,-18.9660319,LA12,2010-03-27,03:40:52 AM,03:40:00,Hot-Wet,2010-03-27 03:40:00
15.27203064,-18.96601156,LA12,2010-03-27,04:00:52 AM,04:00:00,Hot-Wet,2010-03-27 04:00:00
15.27119446,-18.96738485,LA12,2010-03-27,04:20:52 AM,04:20:00,Hot-Wet,2010-03-27 04:20:00
15.27112223,-18.96774495,LA12,2010-03-27,04:40:52 AM,04:40:00,Hot-Wet,2010-03-27 04:40:00
15.27058512,-18.96777547,LA12,2010-03-27,05:00:52 AM,05:00:00,Hot-Wet,2010-03-27 05:00:00
15.27029928,-18.96780802,LA12,2010-03-27,05:20:52 AM,05:20:00,Hot-Wet,2010-03-27 05:20:00
15.27009277,-18.96812541,LA12,2010-03-27,05:40:52 AM,05:40:00,Hot-Wet,2010-03-27 05:40:00
15.26998189,-18.96807251,LA12,2010-03-27,06:00:52 AM,06:00:00,Hot-Wet,2010-03-27 06:00:00
15.26900838,-18.97084351,LA12,2010-03-27,06:20:52 AM,06:20:00,Hot-Wet,2010-03-27 06:20:00
15.268927,-18.97438354,LA12,2010-03-27,06:40:52 AM,06:40:00,Hot-Wet,2010-03-27 06:40:00
15.26847636,-18.97670085,LA12,2010-03-27,07:00:52 AM,07:00:00,Hot-Wet,2010-03-27 07:00:00
15.26781514,-18.97775675,LA12,2010-03-27,07:20:52 AM,07:20:00,Hot-Wet,2010-03-27 07:20:00
15.26159973,-18.98174438,LA12,2010-03-27,07:40:52 AM,07:40:00,Hot-Wet,2010-03-27 07:40:00
15.25971781,-18.98763224,LA12,2010-03-27,08:00:52 AM,08:00:00,Hot-Wet,2010-03-27 08:00:00
15.25731201,-18.99088745,LA12,2010-03-27,08:20:52 AM,08:20:00,Hot-Wet,2010-03-27 08:20:00
15.2536438,-19.00165812,LA12,2010-03-27,08:40:52 AM,08:40:00,Hot-Wet,2010-03-27 08:40:00
15.2479126,-19.00875651,LA12,2010-03-27,09:00:52 AM,09:00:00,Hot-Wet,2010-03-27 09:00:00
15.24616496,-19.01401978,LA12,2010-03-27,09:20:52 AM,09:20:00,Hot-Wet,2010-03-27 09:20:00
15.24657389,-19.01450195,LA12,2010-03-27,09:40:52 AM,09:40:00,Hot-Wet,2010-03-27 09:40:00
15.24599304,-19.01494954,LA12,2010-03-27,10:00:52 AM,10:00:00,Hot-Wet,2010-03-27 10:00:00
15.24444071,-19.02017008,LA12,2010-03-27,10:20:52 AM,10:20:00,Hot-Wet,2010-03-27 10:20:00
15.24853719,-19.02816569,LA12,2010-03-27,10:40:52 AM,10:40:00,Hot-Wet,2010-03-27 10:40:00
15.24457906,-19.03560384,LA12,2010-03-27,11:00:52 AM,11:00:00,Hot-Wet,2010-03-27 11:00:00
15.24054159,-19.04388835,LA12,2010-03-27,11:20:52 AM,11:20:00,Hot-Wet,2010-03-27 11:20:00
15.23367513,-19.04586995,LA12,2010-03-27,11:40:52 AM,11:40:00,Hot-Wet,2010-03-27 11:40:00
15.22207336,-19.04833984,LA12,2010-03-27,12:00:52 PM,12:00:00,Hot-Wet,2010-03-27 12:00:00
15.21028544,-19.05085246,LA12,2010-03-27,12:20:53 PM,12:20:00,Hot-Wet,2010-03-27 12:20:00
15.19904277,-19.05324707,LA12,2010-03-27,12:40:52 PM,12:40:00,Hot-Wet,2010-03-27 12:40:00
15.18803813,-19.05553996,LA12,2010-03-27,01:00:52 PM,13:00:00,Hot-Wet,2010-03-27 13:00:00
15.1810262,-19.0570516,LA12,2010-03-27,01:20:52 PM,13:20:00,Hot-Wet,2010-03-27 13:20:00
15.17497152,-19.05841064,LA12,2010-03-27,01:40:52 PM,13:40:00,Hot-Wet,2010-03-27 13:40:00
15.17495931,-19.05841471,LA12,2010-03-27,02:00:52 PM,14:00:00,Hot-Wet,2010-03-27 14:00:00
15.17172343,-19.05819295,LA12,2010-03-27,02:20:52 PM,14:20:00,Hot-Wet,2010-03-27 14:20:00
15.16426086,-19.05199178,LA12,2010-03-27,02:40:52 PM,14:40:00,Hot-Wet,2010-03-27 14:40:00
15.15604451,-19.04706421,LA12,2010-03-27,03:00:52 PM,15:00:00,Hot-Wet,2010-03-27 15:00:00
15.14395854,-19.04732463,LA12,2010-03-27,03:20:52 PM,15:20:00,Hot-Wet,2010-03-27 15:20:00
15.1368693,-19.05246989,LA12,2010-03-27,03:40:52 PM,15:40:00,Hot-Wet,2010-03-27 15:40:00
15.1278066,-19.05635579,LA12,2010-03-27,04:00:52 PM,16:00:00,Hot-Wet,2010-03-27 16:00:00
15.1200002,-19.05859578,LA12,2010-03-27,04:20:52 PM,16:20:00,Hot-Wet,2010-03-27 16:20:00
15.11224976,-19.06246134,LA12,2010-03-27,04:40:52 PM,16:40:00,Hot-Wet,2010-03-27 16:40:00
15.10751038,-19.06611532,LA12,2010-03-27,05:00:52 PM,17:00:00,Hot-Wet,2010-03-27 17:00:00
15.1060262,-19.07573242,LA12,2010-03-27,05:20:52 PM,17:20:00,Hot-Wet,2010-03-27 17:20:00
15.10592753,-19.08305868,LA12,2010-03-27,05:40:52 PM,17:40:00,Hot-Wet,2010-03-27 17:40:00
15.0973999,-19.07891439,LA12,2010-03-27,06:00:52 PM,18:00:00,Hot-Wet,2010-03-27 18:00:00
15.08977254,-19.07104696,LA12,2010-03-27,06:20:52 PM,18:20:00,Hot-Wet,2010-03-27 18:20:00
15.08595581,-19.06340535,LA12,2010-03-27,06:40:52 PM,18:40:00,Hot-Wet,2010-03-27 18:40:00
15.09561462,-19.06530355,LA12,2010-03-27,07:00:52 PM,19:00:00,Hot-Wet,2010-03-27 19:00:00
15.09171143,-19.06003215,LA12,2010-03-27,07:20:52 PM,19:20:00,Hot-Wet,2010-03-27 19:20:00
15.09485372,-19.05635783,LA12,2010-03-27,07:40:52 PM,19:40:00,Hot-Wet,2010-03-27 19:40:00
15.10280457,-19.0553833,LA12,2010-03-27,08:00:52 PM,20:00:00,Hot-Wet,2010-03-27 20:00:00
15.11093241,-19.05098063,LA12,2010-03-27,08:20:52 PM,20:20:00,Hot-Wet,2010-03-27 20:20:00
15.12225952,-19.04710897,LA12,2010-03-27,08:40:52 PM,20:40:00,Hot-Wet,2010-03-27 20:40:00
15.13072917,-19.03793945,LA12,2010-03-27,09:00:52 PM,21:00:00,Hot-Wet,2010-03-27 21:00:00
15.13782857,-19.02568156,LA12,2010-03-27,09:20:52 PM,21:20:00,Hot-Wet,2010-03-27 21:20:00
15.14254964,-19.01343791,LA12,2010-03-27,09:40:52 PM,21:40:00,Hot-Wet,2010-03-27 21:40:00
15.14870097,-19.00782878,LA12,2010-03-27,10:00:52 PM,22:00:00,Hot-Wet,2010-03-27 22:00:00
15.1516805,-19.00291951,LA12,2010-03-27,10:20:52 PM,22:20:00,Hot-Wet,2010-03-27 22:20:00
15.15507813,-18.99625854,LA12,2010-03-27,10:40:52 PM,22:40:00,Hot-Wet,2010-03-27 22:40:00
15.15905151,-18.98939819,LA12,2010-03-27,11:00:52 PM,23:00:00,Hot-Wet,2010-03-27 23:00:00
15.16179708,-18.98613078,LA12,2010-03-27,11:20:52 PM,23:20:00,Hot-Wet,2010-03-27 23:20:00
15.16791992,-18.97862752,LA12,2010-03-27,11:40:52 PM,23:40:00,Hot-Wet,2010-03-27 23:40:00
15.17282511,-18.98006999,LA12,2010-03-28,12:00:52 AM,00:00:00,Hot-Wet,2010-03-28 00:00:00
15.17666321,-18.98410034,LA12,2010-03-28,12:20:53 AM,00:20:00,Hot-Wet,2010-03-28 00:20:00
15.17930501,-18.98045044,LA12,2010-03-28,12:40:52 AM,00:40:00,Hot-Wet,2010-03-28 00:40:00
15.18137105,-18.97690023,LA12,2010-03-28,01:00:52 AM,01:00:00,Hot-Wet,2010-03-28 01:00:00
15.18498739,-18.97445882,LA12,2010-03-28,01:20:52 AM,01:20:00,Hot-Wet,2010-03-28 01:20:00
15.186026,-18.97298177,LA12,2010-03-28,01:40:52 AM,01:40:00,Hot-Wet,2010-03-28 01:40:00
15.18891093,-18.97598267,LA12,2010-03-28,02:00:52 AM,02:00:00,Hot-Wet,2010-03-28 02:00:00
15.18990682,-18.97866618,LA12,2010-03-28,02:20:52 AM,02:20:00,Hot-Wet,2010-03-28 02:20:00
15.1898173,-18.9788208,LA12,2010-03-28,02:40:52 AM,02:40:00,Hot-Wet,2010-03-28 02:40:00
15.18983968,-18.97884521,LA12,2010-03-28,03:00:52 AM,03:00:00,Hot-Wet,2010-03-28 03:00:00
15.18985189,-18.97886149,LA12,2010-03-28,03:20:53 AM,03:20:00,Hot-Wet,2010-03-28 03:20:00
15.18985392,-18.97885335,LA12,2010-03-28,03:41:04 AM,03:41:00,Hot-Wet,2010-03-28 03:41:00
15.18972677,-18.97988281,LA12,2010-03-28,04:00:52 AM,04:00:00,Hot-Wet,2010-03-28 04:00:00
15.18965047,-18.9799235,LA12,2010-03-28,04:20:52 AM,04:20:00,Hot-Wet,2010-03-28 04:20:00
15.1896698,-18.97992554,LA12,2010-03-28,04:40:52 AM,04:40:00,Hot-Wet,2010-03-28 04:40:00
15.18962199,-18.9825175,LA12,2010-03-28,05:00:52 AM,05:00:00,Hot-Wet,2010-03-28 05:00:00
15.18926595,-18.98457031,LA12,2010-03-28,05:20:52 AM,05:20:00,Hot-Wet,2010-03-28 05:20:00
15.1878713,-18.98619792,LA12,2010-03-28,05:40:52 AM,05:40:00,Hot-Wet,2010-03-28 05:40:00
15.18786621,-18.9861145,LA12,2010-03-28,06:00:52 AM,06:00:00,Hot-Wet,2010-03-28 06:00:00
15.18867188,-18.98546346,LA12,2010-03-28,06:20:52 AM,06:20:00,Hot-Wet,2010-03-28 06:20:00
15.18877157,-18.98566284,LA12,2010-03-28,06:40:52 AM,06:40:00,Hot-Wet,2010-03-28 06:40:00
15.1899231,-18.98528442,LA12,2010-03-28,07:00:52 AM,07:00:00,Hot-Wet,2010-03-28 07:00:00
15.19077352,-18.98380534,LA12,2010-03-28,07:20:52 AM,07:20:00,Hot-Wet,2010-03-28 07:20:00
15.18871969,-18.97836711,LA12,2010-03-28,07:40:52 AM,07:40:00,Hot-Wet,2010-03-28 07:40:00
15.18870951,-18.97834473,LA12,2010-03-28,08:00:52 AM,08:00:00,Hot-Wet,2010-03-28 08:00:00
15.18860881,-18.978538,LA12,2010-03-28,08:20:52 AM,08:20:00,Hot-Wet,2010-03-28 08:20:00
15.18711751,-18.97759399,LA12,2010-03-28,08:40:52 AM,08:40:00,Hot-Wet,2010-03-28 08:40:00
15.18528442,-18.97791951,LA12,2010-03-28,09:00:52 AM,09:00:00,Hot-Wet,2010-03-28 09:00:00
15.18478394,-18.97823079,LA12,2010-03-28,09:20:52 AM,09:20:00,Hot-Wet,2010-03-28 09:20:00
15.18661804,-18.97750448,LA12,2010-03-28,09:40:52 AM,09:40:00,Hot-Wet,2010-03-28 09:40:00
15.1864858,-18.97647909,LA12,2010-03-28,10:00:52 AM,10:00:00,Hot-Wet,2010-03-28 10:00:00
15.18520711,-18.97765299,LA12,2010-03-28,10:20:52 AM,10:20:00,Hot-Wet,2010-03-28 10:20:00
15.18466593,-18.97852376,LA12,2010-03-28,10:40:52 AM,10:40:00,Hot-Wet,2010-03-28 10:40:00
15.18354594,-18.9789327,LA12,2010-03-28,11:00:52 AM,11:00:00,Hot-Wet,2010-03-28 11:00:00
15.18259684,-18.98035685,LA12,2010-03-28,11:20:52 AM,11:20:00,Hot-Wet,2010-03-28 11:20:00
15.18168233,-18.98144531,LA12,2010-03-28,11:40:52 AM,11:40:00,Hot-Wet,2010-03-28 11:40:00
15.18114522,-18.98252767,LA12,2010-03-28,12:00:52 PM,12:00:00,Hot-Wet,2010-03-28 12:00:00
15.18138835,-18.9830485,LA12,2010-03-28,12:20:53 PM,12:20:00,Hot-Wet,2010-03-28 12:20:00
15.18187866,-18.98482463,LA12,2010-03-28,12:40:52 PM,12:40:00,Hot-Wet,2010-03-28 12:40:00
15.18178711,-18.98528442,LA12,2010-03-28,01:00:52 PM,13:00:00,Hot-Wet,2010-03-28 13:00:00
15.1823995,-18.98589681,LA12,2010-03-28,01:20:52 PM,13:20:00,Hot-Wet,2010-03-28 13:20:00
15.18091532,-18.98786011,LA12,2010-03-28,01:40:52 PM,13:40:00,Hot-Wet,2010-03-28 13:40:00
15.18045959,-18.98764038,LA12,2010-03-28,02:00:52 PM,14:00:00,Hot-Wet,2010-03-28 14:00:00
15.18025411,-18.9890096,LA12,2010-03-28,02:20:52 PM,14:20:00,Hot-Wet,2010-03-28 14:20:00
15.17633464,-18.98825073,LA12,2010-03-28,02:40:52 PM,14:40:00,Hot-Wet,2010-03-28 14:40:00
15.17649333,-18.98317057,LA12,2010-03-28,03:00:52 PM,15:00:00,Hot-Wet,2010-03-28 15:00:00
15.18687337,-18.98638713,LA12,2010-03-28,03:20:52 PM,15:20:00,Hot-Wet,2010-03-28 15:20:00
15.1875061,-18.98972371,LA12,2010-03-28,03:40:52 PM,15:40:00,Hot-Wet,2010-03-28 15:40:00
15.18883464,-18.99773153,LA12,2010-03-28,04:00:52 PM,16:00:00,Hot-Wet,2010-03-28 16:00:00
15.18406677,-18.99939575,LA12,2010-03-28,04:20:52 PM,16:20:00,Hot-Wet,2010-03-28 16:20:00
15.18066711,-18.99082235,LA12,2010-03-28,04:40:52 PM,16:40:00,Hot-Wet,2010-03-28 16:40:00
15.18335368,-18.9809672,LA12,2010-03-28,05:00:52 PM,17:00:00,Hot-Wet,2010-03-28 17:00:00
15.17657572,-18.97745972,LA12,2010-03-28,05:20:52 PM,17:20:00,Hot-Wet,2010-03-28 17:20:00
15.17084961,-18.9711731,LA12,2010-03-28,05:40:52 PM,17:40:00,Hot-Wet,2010-03-28 17:40:00
15.16771139,-18.96568197,LA12,2010-03-28,06:00:52 PM,18:00:00,Hot-Wet,2010-03-28 18:00:00
15.17329,-18.95718384,LA12,2010-03-28,06:20:52 PM,18:20:00,Hot-Wet,2010-03-28 18:20:00
15.17674357,-18.95109253,LA12,2010-03-28,06:40:52 PM,18:40:00,Hot-Wet,2010-03-28 18:40:00
15.18472392,-18.94804688,LA12,2010-03-28,07:00:52 PM,19:00:00,Hot-Wet,2010-03-28 19:00:00
15.18508301,-18.9428833,LA12,2010-03-28,07:20:52 PM,19:20:00,Hot-Wet,2010-03-28 19:20:00
15.1807078,-18.93985392,LA12,2010-03-28,07:40:52 PM,19:40:00,Hot-Wet,2010-03-28 19:40:00
15.17973938,-18.94056803,LA12,2010-03-28,08:00:52 PM,20:00:00,Hot-Wet,2010-03-28 20:00:00
15.17880656,-18.94098307,LA12,2010-03-28,08:20:52 PM,20:20:00,Hot-Wet,2010-03-28 20:20:00
15.17723287,-18.94161377,LA12,2010-03-28,08:40:52 PM,20:40:00,Hot-Wet,2010-03-28 20:40:00
15.17609253,-18.9411438,LA12,2010-03-28,09:00:52 PM,21:00:00,Hot-Wet,2010-03-28 21:00:00
15.17585042,-18.94118245,LA12,2010-03-28,09:20:52 PM,21:20:00,Hot-Wet,2010-03-28 21:20:00
15.17558187,-18.94117228,LA12,2010-03-28,09:40:52 PM,21:40:00,Hot-Wet,2010-03-28 21:40:00
15.17547607,-18.94110311,LA12,2010-03-28,10:00:52 PM,22:00:00,Hot-Wet,2010-03-28 22:00:00
15.17547099,-18.94110107,LA12,2010-03-28,10:20:52 PM,22:20:00,Hot-Wet,2010-03-28 22:20:00
15.17545369,-18.9410848,LA12,2010-03-28,10:40:52 PM,22:40:00,Hot-Wet,2010-03-28 22:40:00
15.17544861,-18.94106038,LA12,2010-03-28,11:00:52 PM,23:00:00,Hot-Wet,2010-03-28 23:00:00
15.17546387,-18.94111125,LA12,2010-03-28,11:20:52 PM,23:20:00,Hot-Wet,2010-03-28 23:20:00
15.17523905,-18.94100342,LA12,2010-03-28,11:40:52 PM,23:40:00,Hot-Wet,2010-03-28 23:40:00
15.17400208,-18.94088745,LA12,2010-03-29,12:00:52 AM,00:00:00,Hot-Wet,2010-03-29 00:00:00
15.17307027,-18.9403422,LA12,2010-03-29,12:20:53 AM,00:20:00,Hot-Wet,2010-03-29 00:20:00
15.17302043,-18.94016724,LA12,2010-03-29,12:40:52 AM,00:40:00,Hot-Wet,2010-03-29 00:40:00
15.17291667,-18.94029134,LA12,2010-03-29,01:00:52 AM,01:00:00,Hot-Wet,2010-03-29 01:00:00
15.1719635,-18.94040934,LA12,2010-03-29,01:20:52 AM,01:20:00,Hot-Wet,2010-03-29 01:20:00
15.17151388,-18.94047445,LA12,2010-03-29,01:40:52 AM,01:40:00,Hot-Wet,2010-03-29 01:40:00
15.17157288,-18.94042358,LA12,2010-03-29,02:00:52 AM,02:00:00,Hot-Wet,2010-03-29 02:00:00
15.17144368,-18.94046224,LA12,2010-03-29,02:20:52 AM,02:20:00,Hot-Wet,2010-03-29 02:20:00
15.17147929,-18.94046834,LA12,2010-03-29,02:40:52 AM,02:40:00,Hot-Wet,2010-03-29 02:40:00
15.17151184,-18.94048665,LA12,2010-03-29,03:00:52 AM,03:00:00,Hot-Wet,2010-03-29 03:00:00
15.17150981,-18.94048462,LA12,2010-03-29,03:20:52 AM,03:20:00,Hot-Wet,2010-03-29 03:20:00
15.1714681,-18.94047648,LA12,2010-03-29,03:40:52 AM,03:40:00,Hot-Wet,2010-03-29 03:40:00
15.17144165,-18.94048055,LA12,2010-03-29,04:00:52 AM,04:00:00,Hot-Wet,2010-03-29 04:00:00
15.17149048,-18.94049276,LA12,2010-03-29,04:20:52 AM,04:20:00,Hot-Wet,2010-03-29 04:20:00
15.17015584,-18.94100749,LA12,2010-03-29,04:40:52 AM,04:40:00,Hot-Wet,2010-03-29 04:40:00
15.16491089,-18.94413656,LA12,2010-03-29,05:00:52 AM,05:00:00,Hot-Wet,2010-03-29 05:00:00
15.16199849,-18.94593099,LA12,2010-03-29,05:20:52 AM,05:20:00,Hot-Wet,2010-03-29 05:20:00
15.15998128,-18.94607747,LA12,2010-03-29,05:40:52 AM,05:40:00,Hot-Wet,2010-03-29 05:40:00
15.15714823,-18.94419963,LA12,2010-03-29,06:00:52 AM,06:00:00,Hot-Wet,2010-03-29 06:00:00
15.15478007,-18.94423014,LA12,2010-03-29,06:20:52 AM,06:20:00,Hot-Wet,2010-03-29 06:20:00
15.153007,-18.9431722,LA12,2010-03-29,06:40:52 AM,06:40:00,Hot-Wet,2010-03-29 06:40:00
15.15129191,-18.94200439,LA12,2010-03-29,07:00:52 AM,07:00:00,Hot-Wet,2010-03-29 07:00:00
15.14615275,-18.94100545,LA12,2010-03-29,07:20:52 AM,07:20:00,Hot-Wet,2010-03-29 07:20:00
15.14241536,-18.94216715,LA12,2010-03-29,07:40:52 AM,07:40:00,Hot-Wet,2010-03-29 07:40:00
15.13751017,-18.94223022,LA12,2010-03-29,08:00:52 AM,08:00:00,Hot-Wet,2010-03-29 08:00:00
15.13263245,-18.94191488,LA12,2010-03-29,08:20:52 AM,08:20:00,Hot-Wet,2010-03-29 08:20:00
15.12557983,-18.94293213,LA12,2010-03-29,08:40:52 AM,08:40:00,Hot-Wet,2010-03-29 08:40:00
15.1247345,-18.94278768,LA12,2010-03-29,09:00:52 AM,09:00:00,Hot-Wet,2010-03-29 09:00:00
15.12348531,-18.94373169,LA12,2010-03-29,09:20:52 AM,09:20:00,Hot-Wet,2010-03-29 09:20:00
15.12278544,-18.9434082,LA12,2010-03-29,09:40:52 AM,09:40:00,Hot-Wet,2010-03-29 09:40:00
15.12289836,-18.9427714,LA12,2010-03-29,10:00:52 AM,10:00:00,Hot-Wet,2010-03-29 10:00:00
15.12222799,-18.94353434,LA12,2010-03-29,10:20:52 AM,10:20:00,Hot-Wet,2010-03-29 10:20:00
15.12181396,-18.94379476,LA12,2010-03-29,10:40:52 AM,10:40:00,Hot-Wet,2010-03-29 10:40:00
15.12177633,-18.94373576,LA12,2010-03-29,11:00:52 AM,11:00:00,Hot-Wet,2010-03-29 11:00:00
15.11927083,-18.94273275,LA12,2010-03-29,11:20:52 AM,11:20:00,Hot-Wet,2010-03-29 11:20:00
15.11730143,-18.94049072,LA12,2010-03-29,11:40:52 AM,11:40:00,Hot-Wet,2010-03-29 11:40:00
15.11701253,-18.9385498,LA12,2010-03-29,12:00:52 PM,12:00:00,Hot-Wet,2010-03-29 12:00:00
15.11712748,-18.93849487,LA12,2010-03-29,12:20:52 PM,12:20:00,Hot-Wet,2010-03-29 12:20:00
15.11712341,-18.93847046,LA12,2010-03-29,12:40:52 PM,12:40:00,Hot-Wet,2010-03-29 12:40:00
15.11714172,-18.93819377,LA12,2010-03-29,01:00:52 PM,13:00:00,Hot-Wet,2010-03-29 13:00:00
15.11656799,-18.93654378,LA12,2010-03-29,01:20:52 PM,13:20:00,Hot-Wet,2010-03-29 13:20:00
15.11760864,-18.93434245,LA12,2010-03-29,01:40:52 PM,13:40:00,Hot-Wet,2010-03-29 13:40:00
15.11901855,-18.93370361,LA12,2010-03-29,02:00:52 PM,14:00:00,Hot-Wet,2010-03-29 14:00:00
15.12364299,-18.93031209,LA12,2010-03-29,02:20:52 PM,14:20:00,Hot-Wet,2010-03-29 14:20:00
15.12582906,-18.92514445,LA12,2010-03-29,02:40:52 PM,14:40:00,Hot-Wet,2010-03-29 14:40:00
15.12990112,-18.9216451,LA12,2010-03-29,03:00:52 PM,15:00:00,Hot-Wet,2010-03-29 15:00:00
15.13515218,-18.91773071,LA12,2010-03-29,03:20:52 PM,15:20:00,Hot-Wet,2010-03-29 15:20:00
15.14291789,-18.91536255,LA12,2010-03-29,03:40:52 PM,15:40:00,Hot-Wet,2010-03-29 15:40:00
15.14783732,-18.91181641,LA12,2010-03-29,04:00:52 PM,16:00:00,Hot-Wet,2010-03-29 16:00:00
15.15134989,-18.90485433,LA12,2010-03-29,04:20:52 PM,16:20:00,Hot-Wet,2010-03-29 16:20:00
15.15617269,-18.89949544,LA12,2010-03-29,04:40:52 PM,16:40:00,Hot-Wet,2010-03-29 16:40:00
15.15813192,-18.89737956,LA12,2010-03-29,05:00:52 PM,17:00:00,Hot-Wet,2010-03-29 17:00:00
15.16064351,-18.89757894,LA12,2010-03-29,05:20:52 PM,17:20:00,Hot-Wet,2010-03-29 17:20:00
15.160495,-18.89878947,LA12,2010-03-29,05:40:52 PM,17:40:00,Hot-Wet,2010-03-29 17:40:00
15.16221212,-18.89516805,LA12,2010-03-29,06:00:52 PM,18:00:00,Hot-Wet,2010-03-29 18:00:00
15.16214803,-18.8936381,LA12,2010-03-29,06:20:52 PM,18:20:00,Hot-Wet,2010-03-29 18:20:00
15.16239014,-18.8934672,LA12,2010-03-29,06:40:52 PM,18:40:00,Hot-Wet,2010-03-29 18:40:00
15.16201477,-18.89224854,LA12,2010-03-29,07:00:52 PM,19:00:00,Hot-Wet,2010-03-29 19:00:00
15.16198832,-18.89152222,LA12,2010-03-29,07:20:52 PM,19:20:00,Hot-Wet,2010-03-29 19:20:00
15.16313883,-18.89480591,LA12,2010-03-29,07:40:52 PM,19:40:00,Hot-Wet,2010-03-29 19:40:00
15.16584981,-18.89671021,LA12,2010-03-29,08:00:52 PM,20:00:00,Hot-Wet,2010-03-29 20:00:00
15.16449178,-18.89758301,LA12,2010-03-29,08:20:52 PM,20:20:00,Hot-Wet,2010-03-29 20:20:00
15.16273499,-18.89955648,LA12,2010-03-29,08:40:52 PM,20:40:00,Hot-Wet,2010-03-29 20:40:00
15.16444397,-18.90139974,LA12,2010-03-29,09:00:52 PM,21:00:00,Hot-Wet,2010-03-29 21:00:00
15.16672668,-18.90214437,LA12,2010-03-29,09:20:52 PM,21:20:00,Hot-Wet,2010-03-29 21:20:00
15.16684265,-18.90240275,LA12,2010-03-29,09:41:02 PM,21:41:00,Hot-Wet,2010-03-29 21:41:00
15.16696676,-18.90256348,LA12,2010-03-29,10:00:52 PM,22:00:00,Hot-Wet,2010-03-29 22:00:00
15.16749166,-18.90459188,LA12,2010-03-29,10:20:52 PM,22:20:00,Hot-Wet,2010-03-29 22:20:00
15.16827901,-18.90615234,LA12,2010-03-29,10:40:52 PM,22:40:00,Hot-Wet,2010-03-29 22:40:00
15.16841736,-18.90606283,LA12,2010-03-29,11:00:52 PM,23:00:00,Hot-Wet,2010-03-29 23:00:00
15.16850586,-18.90610555,LA12,2010-03-29,11:20:52 PM,23:20:00,Hot-Wet,2010-03-29 23:20:00
15.16891276,-18.90670573,LA12,2010-03-29,11:40:52 PM,23:40:00,Hot-Wet,2010-03-29 23:40:00
15.16895345,-18.90799967,LA12,2010-03-30,12:00:52 AM,00:00:00,Hot-Wet,2010-03-30 00:00:00
15.1690684,-18.90854492,LA12,2010-03-30,12:20:52 AM,00:20:00,Hot-Wet,2010-03-30 00:20:00
15.16893717,-18.90871175,LA12,2010-03-30,12:40:52 AM,00:40:00,Hot-Wet,2010-03-30 00:40:00
15.16891174,-18.90870158,LA12,2010-03-30,01:00:52 AM,01:00:00,Hot-Wet,2010-03-30 01:00:00
15.16871134,-18.90892334,LA12,2010-03-30,01:20:52 AM,01:20:00,Hot-Wet,2010-03-30 01:20:00
15.16867879,-18.9089091,LA12,2010-03-30,01:40:52 AM,01:40:00,Hot-Wet,2010-03-30 01:40:00
15.16871643,-18.90893962,LA12,2010-03-30,02:00:52 AM,02:00:00,Hot-Wet,2010-03-30 02:00:00
15.16871236,-18.90890299,LA12,2010-03-30,02:20:52 AM,02:20:00,Hot-Wet,2010-03-30 02:20:00
15.16871745,-18.90890503,LA12,2010-03-30,02:40:52 AM,02:40:00,Hot-Wet,2010-03-30 02:40:00
15.16872152,-18.90892944,LA12,2010-03-30,03:00:52 AM,03:00:00,Hot-Wet,2010-03-30 03:00:00
15.16872965,-18.90893962,LA12,2010-03-30,03:20:52 AM,03:20:00,Hot-Wet,2010-03-30 03:20:00
15.16869405,-18.90891113,LA12,2010-03-30,03:40:52 AM,03:40:00,Hot-Wet,2010-03-30 03:40:00
15.16869303,-18.90889486,LA12,2010-03-30,04:00:52 AM,04:00:00,Hot-Wet,2010-03-30 04:00:00
15.16924845,-18.90996908,LA12,2010-03-30,04:20:52 AM,04:20:00,Hot-Wet,2010-03-30 04:20:00
15.1697703,-18.9119283,LA12,2010-03-30,04:40:52 AM,04:40:00,Hot-Wet,2010-03-30 04:40:00
15.16982422,-18.91271566,LA12,2010-03-30,05:00:52 AM,05:00:00,Hot-Wet,2010-03-30 05:00:00
15.17151591,-18.91299642,LA12,2010-03-30,05:20:52 AM,05:20:00,Hot-Wet,2010-03-30 05:20:00
15.17195435,-18.91335653,LA12,2010-03-30,05:40:52 AM,05:40:00,Hot-Wet,2010-03-30 05:40:00
15.17326558,-18.91378377,LA12,2010-03-30,06:00:52 AM,06:00:00,Hot-Wet,2010-03-30 06:00:00
15.17441813,-18.9133728,LA12,2010-03-30,06:20:52 AM,06:20:00,Hot-Wet,2010-03-30 06:20:00
15.17450053,-18.91360067,LA12,2010-03-30,06:40:52 AM,06:40:00,Hot-Wet,2010-03-30 06:40:00
15.17569377,-18.91462402,LA12,2010-03-30,07:00:52 AM,07:00:00,Hot-Wet,2010-03-30 07:00:00
15.1772054,-18.91056519,LA12,2010-03-30,07:20:52 AM,07:20:00,Hot-Wet,2010-03-30 07:20:00
15.17765706,-18.90777181,LA12,2010-03-30,07:40:52 AM,07:40:00,Hot-Wet,2010-03-30 07:40:00
15.17144572,-18.9038798,LA12,2010-03-30,08:00:52 AM,08:00:00,Hot-Wet,2010-03-30 08:00:00
15.17615255,-18.89875081,LA12,2010-03-30,08:20:52 AM,08:20:00,Hot-Wet,2010-03-30 08:20:00
15.1837738,-18.89356079,LA12,2010-03-30,08:40:52 AM,08:40:00,Hot-Wet,2010-03-30 08:40:00
15.19051005,-18.88641764,LA12,2010-03-30,09:00:52 AM,09:00:00,Hot-Wet,2010-03-30 09:00:00
15.19905294,-18.87984416,LA12,2010-03-30,09:20:52 AM,09:20:00,Hot-Wet,2010-03-30 09:20:00
15.20303345,-18.8714091,LA12,2010-03-30,09:40:52 AM,09:40:00,Hot-Wet,2010-03-30 09:40:00
15.2087677,-18.8644104,LA12,2010-03-30,10:00:52 AM,10:00:00,Hot-Wet,2010-03-30 10:00:00
15.21817525,-18.85858154,LA12,2010-03-30,10:20:52 AM,10:20:00,Hot-Wet,2010-03-30 10:20:00
15.22790833,-18.85320435,LA12,2010-03-30,10:40:52 AM,10:40:00,Hot-Wet,2010-03-30 10:40:00
15.232724,-18.84696859,LA12,2010-03-30,11:00:52 AM,11:00:00,Hot-Wet,2010-03-30 11:00:00
15.24081319,-18.84243978,LA12,2010-03-30,11:20:52 AM,11:20:00,Hot-Wet,2010-03-30 11:20:00
15.24882813,-18.83292847,LA12,2010-03-30,11:40:52 AM,11:40:00,Hot-Wet,2010-03-30 11:40:00
15.25854797,-18.82686768,LA12,2010-03-30,12:00:52 PM,12:00:00,Hot-Wet,2010-03-30 12:00:00
15.26173197,-18.81821289,LA12,2010-03-30,12:20:52 PM,12:20:00,Hot-Wet,2010-03-30 12:20:00
15.26469421,-18.81465454,LA12,2010-03-30,12:40:52 PM,12:40:00,Hot-Wet,2010-03-30 12:40:00
15.2703125,-18.81156413,LA12,2010-03-30,01:00:52 PM,13:00:00,Hot-Wet,2010-03-30 13:00:00
15.27248942,-18.81132609,LA12,2010-03-30,01:20:52 PM,13:20:00,Hot-Wet,2010-03-30 13:20:00
15.27483317,-18.81099447,LA12,2010-03-30,01:40:52 PM,13:40:00,Hot-Wet,2010-03-30 13:40:00
15.27600606,-18.81161092,LA12,2010-03-30,02:00:52 PM,14:00:00,Hot-Wet,2010-03-30 14:00:00
15.2758962,-18.81178589,LA12,2010-03-30,02:20:52 PM,14:20:00,Hot-Wet,2010-03-30 14:20:00
15.27623698,-18.81193441,LA12,2010-03-30,02:40:52 PM,14:40:00,Hot-Wet,2010-03-30 14:40:00
15.276533,-18.81083577,LA12,2010-03-30,03:00:52 PM,15:00:00,Hot-Wet,2010-03-30 15:00:00
15.27688395,-18.8108134,LA12,2010-03-30,03:20:52 PM,15:20:00,Hot-Wet,2010-03-30 15:20:00
15.27717997,-18.80754395,LA12,2010-03-30,03:40:52 PM,15:40:00,Hot-Wet,2010-03-30 15:40:00
15.27787984,-18.80656535,LA12,2010-03-30,04:00:52 PM,16:00:00,Hot-Wet,2010-03-30 16:00:00
15.2807546,-18.80395101,LA12,2010-03-30,04:20:52 PM,16:20:00,Hot-Wet,2010-03-30 16:20:00
15.28516744,-18.80148112,LA12,2010-03-30,04:40:52 PM,16:40:00,Hot-Wet,2010-03-30 16:40:00
15.28920186,-18.79579468,LA12,2010-03-30,05:00:52 PM,17:00:00,Hot-Wet,2010-03-30 17:00:00
15.29340719,-18.79549357,LA12,2010-03-30,05:20:52 PM,17:20:00,Hot-Wet,2010-03-30 17:20:00
15.2947581,-18.79343872,LA12,2010-03-30,05:40:52 PM,17:40:00,Hot-Wet,2010-03-30 17:40:00
15.29707336,-18.7913798,LA12,2010-03-30,06:00:52 PM,18:00:00,Hot-Wet,2010-03-30 18:00:00
15.3002065,-18.78788452,LA12,2010-03-30,06:20:52 PM,18:20:00,Hot-Wet,2010-03-30 18:20:00
15.30251668,-18.78386841,LA12,2010-03-30,06:40:52 PM,18:40:00,Hot-Wet,2010-03-30 18:40:00
15.30956217,-18.77630615,LA12,2010-03-30,07:00:52 PM,19:00:00,Hot-Wet,2010-03-30 19:00:00
15.31910909,-18.77364299,LA12,2010-03-30,07:20:52 PM,19:20:00,Hot-Wet,2010-03-30 19:20:00
15.32287089,-18.76927694,LA12,2010-03-30,07:40:52 PM,19:40:00,Hot-Wet,2010-03-30 19:40:00
15.32387797,-18.76812337,LA12,2010-03-30,08:00:52 PM,20:00:00,Hot-Wet,2010-03-30 20:00:00
15.32584127,-18.76632284,LA12,2010-03-30,08:20:52 PM,20:20:00,Hot-Wet,2010-03-30 20:20:00
15.32994283,-18.76608683,LA12,2010-03-30,08:40:52 PM,20:40:00,Hot-Wet,2010-03-30 20:40:00
15.3303243,-18.76637573,LA12,2010-03-30,09:00:52 PM,21:00:00,Hot-Wet,2010-03-30 21:00:00
15.33101501,-18.76672567,LA12,2010-03-30,09:20:52 PM,21:20:00,Hot-Wet,2010-03-30 21:20:00
15.33105367,-18.76662598,LA12,2010-03-30,09:40:52 PM,21:40:00,Hot-Wet,2010-03-30 21:40:00
15.33106791,-18.76665243,LA12,2010-03-30,10:00:52 PM,22:00:00,Hot-Wet,2010-03-30 22:00:00
15.33104248,-18.76659139,LA12,2010-03-30,10:20:52 PM,22:20:00,Hot-Wet,2010-03-30 22:20:00
15.33114827,-18.76657511,LA12,2010-03-30,10:40:52 PM,22:40:00,Hot-Wet,2010-03-30 22:40:00
15.33110758,-18.76658529,LA12,2010-03-30,11:00:52 PM,23:00:00,Hot-Wet,2010-03-30 23:00:00
15.33107198,-18.76661377,LA12,2010-03-30,11:20:52 PM,23:20:00,Hot-Wet,2010-03-30 23:20:00
15.33109029,-18.76662801,LA12,2010-03-30,11:40:52 PM,23:40:00,Hot-Wet,2010-03-30 23:40:00
15.33141479,-18.76670939,LA12,2010-03-31,12:00:52 AM,00:00:00,Hot-Wet,2010-03-31 00:00:00
15.33380839,-18.76766561,LA12,2010-03-31,12:20:52 AM,00:20:00,Hot-Wet,2010-03-31 00:20:00
15.33609111,-18.76746826,LA12,2010-03-31,12:40:52 AM,00:40:00,Hot-Wet,2010-03-31 00:40:00
15.33841044,-18.7629069,LA12,2010-03-31,01:00:52 AM,01:00:00,Hot-Wet,2010-03-31 01:00:00
15.34005229,-18.75946859,LA12,2010-03-31,01:20:52 AM,01:20:00,Hot-Wet,2010-03-31 01:20:00
15.34154968,-18.75911255,LA12,2010-03-31,01:40:52 AM,01:40:00,Hot-Wet,2010-03-31 01:40:00
15.34154561,-18.75910034,LA12,2010-03-31,02:00:52 AM,02:00:00,Hot-Wet,2010-03-31 02:00:00
15.34153544,-18.75911051,LA12,2010-03-31,02:20:52 AM,02:20:00,Hot-Wet,2010-03-31 02:20:00
15.34153544,-18.75911458,LA12,2010-03-31,02:40:52 AM,02:40:00,Hot-Wet,2010-03-31 02:40:00
15.34148763,-18.75913696,LA12,2010-03-31,03:00:52 AM,03:00:00,Hot-Wet,2010-03-31 03:00:00
15.34152832,-18.75910238,LA12,2010-03-31,03:20:52 AM,03:20:00,Hot-Wet,2010-03-31 03:20:00
15.34151713,-18.75911865,LA12,2010-03-31,03:40:52 AM,03:40:00,Hot-Wet,2010-03-31 03:40:00
15.34147847,-18.75910645,LA12,2010-03-31,04:00:52 AM,04:00:00,Hot-Wet,2010-03-31 04:00:00
15.3415507,-18.75909627,LA12,2010-03-31,04:20:52 AM,04:20:00,Hot-Wet,2010-03-31 04:20:00
15.34149373,-18.75913493,LA12,2010-03-31,04:40:52 AM,04:40:00,Hot-Wet,2010-03-31 04:40:00
15.34150085,-18.75910645,LA12,2010-03-31,05:00:52 AM,05:00:00,Hot-Wet,2010-03-31 05:00:00
15.34160156,-18.75927327,LA12,2010-03-31,05:20:52 AM,05:20:00,Hot-Wet,2010-03-31 05:20:00
15.34268494,-18.75828451,LA12,2010-03-31,05:40:52 AM,05:40:00,Hot-Wet,2010-03-31 05:40:00
15.34411621,-18.75375773,LA12,2010-03-31,06:00:52 AM,06:00:00,Hot-Wet,2010-03-31 06:00:00
15.34430949,-18.7524292,LA12,2010-03-31,06:20:52 AM,06:20:00,Hot-Wet,2010-03-31 06:20:00
15.34597982,-18.75044352,LA12,2010-03-31,06:40:52 AM,06:40:00,Hot-Wet,2010-03-31 06:40:00
15.34632772,-18.75226644,LA12,2010-03-31,07:00:52 AM,07:00:00,Hot-Wet,2010-03-31 07:00:00
15.34617208,-18.75545044,LA12,2010-03-31,07:20:52 AM,07:20:00,Hot-Wet,2010-03-31 07:20:00
15.34617818,-18.75544434,LA12,2010-03-31,07:40:52 AM,07:40:00,Hot-Wet,2010-03-31 07:40:00
15.34678345,-18.76210124,LA12,2010-03-31,08:00:52 AM,08:00:00,Hot-Wet,2010-03-31 08:00:00
15.34879964,-18.76405436,LA12,2010-03-31,08:20:52 AM,08:20:00,Hot-Wet,2010-03-31 08:20:00
15.35112915,-18.7604716,LA12,2010-03-31,08:40:52 AM,08:40:00,Hot-Wet,2010-03-31 08:40:00
15.35179138,-18.75928345,LA12,2010-03-31,09:00:52 AM,09:00:00,Hot-Wet,2010-03-31 09:00:00
15.35161438,-18.75909017,LA12,2010-03-31,09:20:52 AM,09:20:00,Hot-Wet,2010-03-31 09:20:00
15.3513387,-18.75860596,LA12,2010-03-31,09:40:52 AM,09:40:00,Hot-Wet,2010-03-31 09:40:00
15.35138245,-18.7585612,LA12,2010-03-31,10:00:52 AM,10:00:00,Hot-Wet,2010-03-31 10:00:00
15.35137024,-18.75860799,LA12,2010-03-31,10:20:52 AM,10:20:00,Hot-Wet,2010-03-31 10:20:00
15.34993286,-18.75726725,LA12,2010-03-31,10:40:52 AM,10:40:00,Hot-Wet,2010-03-31 10:40:00
15.34667257,-18.75297038,LA12,2010-03-31,11:00:52 AM,11:00:00,Hot-Wet,2010-03-31 11:00:00
15.34454346,-18.7500529,LA12,2010-03-31,11:20:52 AM,11:20:00,Hot-Wet,2010-03-31 11:20:00
15.34324748,-18.74764608,LA12,2010-03-31,11:40:52 AM,11:40:00,Hot-Wet,2010-03-31 11:40:00
15.34552409,-18.74607951,LA12,2010-03-31,12:00:52 PM,12:00:00,Hot-Wet,2010-03-31 12:00:00
15.34598185,-18.74690348,LA12,2010-03-31,12:20:52 PM,12:20:00,Hot-Wet,2010-03-31 12:20:00
15.34608663,-18.74710286,LA12,2010-03-31,12:40:52 PM,12:40:00,Hot-Wet,2010-03-31 12:40:00
15.34608154,-18.74711914,LA12,2010-03-31,01:00:52 PM,13:00:00,Hot-Wet,2010-03-31 13:00:00
15.34608053,-18.74711914,LA12,2010-03-31,01:20:52 PM,13:20:00,Hot-Wet,2010-03-31 13:20:00
15.34609172,-18.74717611,LA12,2010-03-31,01:40:52 PM,13:40:00,Hot-Wet,2010-03-31 13:40:00
15.34582723,-18.74761149,LA12,2010-03-31,02:00:52 PM,14:00:00,Hot-Wet,2010-03-31 14:00:00
15.34313558,-18.74828491,LA12,2010-03-31,02:20:52 PM,14:20:00,Hot-Wet,2010-03-31 14:20:00
15.34587606,-18.74847209,LA12,2010-03-31,02:40:52 PM,14:40:00,Hot-Wet,2010-03-31 14:40:00
15.34662069,-18.74840495,LA12,2010-03-31,03:00:52 PM,15:00:00,Hot-Wet,2010-03-31 15:00:00
15.34817301,-18.74757894,LA12,2010-03-31,03:20:52 PM,15:20:00,Hot-Wet,2010-03-31 15:20:00
15.34831034,-18.74554443,LA12,2010-03-31,03:40:52 PM,15:40:00,Hot-Wet,2010-03-31 15:40:00
15.34936829,-18.74077962,LA12,2010-03-31,04:00:52 PM,16:00:00,Hot-Wet,2010-03-31 16:00:00
15.34947001,-18.73838094,LA12,2010-03-31,04:20:52 PM,16:20:00,Hot-Wet,2010-03-31 16:20:00
15.35011597,-18.73525798,LA12,2010-03-31,04:40:52 PM,16:40:00,Hot-Wet,2010-03-31 16:40:00
15.34990133,-18.73460286,LA12,2010-03-31,05:00:52 PM,17:00:00,Hot-Wet,2010-03-31 17:00:00
15.35080465,-18.73224894,LA12,2010-03-31,05:20:52 PM,17:20:00,Hot-Wet,2010-03-31 17:20:00
15.35293172,-18.72978516,LA12,2010-03-31,05:40:52 PM,17:40:00,Hot-Wet,2010-03-31 17:40:00
15.35476583,-18.72591553,LA12,2010-03-31,06:00:52 PM,18:00:00,Hot-Wet,2010-03-31 18:00:00
15.35780538,-18.72370402,LA12,2010-03-31,06:20:52 PM,18:20:00,Hot-Wet,2010-03-31 18:20:00
15.36205444,-18.72768555,LA12,2010-03-31,06:40:52 PM,18:40:00,Hot-Wet,2010-03-31 18:40:00
15.36106669,-18.72803752,LA12,2010-03-31,07:00:52 PM,19:00:00,Hot-Wet,2010-03-31 19:00:00
15.35978495,-18.72665405,LA12,2010-03-31,07:20:52 PM,19:20:00,Hot-Wet,2010-03-31 19:20:00
15.35898946,-18.72631632,LA12,2010-03-31,07:40:52 PM,19:40:00,Hot-Wet,2010-03-31 19:40:00
15.35902303,-18.72525431,LA12,2010-03-31,08:00:52 PM,20:00:00,Hot-Wet,2010-03-31 20:00:00
15.35894572,-18.72513021,LA12,2010-03-31,08:20:52 PM,20:20:00,Hot-Wet,2010-03-31 20:20:00
15.35865275,-18.72510579,LA12,2010-03-31,08:40:52 PM,20:40:00,Hot-Wet,2010-03-31 20:40:00
15.35821635,-18.72496541,LA12,2010-03-31,09:00:52 PM,21:00:00,Hot-Wet,2010-03-31 21:00:00
15.35947571,-18.72472127,LA12,2010-03-31,09:20:52 PM,21:20:00,Hot-Wet,2010-03-31 21:20:00
15.36426595,-18.72661336,LA12,2010-03-31,09:40:52 PM,21:40:00,Hot-Wet,2010-03-31 21:40:00
15.36740723,-18.72982992,LA12,2010-03-31,10:00:52 PM,22:00:00,Hot-Wet,2010-03-31 22:00:00
15.36812236,-18.73231405,LA12,2010-03-31,10:20:52 PM,22:20:00,Hot-Wet,2010-03-31 22:20:00
15.36999003,-18.73227539,LA12,2010-03-31,10:40:52 PM,22:40:00,Hot-Wet,2010-03-31 22:40:00
15.36991374,-18.73232625,LA12,2010-03-31,11:00:52 PM,23:00:00,Hot-Wet,2010-03-31 23:00:00
15.37008565,-18.73215942,LA12,2010-03-31,11:20:52 PM,23:20:00,Hot-Wet,2010-03-31 23:20:00
15.36972453,-18.73340861,LA12,2010-03-31,11:40:52 PM,23:40:00,Hot-Wet,2010-03-31 23:40:00
15.37057393,-18.7333964,LA12,2010-04-01,12:00:00 AM,00:00:00,Hot-Wet,2010-04-01 00:00:00
15.37076416,-18.7333964,LA12,2010-04-01,12:20:00 AM,00:20:00,Hot-Wet,2010-04-01 00:20:00
15.37052612,-18.73325399,LA12,2010-04-01,12:40:00 AM,00:40:00,Hot-Wet,2010-04-01 00:40:00
15.37064819,-18.73317261,LA12,2010-04-01,01:00:00 AM,01:00:00,Hot-Wet,2010-04-01 01:00:00
15.37050374,-18.73303833,LA12,2010-04-01,01:20:00 AM,01:20:00,Hot-Wet,2010-04-01 01:20:00
15.37046509,-18.73307902,LA12,2010-04-01,01:40:00 AM,01:40:00,Hot-Wet,2010-04-01 01:40:00
15.3704366,-18.73311564,LA12,2010-04-01,02:00:00 AM,02:00:00,Hot-Wet,2010-04-01 02:00:00
15.37045593,-18.73306071,LA12,2010-04-01,02:20:00 AM,02:20:00,Hot-Wet,2010-04-01 02:20:00
15.37044474,-18.73306681,LA12,2010-04-01,02:40:00 AM,02:40:00,Hot-Wet,2010-04-01 02:40:00
15.37047424,-18.73306681,LA12,2010-04-01,03:00:00 AM,03:00:00,Hot-Wet,2010-04-01 03:00:00
15.37044576,-18.73307088,LA12,2010-04-01,03:20:00 AM,03:20:00,Hot-Wet,2010-04-01 03:20:00
15.3704244,-18.73307088,LA12,2010-04-01,03:40:00 AM,03:40:00,Hot-Wet,2010-04-01 03:40:00
15.37042338,-18.73306071,LA12,2010-04-01,04:01:00 AM,04:01:00,Hot-Wet,2010-04-01 04:01:00
15.37047424,-18.7331014,LA12,2010-04-01,04:20:00 AM,04:20:00,Hot-Wet,2010-04-01 04:20:00
15.37048645,-18.73309733,LA12,2010-04-01,04:40:00 AM,04:40:00,Hot-Wet,2010-04-01 04:40:00
15.37111206,-18.73301188,LA12,2010-04-01,05:00:00 AM,05:00:00,Hot-Wet,2010-04-01 05:00:00
15.37237956,-18.73276571,LA12,2010-04-01,05:20:00 AM,05:20:00,Hot-Wet,2010-04-01 05:20:00
15.37282104,-18.73256022,LA12,2010-04-01,05:40:00 AM,05:40:00,Hot-Wet,2010-04-01 05:40:00
15.37368266,-18.73274536,LA12,2010-04-01,06:00:00 AM,06:00:00,Hot-Wet,2010-04-01 06:00:00
15.37474467,-18.73256429,LA12,2010-04-01,06:20:00 AM,06:20:00,Hot-Wet,2010-04-01 06:20:00
15.37467448,-18.73246663,LA12,2010-04-01,06:40:00 AM,06:40:00,Hot-Wet,2010-04-01 06:40:00
15.37574361,-18.73152669,LA12,2010-04-01,07:00:00 AM,07:00:00,Hot-Wet,2010-04-01 07:00:00
15.37816874,-18.73292033,LA12,2010-04-01,07:20:00 AM,07:20:00,Hot-Wet,2010-04-01 07:20:00
15.37803345,-18.73328857,LA12,2010-04-01,07:40:00 AM,07:40:00,Hot-Wet,2010-04-01 07:40:00
15.3783549,-18.73393555,LA12,2010-04-01,08:00:00 AM,08:00:00,Hot-Wet,2010-04-01 08:00:00
15.37805176,-18.73938395,LA12,2010-04-01,08:20:00 AM,08:20:00,Hot-Wet,2010-04-01 08:20:00
15.37746582,-18.73949585,LA12,2010-04-01,08:40:00 AM,08:40:00,Hot-Wet,2010-04-01 08:40:00
15.37805278,-18.74480998,LA12,2010-04-01,09:00:00 AM,09:00:00,Hot-Wet,2010-04-01 09:00:00
15.37784322,-18.75393066,LA12,2010-04-01,09:20:00 AM,09:20:00,Hot-Wet,2010-04-01 09:20:00
15.37780355,-18.76328328,LA12,2010-04-01,09:40:00 AM,09:40:00,Hot-Wet,2010-04-01 09:40:00
15.37660929,-18.771934,LA12,2010-04-01,10:00:00 AM,10:00:00,Hot-Wet,2010-04-01 10:00:00
15.3757548,-18.7742513,LA12,2010-04-01,10:20:00 AM,10:20:00,Hot-Wet,2010-04-01 10:20:00
15.37589213,-18.77626343,LA12,2010-04-01,10:40:00 AM,10:40:00,Hot-Wet,2010-04-01 10:40:00
15.3761851,-18.77703654,LA12,2010-04-01,11:00:00 AM,11:00:00,Hot-Wet,2010-04-01 11:00:00
15.37701925,-18.7798055,LA12,2010-04-01,11:20:00 AM,11:20:00,Hot-Wet,2010-04-01 11:20:00
15.37751058,-18.78128459,LA12,2010-04-01,11:40:00 AM,11:40:00,Hot-Wet,2010-04-01 11:40:00
15.37768758,-18.78516846,LA12,2010-04-01,12:00:00 PM,12:00:00,Hot-Wet,2010-04-01 12:00:00
15.37771505,-18.78580119,LA12,2010-04-01,12:20:00 PM,12:20:00,Hot-Wet,2010-04-01 12:20:00
15.37620951,-18.78595378,LA12,2010-04-01,12:40:00 PM,12:40:00,Hot-Wet,2010-04-01 12:40:00
15.37100423,-18.78908285,LA12,2010-04-01,01:00:00 PM,13:00:00,Hot-Wet,2010-04-01 13:00:00
15.3670166,-18.7913147,LA12,2010-04-01,01:20:00 PM,13:20:00,Hot-Wet,2010-04-01 13:20:00
15.36351217,-18.79099731,LA12,2010-04-01,01:40:00 PM,13:40:00,Hot-Wet,2010-04-01 13:40:00
15.3635142,-18.79099731,LA12,2010-04-01,02:00:00 PM,14:00:00,Hot-Wet,2010-04-01 14:00:00
15.36351725,-18.79101359,LA12,2010-04-01,02:20:00 PM,14:20:00,Hot-Wet,2010-04-01 14:20:00
15.36354879,-18.79101156,LA12,2010-04-01,02:40:00 PM,14:40:00,Hot-Wet,2010-04-01 14:40:00
15.36587524,-18.79052327,LA12,2010-04-01,03:00:00 PM,15:00:00,Hot-Wet,2010-04-01 15:00:00
15.37119242,-18.79110718,LA12,2010-04-01,03:20:00 PM,15:20:00,Hot-Wet,2010-04-01 15:20:00
15.37993469,-18.79259644,LA12,2010-04-01,03:40:00 PM,15:40:00,Hot-Wet,2010-04-01 15:40:00
15.3893748,-18.79227498,LA12,2010-04-01,04:00:00 PM,16:00:00,Hot-Wet,2010-04-01 16:00:00
15.39068705,-18.7923055,LA12,2010-04-01,04:20:00 PM,16:20:00,Hot-Wet,2010-04-01 16:20:00
15.39375916,-18.79458618,LA12,2010-04-01,04:40:00 PM,16:40:00,Hot-Wet,2010-04-01 16:40:00
15.39469096,-18.79690552,LA12,2010-04-01,05:00:00 PM,17:00:00,Hot-Wet,2010-04-01 17:00:00
15.39531962,-18.79921672,LA12,2010-04-01,05:20:00 PM,17:20:00,Hot-Wet,2010-04-01 17:20:00
15.39590352,-18.7996582,LA12,2010-04-01,05:40:00 PM,17:40:00,Hot-Wet,2010-04-01 17:40:00
15.39657796,-18.79971517,LA12,2010-04-01,06:00:00 PM,18:00:00,Hot-Wet,2010-04-01 18:00:00
15.39885661,-18.80136719,LA12,2010-04-01,06:20:00 PM,18:20:00,Hot-Wet,2010-04-01 18:20:00
15.40093892,-18.80512288,LA12,2010-04-01,06:40:00 PM,18:40:00,Hot-Wet,2010-04-01 18:40:00
15.40088806,-18.80537516,LA12,2010-04-01,07:00:00 PM,19:00:00,Hot-Wet,2010-04-01 19:00:00
15.40290019,-18.80652262,LA12,2010-04-01,07:20:00 PM,19:20:00,Hot-Wet,2010-04-01 19:20:00
15.40518087,-18.80425415,LA12,2010-04-01,07:40:00 PM,19:40:00,Hot-Wet,2010-04-01 19:40:00
15.40527039,-18.80403646,LA12,2010-04-01,08:00:00 PM,20:00:00,Hot-Wet,2010-04-01 20:00:00
15.40547282,-18.80413615,LA12,2010-04-01,08:20:00 PM,20:20:00,Hot-Wet,2010-04-01 20:20:00
15.40750122,-18.80212199,LA12,2010-04-01,08:40:00 PM,20:40:00,Hot-Wet,2010-04-01 20:40:00
15.41090597,-18.79506632,LA12,2010-04-01,09:00:00 PM,21:00:00,Hot-Wet,2010-04-01 21:00:00
15.41888428,-18.79164632,LA12,2010-04-01,09:20:00 PM,21:20:00,Hot-Wet,2010-04-01 21:20:00
15.43045654,-18.79133301,LA12,2010-04-01,09:40:00 PM,21:40:00,Hot-Wet,2010-04-01 21:40:00
15.44220072,-18.79109904,LA12,2010-04-01,10:00:00 PM,22:00:00,Hot-Wet,2010-04-01 22:00:00
15.4537974,-18.79081421,LA12,2010-04-01,10:20:00 PM,22:20:00,Hot-Wet,2010-04-01 22:20:00
15.46678365,-18.79049072,LA12,2010-04-01,10:40:00 PM,22:40:00,Hot-Wet,2010-04-01 22:40:00
15.47928975,-18.79023641,LA12,2010-04-01,11:00:00 PM,23:00:00,Hot-Wet,2010-04-01 23:00:00
15.49296977,-18.78993937,LA12,2010-04-01,11:20:00 PM,23:20:00,Hot-Wet,2010-04-01 23:20:00
15.5064504,-18.78967285,LA12,2010-04-01,11:40:00 PM,23:40:00,Hot-Wet,2010-04-01 23:40:00
15.51805725,-18.78945719,LA12,2010-04-02,12:00:00 AM,00:00:00,Hot-Wet,2010-04-02 00:00:00
15.52543132,-18.78930257,LA12,2010-04-02,12:20:00 AM,00:20:00,Hot-Wet,2010-04-02 00:20:00
15.53471883,-18.78913778,LA12,2010-04-02,12:40:00 AM,00:40:00,Hot-Wet,2010-04-02 00:40:00
15.54220785,-18.78894043,LA12,2010-04-02,01:00:00 AM,01:00:00,Hot-Wet,2010-04-02 01:00:00
15.54258321,-18.78882243,LA12,2010-04-02,01:20:00 AM,01:20:00,Hot-Wet,2010-04-02 01:20:00
15.54804891,-18.78886719,LA12,2010-04-02,01:40:00 AM,01:40:00,Hot-Wet,2010-04-02 01:40:00
15.56020101,-18.78861491,LA12,2010-04-02,02:00:00 AM,02:00:00,Hot-Wet,2010-04-02 02:00:00
15.5616333,-18.78909912,LA12,2010-04-02,02:20:00 AM,02:20:00,Hot-Wet,2010-04-02 02:20:00
15.56311849,-18.78855591,LA12,2010-04-02,02:40:00 AM,02:40:00,Hot-Wet,2010-04-02 02:40:00
15.56951497,-18.78858439,LA12,2010-04-02,03:00:00 AM,03:00:00,Hot-Wet,2010-04-02 03:00:00
15.57001546,-18.78898315,LA12,2010-04-02,03:20:00 AM,03:20:00,Hot-Wet,2010-04-02 03:20:00
15.57070516,-18.78907267,LA12,2010-04-02,03:40:00 AM,03:40:00,Hot-Wet,2010-04-02 03:40:00
15.57128499,-18.7887085,LA12,2010-04-02,04:00:00 AM,04:00:00,Hot-Wet,2010-04-02 04:00:00
15.57194112,-18.78658244,LA12,2010-04-02,04:20:00 AM,04:20:00,Hot-Wet,2010-04-02 04:20:00
15.57193705,-18.78657633,LA12,2010-04-02,04:40:00 AM,04:40:00,Hot-Wet,2010-04-02 04:40:00
15.5720815,-18.78644409,LA12,2010-04-02,05:00:00 AM,05:00:00,Hot-Wet,2010-04-02 05:00:00
15.57329814,-18.78559367,LA12,2010-04-02,05:20:00 AM,05:20:00,Hot-Wet,2010-04-02 05:20:00
15.57406718,-18.78517456,LA12,2010-04-02,05:40:00 AM,05:40:00,Hot-Wet,2010-04-02 05:40:00
15.57518514,-18.78301595,LA12,2010-04-02,06:00:00 AM,06:00:00,Hot-Wet,2010-04-02 06:00:00
15.57724915,-18.78269857,LA12,2010-04-02,06:20:00 AM,06:20:00,Hot-Wet,2010-04-02 06:20:00
15.57731832,-18.78261515,LA12,2010-04-02,06:40:00 AM,06:40:00,Hot-Wet,2010-04-02 06:40:00
15.57784729,-18.78267415,LA12,2010-04-02,07:00:00 AM,07:00:00,Hot-Wet,2010-04-02 07:00:00
15.57920125,-18.7828654,LA12,2010-04-02,07:20:00 AM,07:20:00,Hot-Wet,2010-04-02 07:20:00
15.58084208,-18.78256429,LA12,2010-04-02,07:40:00 AM,07:40:00,Hot-Wet,2010-04-02 07:40:00
15.58395691,-18.78280029,LA12,2010-04-02,08:00:00 AM,08:00:00,Hot-Wet,2010-04-02 08:00:00
15.5839386,-18.78279622,LA12,2010-04-02,08:20:00 AM,08:20:00,Hot-Wet,2010-04-02 08:20:00
15.58393555,-18.78282064,LA12,2010-04-02,08:40:00 AM,08:40:00,Hot-Wet,2010-04-02 08:40:00
15.5859436,-18.78305664,LA12,2010-04-02,09:00:00 AM,09:00:00,Hot-Wet,2010-04-02 09:00:00
15.59144389,-18.78803101,LA12,2010-04-02,09:20:00 AM,09:20:00,Hot-Wet,2010-04-02 09:20:00
15.59895935,-18.78733927,LA12,2010-04-02,09:40:00 AM,09:40:00,Hot-Wet,2010-04-02 09:40:00
15.60560913,-18.78713989,LA12,2010-04-02,10:00:00 AM,10:00:00,Hot-Wet,2010-04-02 10:00:00
15.60697021,-18.78577474,LA12,2010-04-02,10:20:00 AM,10:20:00,Hot-Wet,2010-04-02 10:20:00
15.60787964,-18.78582357,LA12,2010-04-02,10:40:00 AM,10:40:00,Hot-Wet,2010-04-02 10:40:00
15.61367391,-18.78554891,LA12,2010-04-02,11:00:00 AM,11:00:00,Hot-Wet,2010-04-02 11:00:00
15.61976827,-18.78601278,LA12,2010-04-02,11:20:00 AM,11:20:00,Hot-Wet,2010-04-02 11:20:00
15.62772929,-18.78149821,LA12,2010-04-02,11:40:00 AM,11:40:00,Hot-Wet,2010-04-02 11:40:00
15.6295929,-18.78085531,LA12,2010-04-02,12:00:00 PM,12:00:00,Hot-Wet,2010-04-02 12:00:00
15.63118083,-18.78031006,LA12,2010-04-02,12:20:00 PM,12:20:00,Hot-Wet,2010-04-02 12:20:00
15.63119812,-18.78036092,LA12,2010-04-02,12:40:00 PM,12:40:00,Hot-Wet,2010-04-02 12:40:00
15.63315125,-18.77916463,LA12,2010-04-02,01:00:00 PM,13:00:00,Hot-Wet,2010-04-02 13:00:00
15.63528341,-18.77865601,LA12,2010-04-02,01:20:00 PM,13:20:00,Hot-Wet,2010-04-02 13:20:00
15.64298299,-18.77431234,LA12,2010-04-02,01:40:00 PM,13:40:00,Hot-Wet,2010-04-02 13:40:00
15.64877319,-18.77434692,LA12,2010-04-02,02:00:00 PM,14:00:00,Hot-Wet,2010-04-02 14:00:00
15.64955648,-18.77458496,LA12,2010-04-02,02:20:00 PM,14:20:00,Hot-Wet,2010-04-02 14:20:00
15.6503245,-18.77537028,LA12,2010-04-02,02:40:00 PM,14:40:00,Hot-Wet,2010-04-02 14:40:00
15.65467122,-18.77401326,LA12,2010-04-02,03:00:00 PM,15:00:00,Hot-Wet,2010-04-02 15:00:00
15.66083577,-18.77153117,LA12,2010-04-02,03:20:00 PM,15:20:00,Hot-Wet,2010-04-02 15:20:00
15.66128743,-18.77147013,LA12,2010-04-02,03:40:00 PM,15:40:00,Hot-Wet,2010-04-02 15:40:00
15.66175842,-18.7718811,LA12,2010-04-02,04:00:00 PM,16:00:00,Hot-Wet,2010-04-02 16:00:00
15.66530863,-18.77116292,LA12,2010-04-02,04:21:00 PM,16:21:00,Hot-Wet,2010-04-02 16:21:00
15.67098897,-18.76715291,LA12,2010-04-02,04:40:00 PM,16:40:00,Hot-Wet,2010-04-02 16:40:00
15.67893982,-18.76371257,LA12,2010-04-02,05:00:00 PM,17:00:00,Hot-Wet,2010-04-02 17:00:00
15.68744202,-18.76330363,LA12,2010-04-02,05:20:00 PM,17:20:00,Hot-Wet,2010-04-02 17:20:00
15.69801534,-18.76175944,LA12,2010-04-02,05:40:00 PM,17:40:00,Hot-Wet,2010-04-02 17:40:00
15.70484212,-18.76263428,LA12,2010-04-02,06:00:00 PM,18:00:00,Hot-Wet,2010-04-02 18:00:00
15.7118337,-18.75962931,LA12,2010-04-02,06:20:00 PM,18:20:00,Hot-Wet,2010-04-02 18:20:00
15.72054952,-18.7599589,LA12,2010-04-02,06:40:00 PM,18:40:00,Hot-Wet,2010-04-02 18:40:00
15.72755432,-18.76098022,LA12,2010-04-02,07:00:00 PM,19:00:00,Hot-Wet,2010-04-02 19:00:00
15.7327474,-18.76231079,LA12,2010-04-02,07:20:00 PM,19:20:00,Hot-Wet,2010-04-02 19:20:00
15.73701477,-18.76407878,LA12,2010-04-02,07:40:00 PM,19:40:00,Hot-Wet,2010-04-02 19:40:00
15.743514,-18.76771444,LA12,2010-04-02,08:00:00 PM,20:00:00,Hot-Wet,2010-04-02 20:00:00
15.74724731,-18.77011515,LA12,2010-04-02,08:20:00 PM,20:20:00,Hot-Wet,2010-04-02 20:20:00
15.75018209,-18.77208659,LA12,2010-04-02,08:40:00 PM,20:40:00,Hot-Wet,2010-04-02 20:40:00
15.754894,-18.77266235,LA12,2010-04-02,09:00:00 PM,21:00:00,Hot-Wet,2010-04-02 21:00:00
15.75633647,-18.77275391,LA12,2010-04-02,09:20:00 PM,21:20:00,Hot-Wet,2010-04-02 21:20:00
15.75759786,-18.77275391,LA12,2010-04-02,09:40:00 PM,21:40:00,Hot-Wet,2010-04-02 21:40:00
15.76021525,-18.77349447,LA12,2010-04-02,10:00:00 PM,22:00:00,Hot-Wet,2010-04-02 22:00:00
15.76347961,-18.77364502,LA12,2010-04-02,10:20:00 PM,22:20:00,Hot-Wet,2010-04-02 22:20:00
15.77142131,-18.77705688,LA12,2010-04-02,10:40:00 PM,22:40:00,Hot-Wet,2010-04-02 22:40:00
15.77557475,-18.78031006,LA12,2010-04-02,11:00:00 PM,23:00:00,Hot-Wet,2010-04-02 23:00:00
15.77556661,-18.78035685,LA12,2010-04-02,11:20:00 PM,23:20:00,Hot-Wet,2010-04-02 23:20:00
15.7755188,-18.7803243,LA12,2010-04-02,11:40:00 PM,23:40:00,Hot-Wet,2010-04-02 23:40:00
15.77571513,-18.78032837,LA12,2010-04-03,12:00:00 AM,00:00:00,Hot-Wet,2010-04-03 00:00:00
15.77565308,-18.78032633,LA12,2010-04-03,12:20:00 AM,00:20:00,Hot-Wet,2010-04-03 00:20:00
15.77568868,-18.78031006,LA12,2010-04-03,12:40:00 AM,00:40:00,Hot-Wet,2010-04-03 00:40:00
15.77576192,-18.78035685,LA12,2010-04-03,01:00:00 AM,01:00:00,Hot-Wet,2010-04-03 01:00:00
15.7758077,-18.78109334,LA12,2010-04-03,01:20:00 AM,01:20:00,Hot-Wet,2010-04-03 01:20:00
15.77598877,-18.78429159,LA12,2010-04-03,01:40:00 AM,01:40:00,Hot-Wet,2010-04-03 01:40:00
15.77705688,-18.78433431,LA12,2010-04-03,02:00:00 AM,02:00:00,Hot-Wet,2010-04-03 02:00:00
15.77726237,-18.78408407,LA12,2010-04-03,02:20:00 AM,02:20:00,Hot-Wet,2010-04-03 02:20:00
15.77748515,-18.78406982,LA12,2010-04-03,02:40:00 AM,02:40:00,Hot-Wet,2010-04-03 02:40:00
15.77740682,-18.78411458,LA12,2010-04-03,03:00:00 AM,03:00:00,Hot-Wet,2010-04-03 03:00:00
15.77799377,-18.78342896,LA12,2010-04-03,03:20:00 AM,03:20:00,Hot-Wet,2010-04-03 03:20:00
15.77802429,-18.78326009,LA12,2010-04-03,03:40:00 AM,03:40:00,Hot-Wet,2010-04-03 03:40:00
15.77801819,-18.78324992,LA12,2010-04-03,04:00:00 AM,04:00:00,Hot-Wet,2010-04-03 04:00:00
15.77799988,-18.78326416,LA12,2010-04-03,04:20:00 AM,04:20:00,Hot-Wet,2010-04-03 04:20:00
15.77802429,-18.7832784,LA12,2010-04-03,04:40:00 AM,04:40:00,Hot-Wet,2010-04-03 04:40:00
15.7779307,-18.78333944,LA12,2010-04-03,05:00:00 AM,05:00:00,Hot-Wet,2010-04-03 05:00:00
15.77782593,-18.78295695,LA12,2010-04-03,05:20:00 AM,05:20:00,Hot-Wet,2010-04-03 05:20:00
15.77743734,-18.7825826,LA12,2010-04-03,05:40:00 AM,05:40:00,Hot-Wet,2010-04-03 05:40:00
15.77751363,-18.7824585,LA12,2010-04-03,06:00:00 AM,06:00:00,Hot-Wet,2010-04-03 06:00:00
15.77775167,-18.78238932,LA12,2010-04-03,06:20:00 AM,06:20:00,Hot-Wet,2010-04-03 06:20:00
15.77774556,-18.78253581,LA12,2010-04-03,06:40:00 AM,06:40:00,Hot-Wet,2010-04-03 06:40:00
15.77783813,-18.78256429,LA12,2010-04-03,07:00:00 AM,07:00:00,Hot-Wet,2010-04-03 07:00:00
15.77679545,-18.78318481,LA12,2010-04-03,07:20:00 AM,07:20:00,Hot-Wet,2010-04-03 07:20:00
15.77691549,-18.78322754,LA12,2010-04-03,07:40:00 AM,07:40:00,Hot-Wet,2010-04-03 07:40:00
15.77658997,-18.78317668,LA12,2010-04-03,08:00:00 AM,08:00:00,Hot-Wet,2010-04-03 08:00:00
15.77618917,-18.78342082,LA12,2010-04-03,08:20:00 AM,08:20:00,Hot-Wet,2010-04-03 08:20:00
15.7762085,-18.78320516,LA12,2010-04-03,08:40:00 AM,08:40:00,Hot-Wet,2010-04-03 08:40:00
15.7762502,-18.78311361,LA12,2010-04-03,09:00:00 AM,09:00:00,Hot-Wet,2010-04-03 09:00:00
15.77612101,-18.78346151,LA12,2010-04-03,09:20:00 AM,09:20:00,Hot-Wet,2010-04-03 09:20:00
15.7744161,-18.78221842,LA12,2010-04-03,09:40:00 AM,09:40:00,Hot-Wet,2010-04-03 09:40:00
15.77398783,-18.78169759,LA12,2010-04-03,10:00:00 AM,10:00:00,Hot-Wet,2010-04-03 10:00:00
15.77360942,-18.78145752,LA12,2010-04-03,10:20:00 AM,10:20:00,Hot-Wet,2010-04-03 10:20:00
15.77255046,-18.78212077,LA12,2010-04-03,10:40:00 AM,10:40:00,Hot-Wet,2010-04-03 10:40:00
15.77009786,-18.78592529,LA12,2010-04-03,11:00:00 AM,11:00:00,Hot-Wet,2010-04-03 11:00:00
15.77155151,-18.78610026,LA12,2010-04-03,11:20:00 AM,11:20:00,Hot-Wet,2010-04-03 11:20:00
15.77191264,-18.78615316,LA12,2010-04-03,11:40:00 AM,11:40:00,Hot-Wet,2010-04-03 11:40:00
15.77034302,-18.78917643,LA12,2010-04-03,12:00:00 PM,12:00:00,Hot-Wet,2010-04-03 12:00:00
15.76176961,-18.78800863,LA12,2010-04-03,12:20:00 PM,12:20:00,Hot-Wet,2010-04-03 12:20:00
15.75291341,-18.78252157,LA12,2010-04-03,12:40:00 PM,12:40:00,Hot-Wet,2010-04-03 12:40:00
15.744163,-18.77543742,LA12,2010-04-03,01:00:00 PM,13:00:00,Hot-Wet,2010-04-03 13:00:00
15.73732605,-18.76875,LA12,2010-04-03,01:20:00 PM,13:20:00,Hot-Wet,2010-04-03 13:20:00
15.73746745,-18.76801758,LA12,2010-04-03,01:40:00 PM,13:40:00,Hot-Wet,2010-04-03 13:40:00
15.73550415,-18.76443685,LA12,2010-04-03,02:00:00 PM,14:00:00,Hot-Wet,2010-04-03 14:00:00
15.73083903,-18.76181844,LA12,2010-04-03,02:20:00 PM,14:20:00,Hot-Wet,2010-04-03 14:20:00
15.72404277,-18.7553894,LA12,2010-04-03,02:40:00 PM,14:40:00,Hot-Wet,2010-04-03 14:40:00
15.72403971,-18.75031128,LA12,2010-04-03,03:00:00 PM,15:00:00,Hot-Wet,2010-04-03 15:00:00
15.72376709,-18.743809,LA12,2010-04-03,03:20:00 PM,15:20:00,Hot-Wet,2010-04-03 15:20:00
15.72098389,-18.74151408,LA12,2010-04-03,03:40:00 PM,15:40:00,Hot-Wet,2010-04-03 15:40:00
15.72359619,-18.73953044,LA12,2010-04-03,04:00:00 PM,16:00:00,Hot-Wet,2010-04-03 16:00:00
15.73140971,-18.73605143,LA12,2010-04-03,04:20:00 PM,16:20:00,Hot-Wet,2010-04-03 16:20:00
15.7323995,-18.7404541,LA12,2010-04-03,04:40:00 PM,16:40:00,Hot-Wet,2010-04-03 16:40:00
15.73292236,-18.74295247,LA12,2010-04-03,05:00:00 PM,17:00:00,Hot-Wet,2010-04-03 17:00:00
15.73358561,-18.74378866,LA12,2010-04-03,05:20:00 PM,17:20:00,Hot-Wet,2010-04-03 17:20:00
15.73386027,-18.74422811,LA12,2010-04-03,05:40:00 PM,17:40:00,Hot-Wet,2010-04-03 17:40:00
15.73370667,-18.74402669,LA12,2010-04-03,06:00:00 PM,18:00:00,Hot-Wet,2010-04-03 18:00:00
15.73395793,-18.74406331,LA12,2010-04-03,06:20:00 PM,18:20:00,Hot-Wet,2010-04-03 18:20:00
15.73397624,-18.744045,LA12,2010-04-03,06:40:00 PM,18:40:00,Hot-Wet,2010-04-03 18:40:00
15.73387044,-18.74419963,LA12,2010-04-03,07:00:00 PM,19:00:00,Hot-Wet,2010-04-03 19:00:00
15.73324076,-18.74606323,LA12,2010-04-03,07:20:00 PM,19:20:00,Hot-Wet,2010-04-03 19:20:00
15.73292643,-18.74752604,LA12,2010-04-03,07:40:00 PM,19:40:00,Hot-Wet,2010-04-03 19:40:00
15.73221741,-18.75119019,LA12,2010-04-03,08:00:00 PM,20:00:00,Hot-Wet,2010-04-03 20:00:00
15.73202718,-18.75532633,LA12,2010-04-03,08:20:00 PM,20:20:00,Hot-Wet,2010-04-03 20:20:00
15.73159383,-18.75817057,LA12,2010-04-03,08:40:00 PM,20:40:00,Hot-Wet,2010-04-03 20:40:00
15.73111877,-18.76321411,LA12,2010-04-03,09:00:00 PM,21:00:00,Hot-Wet,2010-04-03 21:00:00
15.72813517,-18.76734009,LA12,2010-04-03,09:20:00 PM,21:20:00,Hot-Wet,2010-04-03 21:20:00
15.72721354,-18.76804606,LA12,2010-04-03,09:40:00 PM,21:40:00,Hot-Wet,2010-04-03 21:40:00
15.726415,-18.76810099,LA12,2010-04-03,10:00:00 PM,22:00:00,Hot-Wet,2010-04-03 22:00:00
15.72831624,-18.76981405,LA12,2010-04-03,10:20:00 PM,22:20:00,Hot-Wet,2010-04-03 22:20:00
15.72510274,-18.77558187,LA12,2010-04-03,10:40:00 PM,22:40:00,Hot-Wet,2010-04-03 22:40:00
15.71807048,-18.77491252,LA12,2010-04-03,11:00:00 PM,23:00:00,Hot-Wet,2010-04-03 23:00:00
15.71512044,-18.77072347,LA12,2010-04-03,11:20:00 PM,23:20:00,Hot-Wet,2010-04-03 23:20:00
15.71823018,-18.76941121,LA12,2010-04-03,11:40:00 PM,23:40:00,Hot-Wet,2010-04-03 23:40:00
15.72110291,-18.76996257,LA12,2010-04-04,12:00:00 AM,00:00:00,Hot-Wet,2010-04-04 00:00:00
15.72351481,-18.76890055,LA12,2010-04-04,12:20:00 AM,00:20:00,Hot-Wet,2010-04-04 00:20:00
15.72550863,-18.76937663,LA12,2010-04-04,12:40:00 AM,00:40:00,Hot-Wet,2010-04-04 00:40:00
15.72767537,-18.76967163,LA12,2010-04-04,01:00:00 AM,01:00:00,Hot-Wet,2010-04-04 01:00:00
15.72880452,-18.77085164,LA12,2010-04-04,01:20:00 AM,01:20:00,Hot-Wet,2010-04-04 01:20:00
15.72980042,-18.7719279,LA12,2010-04-04,01:40:00 AM,01:40:00,Hot-Wet,2010-04-04 01:40:00
15.72983704,-18.771934,LA12,2010-04-04,02:00:00 AM,02:00:00,Hot-Wet,2010-04-04 02:00:00
15.72982992,-18.77192383,LA12,2010-04-04,02:20:00 AM,02:20:00,Hot-Wet,2010-04-04 02:20:00
15.72981059,-18.77190755,LA12,2010-04-04,02:40:00 AM,02:40:00,Hot-Wet,2010-04-04 02:40:00
15.72984619,-18.77193604,LA12,2010-04-04,03:00:00 AM,03:00:00,Hot-Wet,2010-04-04 03:00:00
15.72985026,-18.77195435,LA12,2010-04-04,03:20:00 AM,03:20:00,Hot-Wet,2010-04-04 03:20:00
15.72983602,-18.77190348,LA12,2010-04-04,03:40:00 AM,03:40:00,Hot-Wet,2010-04-04 03:40:00
15.72978821,-18.77197266,LA12,2010-04-04,04:00:00 AM,04:00:00,Hot-Wet,2010-04-04 04:00:00
15.73045044,-18.77243245,LA12,2010-04-04,04:20:00 AM,04:20:00,Hot-Wet,2010-04-04 04:20:00
15.73191325,-18.77217,LA12,2010-04-04,04:40:00 AM,04:40:00,Hot-Wet,2010-04-04 04:40:00
15.73188171,-18.77192383,LA12,2010-04-04,05:00:00 AM,05:00:00,Hot-Wet,2010-04-04 05:00:00
15.73195597,-18.76982015,LA12,2010-04-04,05:20:00 AM,05:20:00,Hot-Wet,2010-04-04 05:20:00
15.73283386,-18.76213175,LA12,2010-04-04,05:40:00 AM,05:40:00,Hot-Wet,2010-04-04 05:40:00
15.73180339,-18.76207479,LA12,2010-04-04,06:00:00 AM,06:00:00,Hot-Wet,2010-04-04 06:00:00
15.72876383,-18.7613505,LA12,2010-04-04,06:20:00 AM,06:20:00,Hot-Wet,2010-04-04 06:20:00
15.72655538,-18.76165975,LA12,2010-04-04,06:40:00 AM,06:40:00,Hot-Wet,2010-04-04 06:40:00
15.72377828,-18.76086629,LA12,2010-04-04,07:00:00 AM,07:00:00,Hot-Wet,2010-04-04 07:00:00
15.72011007,-18.75986938,LA12,2010-04-04,07:20:00 AM,07:20:00,Hot-Wet,2010-04-04 07:20:00
15.71146139,-18.75891317,LA12,2010-04-04,07:40:00 AM,07:40:00,Hot-Wet,2010-04-04 07:40:00
15.70343018,-18.76171672,LA12,2010-04-04,08:00:00 AM,08:00:00,Hot-Wet,2010-04-04 08:00:00
15.69565531,-18.76207682,LA12,2010-04-04,08:20:00 AM,08:20:00,Hot-Wet,2010-04-04 08:20:00
15.6894165,-18.76309814,LA12,2010-04-04,08:40:00 AM,08:40:00,Hot-Wet,2010-04-04 08:40:00
15.68701579,-18.76341146,LA12,2010-04-04,09:00:00 AM,09:00:00,Hot-Wet,2010-04-04 09:00:00
15.68606567,-18.76280111,LA12,2010-04-04,09:20:00 AM,09:20:00,Hot-Wet,2010-04-04 09:20:00
15.68503215,-18.76271769,LA12,2010-04-04,09:40:00 AM,09:40:00,Hot-Wet,2010-04-04 09:40:00
15.6791921,-18.7614624,LA12,2010-04-04,10:00:00 AM,10:00:00,Hot-Wet,2010-04-04 10:00:00
15.67663167,-18.76152954,LA12,2010-04-04,10:20:00 AM,10:20:00,Hot-Wet,2010-04-04 10:20:00
15.66752218,-18.76543783,LA12,2010-04-04,10:40:00 AM,10:40:00,Hot-Wet,2010-04-04 10:40:00
15.66175028,-18.7692098,LA12,2010-04-04,11:00:00 AM,11:00:00,Hot-Wet,2010-04-04 11:00:00
15.66083679,-18.77143962,LA12,2010-04-04,11:20:00 AM,11:20:00,Hot-Wet,2010-04-04 11:20:00
15.65309652,-18.77443848,LA12,2010-04-04,11:40:00 AM,11:40:00,Hot-Wet,2010-04-04 11:40:00
15.64980265,-18.77489014,LA12,2010-04-04,12:00:00 PM,12:00:00,Hot-Wet,2010-04-04 12:00:00
15.64929199,-18.77463582,LA12,2010-04-04,12:20:00 PM,12:20:00,Hot-Wet,2010-04-04 12:20:00
15.64925334,-18.77432861,LA12,2010-04-04,12:41:00 PM,12:41:00,Hot-Wet,2010-04-04 12:41:00
15.64732361,-18.77375081,LA12,2010-04-04,01:00:00 PM,13:00:00,Hot-Wet,2010-04-04 13:00:00
15.6391866,-18.77603556,LA12,2010-04-04,01:20:00 PM,13:20:00,Hot-Wet,2010-04-04 13:20:00
15.63437297,-18.77884725,LA12,2010-04-04,01:40:00 PM,13:40:00,Hot-Wet,2010-04-04 13:40:00
15.63213603,-18.77991536,LA12,2010-04-04,02:00:00 PM,14:00:00,Hot-Wet,2010-04-04 14:00:00
15.62937724,-18.7809611,LA12,2010-04-04,02:20:00 PM,14:20:00,Hot-Wet,2010-04-04 14:20:00
15.62113953,-18.7851888,LA12,2010-04-04,02:40:00 PM,14:40:00,Hot-Wet,2010-04-04 14:40:00
15.61950175,-18.78771159,LA12,2010-04-04,03:00:00 PM,15:00:00,Hot-Wet,2010-04-04 15:00:00
15.62317607,-18.79460246,LA12,2010-04-04,03:20:00 PM,15:20:00,Hot-Wet,2010-04-04 15:20:00
15.62728984,-18.7995931,LA12,2010-04-04,03:40:00 PM,15:40:00,Hot-Wet,2010-04-04 15:40:00
15.63045349,-18.80400187,LA12,2010-04-04,04:00:00 PM,16:00:00,Hot-Wet,2010-04-04 16:00:00
15.63256836,-18.80731201,LA12,2010-04-04,04:20:00 PM,16:20:00,Hot-Wet,2010-04-04 16:20:00
15.63639526,-18.81144613,LA12,2010-04-04,04:40:00 PM,16:40:00,Hot-Wet,2010-04-04 16:40:00
15.63722026,-18.81360881,LA12,2010-04-04,05:00:00 PM,17:00:00,Hot-Wet,2010-04-04 17:00:00
15.63994141,-18.81725464,LA12,2010-04-04,05:20:00 PM,17:20:00,Hot-Wet,2010-04-04 17:20:00
15.64088745,-18.82071533,LA12,2010-04-04,05:40:00 PM,17:40:00,Hot-Wet,2010-04-04 17:40:00
15.64178874,-18.82503255,LA12,2010-04-04,06:00:00 PM,18:00:00,Hot-Wet,2010-04-04 18:00:00
15.63942668,-18.82836304,LA12,2010-04-04,06:20:00 PM,18:20:00,Hot-Wet,2010-04-04 18:20:00
15.63772074,-18.83373617,LA12,2010-04-04,06:40:00 PM,18:40:00,Hot-Wet,2010-04-04 18:40:00
15.63682251,-18.83514201,LA12,2010-04-04,07:00:00 PM,19:00:00,Hot-Wet,2010-04-04 19:00:00
15.64064433,-18.83347168,LA12,2010-04-04,07:20:00 PM,19:20:00,Hot-Wet,2010-04-04 19:20:00
15.64147644,-18.83250326,LA12,2010-04-04,07:40:00 PM,19:40:00,Hot-Wet,2010-04-04 19:40:00
15.6417867,-18.83112793,LA12,2010-04-04,08:00:00 PM,20:00:00,Hot-Wet,2010-04-04 20:00:00
15.64142965,-18.82789103,LA12,2010-04-04,08:20:00 PM,20:20:00,Hot-Wet,2010-04-04 20:20:00
15.6416158,-18.82763875,LA12,2010-04-04,08:40:00 PM,20:40:00,Hot-Wet,2010-04-04 20:40:00
15.64379985,-18.82574666,LA12,2010-04-04,09:00:00 PM,21:00:00,Hot-Wet,2010-04-04 21:00:00
15.64205221,-18.82226969,LA12,2010-04-04,09:20:00 PM,21:20:00,Hot-Wet,2010-04-04 21:20:00
15.63994649,-18.81881104,LA12,2010-04-04,09:40:00 PM,21:40:00,Hot-Wet,2010-04-04 21:40:00
15.64188436,-18.81875203,LA12,2010-04-04,10:00:00 PM,22:00:00,Hot-Wet,2010-04-04 22:00:00
15.64680786,-18.81963501,LA12,2010-04-04,10:20:00 PM,22:20:00,Hot-Wet,2010-04-04 22:20:00
15.64837646,-18.81914469,LA12,2010-04-04,10:40:00 PM,22:40:00,Hot-Wet,2010-04-04 22:40:00
15.65069275,-18.81877035,LA12,2010-04-04,11:00:00 PM,23:00:00,Hot-Wet,2010-04-04 23:00:00
15.65439148,-18.81977132,LA12,2010-04-04,11:20:00 PM,23:20:00,Hot-Wet,2010-04-04 23:20:00
15.6574941,-18.82027995,LA12,2010-04-04,11:40:00 PM,23:40:00,Hot-Wet,2010-04-04 23:40:00
15.66016337,-18.82085571,LA12,2010-04-05,12:00:00 AM,00:00:00,Hot-Wet,2010-04-05 00:00:00
15.66298828,-18.81958415,LA12,2010-04-05,12:20:00 AM,00:20:00,Hot-Wet,2010-04-05 00:20:00
15.66298523,-18.81957804,LA12,2010-04-05,12:40:00 AM,00:40:00,Hot-Wet,2010-04-05 00:40:00
15.66300252,-18.81956177,LA12,2010-04-05,01:00:00 AM,01:00:00,Hot-Wet,2010-04-05 01:00:00
15.66300964,-18.81959432,LA12,2010-04-05,01:20:00 AM,01:20:00,Hot-Wet,2010-04-05 01:20:00
15.66302389,-18.8196228,LA12,2010-04-05,01:40:00 AM,01:40:00,Hot-Wet,2010-04-05 01:40:00
15.66321716,-18.81953939,LA12,2010-04-05,02:00:00 AM,02:00:00,Hot-Wet,2010-04-05 02:00:00
15.66327616,-18.8195109,LA12,2010-04-05,02:20:00 AM,02:20:00,Hot-Wet,2010-04-05 02:20:00
15.66332397,-18.8194987,LA12,2010-04-05,02:40:00 AM,02:40:00,Hot-Wet,2010-04-05 02:40:00
15.66331177,-18.81951294,LA12,2010-04-05,03:00:00 AM,03:00:00,Hot-Wet,2010-04-05 03:00:00
15.66325989,-18.81950073,LA12,2010-04-05,03:20:00 AM,03:20:00,Hot-Wet,2010-04-05 03:20:00
15.66327922,-18.81948039,LA12,2010-04-05,03:40:00 AM,03:40:00,Hot-Wet,2010-04-05 03:40:00
15.6633372,-18.8194987,LA12,2010-04-05,04:00:00 AM,04:00:00,Hot-Wet,2010-04-05 04:00:00
15.66330566,-18.8194987,LA12,2010-04-05,04:20:00 AM,04:20:00,Hot-Wet,2010-04-05 04:20:00
15.66325989,-18.81946411,LA12,2010-04-05,04:40:00 AM,04:40:00,Hot-Wet,2010-04-05 04:40:00
15.66322225,-18.81953125,LA12,2010-04-05,05:00:00 AM,05:00:00,Hot-Wet,2010-04-05 05:00:00
15.66407776,-18.81774699,LA12,2010-04-05,05:20:00 AM,05:20:00,Hot-Wet,2010-04-05 05:20:00
15.66703389,-18.81468506,LA12,2010-04-05,05:40:00 AM,05:40:00,Hot-Wet,2010-04-05 05:40:00
15.66785278,-18.81207682,LA12,2010-04-05,06:00:00 AM,06:00:00,Hot-Wet,2010-04-05 06:00:00
15.66706034,-18.81106364,LA12,2010-04-05,06:20:00 AM,06:20:00,Hot-Wet,2010-04-05 06:20:00
15.66735738,-18.81028646,LA12,2010-04-05,06:40:00 AM,06:40:00,Hot-Wet,2010-04-05 06:40:00
15.66795247,-18.80975749,LA12,2010-04-05,07:00:00 AM,07:00:00,Hot-Wet,2010-04-05 07:00:00
15.66748657,-18.80879313,LA12,2010-04-05,07:20:00 AM,07:20:00,Hot-Wet,2010-04-05 07:20:00
15.66371053,-18.80568441,LA12,2010-04-05,07:40:00 AM,07:40:00,Hot-Wet,2010-04-05 07:40:00
15.66334229,-18.80346069,LA12,2010-04-05,08:00:00 AM,08:00:00,Hot-Wet,2010-04-05 08:00:00
15.66331177,-18.80345459,LA12,2010-04-05,08:20:00 AM,08:20:00,Hot-Wet,2010-04-05 08:20:00
15.66240234,-18.80265503,LA12,2010-04-05,08:40:00 AM,08:40:00,Hot-Wet,2010-04-05 08:40:00
15.66001383,-18.8020752,LA12,2010-04-05,09:00:00 AM,09:00:00,Hot-Wet,2010-04-05 09:00:00
15.65872294,-18.80200602,LA12,2010-04-05,09:20:00 AM,09:20:00,Hot-Wet,2010-04-05 09:20:00
15.65834147,-18.80223592,LA12,2010-04-05,09:40:00 AM,09:40:00,Hot-Wet,2010-04-05 09:40:00
15.65834351,-18.80222982,LA12,2010-04-05,10:00:00 AM,10:00:00,Hot-Wet,2010-04-05 10:00:00
15.65834249,-18.80221151,LA12,2010-04-05,10:20:00 AM,10:20:00,Hot-Wet,2010-04-05 10:20:00
15.65832214,-18.80220947,LA12,2010-04-05,10:40:00 AM,10:40:00,Hot-Wet,2010-04-05 10:40:00
15.65698853,-18.80182495,LA12,2010-04-05,11:00:00 AM,11:00:00,Hot-Wet,2010-04-05 11:00:00
15.65199687,-18.80027262,LA12,2010-04-05,11:20:00 AM,11:20:00,Hot-Wet,2010-04-05 11:20:00
15.64821269,-18.7983195,LA12,2010-04-05,11:40:00 AM,11:40:00,Hot-Wet,2010-04-05 11:40:00
15.64144999,-18.79672038,LA12,2010-04-05,12:00:00 PM,12:00:00,Hot-Wet,2010-04-05 12:00:00
15.64082743,-18.79662272,LA12,2010-04-05,12:20:00 PM,12:20:00,Hot-Wet,2010-04-05 12:20:00
15.6408254,-18.79662882,LA12,2010-04-05,12:40:00 PM,12:40:00,Hot-Wet,2010-04-05 12:40:00
15.64082031,-18.79664307,LA12,2010-04-05,01:00:00 PM,13:00:00,Hot-Wet,2010-04-05 13:00:00
15.63791911,-18.79585978,LA12,2010-04-05,01:20:00 PM,13:20:00,Hot-Wet,2010-04-05 13:20:00
15.63423055,-18.79406738,LA12,2010-04-05,01:40:00 PM,13:40:00,Hot-Wet,2010-04-05 13:40:00
15.63217061,-18.79338379,LA12,2010-04-05,02:00:00 PM,14:00:00,Hot-Wet,2010-04-05 14:00:00
15.62923279,-18.7909668,LA12,2010-04-05,02:20:00 PM,14:20:00,Hot-Wet,2010-04-05 14:20:00
15.62178243,-18.78719686,LA12,2010-04-05,02:40:00 PM,14:40:00,Hot-Wet,2010-04-05 14:40:00
15.61841125,-18.78659465,LA12,2010-04-05,03:00:00 PM,15:00:00,Hot-Wet,2010-04-05 15:00:00
15.61879679,-18.78682048,LA12,2010-04-05,03:20:00 PM,15:20:00,Hot-Wet,2010-04-05 15:20:00
15.61797994,-18.78909505,LA12,2010-04-05,03:40:00 PM,15:40:00,Hot-Wet,2010-04-05 15:40:00
15.61709188,-18.79016113,LA12,2010-04-05,04:00:00 PM,16:00:00,Hot-Wet,2010-04-05 16:00:00
15.61410828,-18.79738973,LA12,2010-04-05,04:20:00 PM,16:20:00,Hot-Wet,2010-04-05 16:20:00
15.60961405,-18.80026855,LA12,2010-04-05,04:40:00 PM,16:40:00,Hot-Wet,2010-04-05 16:40:00
15.60889181,-18.80146484,LA12,2010-04-05,05:00:00 PM,17:00:00,Hot-Wet,2010-04-05 17:00:00
15.60897115,-18.80210571,LA12,2010-04-05,05:20:00 PM,17:20:00,Hot-Wet,2010-04-05 17:20:00
15.60879517,-18.80241496,LA12,2010-04-05,05:40:00 PM,17:40:00,Hot-Wet,2010-04-05 17:40:00
15.60648092,-18.80240885,LA12,2010-04-05,06:00:00 PM,18:00:00,Hot-Wet,2010-04-05 18:00:00
15.60505269,-18.80033162,LA12,2010-04-05,06:20:00 PM,18:20:00,Hot-Wet,2010-04-05 18:20:00
15.60521342,-18.79989217,LA12,2010-04-05,06:40:00 PM,18:40:00,Hot-Wet,2010-04-05 18:40:00
15.60328064,-18.80056152,LA12,2010-04-05,07:00:00 PM,19:00:00,Hot-Wet,2010-04-05 19:00:00
15.60048218,-18.80250041,LA12,2010-04-05,07:20:00 PM,19:20:00,Hot-Wet,2010-04-05 19:20:00
15.59981588,-18.80231934,LA12,2010-04-05,07:40:00 PM,19:40:00,Hot-Wet,2010-04-05 19:40:00
15.59866231,-18.80279338,LA12,2010-04-05,08:00:00 PM,20:00:00,Hot-Wet,2010-04-05 20:00:00
15.5972229,-18.80486247,LA12,2010-04-05,08:20:00 PM,20:20:00,Hot-Wet,2010-04-05 20:20:00
15.59701945,-18.80492757,LA12,2010-04-05,08:40:00 PM,20:40:00,Hot-Wet,2010-04-05 20:40:00
15.59642029,-18.80550537,LA12,2010-04-05,09:00:00 PM,21:00:00,Hot-Wet,2010-04-05 21:00:00
15.59647624,-18.80603638,LA12,2010-04-05,09:20:00 PM,21:20:00,Hot-Wet,2010-04-05 21:20:00
15.59588013,-18.80606893,LA12,2010-04-05,09:40:00 PM,21:40:00,Hot-Wet,2010-04-05 21:40:00
15.59286092,-18.80701701,LA12,2010-04-05,10:00:00 PM,22:00:00,Hot-Wet,2010-04-05 22:00:00
15.59198201,-18.80786133,LA12,2010-04-05,10:20:00 PM,22:20:00,Hot-Wet,2010-04-05 22:20:00
15.58641663,-18.80999146,LA12,2010-04-05,10:40:00 PM,22:40:00,Hot-Wet,2010-04-05 22:40:00
15.58596903,-18.81054484,LA12,2010-04-05,11:01:00 PM,23:01:00,Hot-Wet,2010-04-05 23:01:00
15.58450317,-18.81091512,LA12,2010-04-05,11:20:00 PM,23:20:00,Hot-Wet,2010-04-05 23:20:00
15.5837738,-18.8108785,LA12,2010-04-05,11:40:00 PM,23:40:00,Hot-Wet,2010-04-05 23:40:00
15.58318685,-18.81121012,LA12,2010-04-06,12:00:00 AM,00:00:00,Hot-Wet,2010-04-06 00:00:00
15.5829834,-18.81111857,LA12,2010-04-06,12:20:00 AM,00:20:00,Hot-Wet,2010-04-06 00:20:00
15.58296407,-18.8111145,LA12,2010-04-06,12:40:00 AM,00:40:00,Hot-Wet,2010-04-06 00:40:00
15.58294271,-18.81110636,LA12,2010-04-06,01:00:00 AM,01:00:00,Hot-Wet,2010-04-06 01:00:00
15.58291626,-18.81110636,LA12,2010-04-06,01:20:00 AM,01:20:00,Hot-Wet,2010-04-06 01:20:00
15.58281962,-18.81136678,LA12,2010-04-06,01:40:00 AM,01:40:00,Hot-Wet,2010-04-06 01:40:00
15.58280945,-18.81136271,LA12,2010-04-06,02:00:00 AM,02:00:00,Hot-Wet,2010-04-06 02:00:00
15.58281148,-18.81136271,LA12,2010-04-06,02:20:00 AM,02:20:00,Hot-Wet,2010-04-06 02:20:00
15.58285014,-18.8114034,LA12,2010-04-06,02:40:00 AM,02:40:00,Hot-Wet,2010-04-06 02:40:00
15.58280029,-18.8113383,LA12,2010-04-06,03:00:00 AM,03:00:00,Hot-Wet,2010-04-06 03:00:00
15.58276672,-18.81131999,LA12,2010-04-06,03:20:00 AM,03:20:00,Hot-Wet,2010-04-06 03:20:00
15.58282166,-18.81128133,LA12,2010-04-06,03:40:00 AM,03:40:00,Hot-Wet,2010-04-06 03:40:00
15.58278198,-18.81138916,LA12,2010-04-06,04:00:00 AM,04:00:00,Hot-Wet,2010-04-06 04:00:00
15.58276469,-18.81134033,LA12,2010-04-06,04:20:00 AM,04:20:00,Hot-Wet,2010-04-06 04:20:00
15.58299459,-18.81157837,LA12,2010-04-06,04:40:00 AM,04:40:00,Hot-Wet,2010-04-06 04:40:00
15.58236389,-18.81056112,LA12,2010-04-06,05:00:00 AM,05:00:00,Hot-Wet,2010-04-06 05:00:00
15.58078206,-18.81030884,LA12,2010-04-06,05:20:00 AM,05:20:00,Hot-Wet,2010-04-06 05:20:00
15.57952881,-18.81024373,LA12,2010-04-06,05:40:00 AM,05:40:00,Hot-Wet,2010-04-06 05:40:00
15.57849528,-18.81114705,LA12,2010-04-06,06:00:00 AM,06:00:00,Hot-Wet,2010-04-06 06:00:00
15.57733561,-18.81247355,LA12,2010-04-06,06:20:00 AM,06:20:00,Hot-Wet,2010-04-06 06:20:00
15.57693278,-18.81256917,LA12,2010-04-06,06:40:00 AM,06:40:00,Hot-Wet,2010-04-06 06:40:00
15.57434692,-18.81390991,LA12,2010-04-06,07:00:00 AM,07:00:00,Hot-Wet,2010-04-06 07:00:00
15.57462667,-18.81362101,LA12,2010-04-06,07:20:00 AM,07:20:00,Hot-Wet,2010-04-06 07:20:00
15.57304789,-18.81413167,LA12,2010-04-06,07:40:00 AM,07:40:00,Hot-Wet,2010-04-06 07:40:00
15.57276001,-18.8141154,LA12,2010-04-06,08:00:00 AM,08:00:00,Hot-Wet,2010-04-06 08:00:00
15.5712087,-18.81409098,LA12,2010-04-06,08:20:00 AM,08:20:00,Hot-Wet,2010-04-06 08:20:00
15.57067668,-18.81384074,LA12,2010-04-06,08:40:00 AM,08:40:00,Hot-Wet,2010-04-06 08:40:00
15.57231344,-18.81267904,LA12,2010-04-06,09:00:00 AM,09:00:00,Hot-Wet,2010-04-06 09:00:00
15.57235311,-18.81266886,LA12,2010-04-06,09:20:00 AM,09:20:00,Hot-Wet,2010-04-06 09:20:00
15.57226359,-18.81200765,LA12,2010-04-06,09:40:00 AM,09:40:00,Hot-Wet,2010-04-06 09:40:00
15.57034607,-18.81089681,LA12,2010-04-06,10:00:00 AM,10:00:00,Hot-Wet,2010-04-06 10:00:00
15.56791789,-18.80850627,LA12,2010-04-06,10:20:00 AM,10:20:00,Hot-Wet,2010-04-06 10:20:00
15.56794128,-18.8081665,LA12,2010-04-06,10:40:00 AM,10:40:00,Hot-Wet,2010-04-06 10:40:00
15.56911316,-18.80584106,LA12,2010-04-06,11:00:00 AM,11:00:00,Hot-Wet,2010-04-06 11:00:00
15.57106425,-18.80318807,LA12,2010-04-06,11:20:00 AM,11:20:00,Hot-Wet,2010-04-06 11:20:00
15.5714091,-18.80153402,LA12,2010-04-06,11:40:00 AM,11:40:00,Hot-Wet,2010-04-06 11:40:00
15.57087097,-18.8011556,LA12,2010-04-06,12:00:00 PM,12:00:00,Hot-Wet,2010-04-06 12:00:00
15.5707489,-18.80109253,LA12,2010-04-06,12:20:00 PM,12:20:00,Hot-Wet,2010-04-06 12:20:00
15.57152913,-18.80036418,LA12,2010-04-06,12:40:00 PM,12:40:00,Hot-Wet,2010-04-06 12:40:00
15.57171733,-18.79981486,LA12,2010-04-06,01:00:00 PM,13:00:00,Hot-Wet,2010-04-06 13:00:00
15.57223307,-18.799646,LA12,2010-04-06,01:20:00 PM,13:20:00,Hot-Wet,2010-04-06 13:20:00
15.57247721,-18.79930623,LA12,2010-04-06,01:40:00 PM,13:40:00,Hot-Wet,2010-04-06 13:40:00
15.57298889,-18.7989624,LA12,2010-04-06,02:00:00 PM,14:00:00,Hot-Wet,2010-04-06 14:00:00
15.57289429,-18.79838257,LA12,2010-04-06,02:20:00 PM,14:20:00,Hot-Wet,2010-04-06 14:20:00
15.57294108,-18.79830119,LA12,2010-04-06,02:40:00 PM,14:40:00,Hot-Wet,2010-04-06 14:40:00
15.57386271,-18.79903971,LA12,2010-04-06,03:00:00 PM,15:00:00,Hot-Wet,2010-04-06 15:00:00
15.57495117,-18.79975586,LA12,2010-04-06,03:20:00 PM,15:20:00,Hot-Wet,2010-04-06 15:20:00
15.57595215,-18.80070394,LA12,2010-04-06,03:40:00 PM,15:40:00,Hot-Wet,2010-04-06 15:40:00
15.57724711,-18.80184937,LA12,2010-04-06,04:00:00 PM,16:00:00,Hot-Wet,2010-04-06 16:00:00
15.58066915,-18.80306396,LA12,2010-04-06,04:20:00 PM,16:20:00,Hot-Wet,2010-04-06 16:20:00
15.58376668,-18.80311686,LA12,2010-04-06,04:40:00 PM,16:40:00,Hot-Wet,2010-04-06 16:40:00
15.58507385,-18.80245361,LA12,2010-04-06,05:00:00 PM,17:00:00,Hot-Wet,2010-04-06 17:00:00
15.5865387,-18.8027181,LA12,2010-04-06,05:20:00 PM,17:20:00,Hot-Wet,2010-04-06 17:20:00
15.58878479,-18.80414225,LA12,2010-04-06,05:40:00 PM,17:40:00,Hot-Wet,2010-04-06 17:40:00
15.59042155,-18.80429688,LA12,2010-04-06,06:00:00 PM,18:00:00,Hot-Wet,2010-04-06 18:00:00
15.59149272,-18.80508423,LA12,2010-04-06,06:20:00 PM,18:20:00,Hot-Wet,2010-04-06 18:20:00
15.59120687,-18.80626424,LA12,2010-04-06,06:40:00 PM,18:40:00,Hot-Wet,2010-04-06 18:40:00
15.59169922,-18.80717773,LA12,2010-04-06,07:00:00 PM,19:00:00,Hot-Wet,2010-04-06 19:00:00
15.59170125,-18.8099528,LA12,2010-04-06,07:20:00 PM,19:20:00,Hot-Wet,2010-04-06 19:20:00
15.59216207,-18.81067098,LA12,2010-04-06,07:40:00 PM,19:40:00,Hot-Wet,2010-04-06 19:40:00
15.59232178,-18.8109965,LA12,2010-04-06,08:00:00 PM,20:00:00,Hot-Wet,2010-04-06 20:00:00
15.59243571,-18.8125061,LA12,2010-04-06,08:20:00 PM,20:20:00,Hot-Wet,2010-04-06 20:20:00
15.59080404,-18.81529948,LA12,2010-04-06,08:40:00 PM,20:40:00,Hot-Wet,2010-04-06 20:40:00
15.59015605,-18.81626383,LA12,2010-04-06,09:00:00 PM,21:00:00,Hot-Wet,2010-04-06 21:00:00
15.5902181,-18.81592407,LA12,2010-04-06,09:20:00 PM,21:20:00,Hot-Wet,2010-04-06 21:20:00
15.59159648,-18.81635132,LA12,2010-04-06,09:40:00 PM,21:40:00,Hot-Wet,2010-04-06 21:40:00
15.5915863,-18.8163208,LA12,2010-04-06,10:00:00 PM,22:00:00,Hot-Wet,2010-04-06 22:00:00
15.59159648,-18.81628825,LA12,2010-04-06,10:20:00 PM,22:20:00,Hot-Wet,2010-04-06 22:20:00
15.59390564,-18.81635742,LA12,2010-04-06,10:40:00 PM,22:40:00,Hot-Wet,2010-04-06 22:40:00
15.59783223,-18.81635539,LA12,2010-04-06,11:00:00 PM,23:00:00,Hot-Wet,2010-04-06 23:00:00
15.59921773,-18.81681925,LA12,2010-04-06,11:20:00 PM,23:20:00,Hot-Wet,2010-04-06 23:20:00
15.60439046,-18.81471761,LA12,2010-04-06,11:40:00 PM,23:40:00,Hot-Wet,2010-04-06 23:40:00
15.6109436,-18.81554565,LA12,2010-04-07,12:00:00 AM,00:00:00,Hot-Wet,2010-04-07 00:00:00
15.61253459,-18.8168986,LA12,2010-04-07,12:20:00 AM,00:20:00,Hot-Wet,2010-04-07 00:20:00
15.61244609,-18.81677246,LA12,2010-04-07,12:40:00 AM,00:40:00,Hot-Wet,2010-04-07 00:40:00
15.61384888,-18.81765544,LA12,2010-04-07,01:00:00 AM,01:00:00,Hot-Wet,2010-04-07 01:00:00
15.61371867,-18.81767985,LA12,2010-04-07,01:20:00 AM,01:20:00,Hot-Wet,2010-04-07 01:20:00
15.61371765,-18.81766561,LA12,2010-04-07,01:40:00 AM,01:40:00,Hot-Wet,2010-04-07 01:40:00
15.61368103,-18.81767375,LA12,2010-04-07,02:00:00 AM,02:00:00,Hot-Wet,2010-04-07 02:00:00
15.61370748,-18.81771647,LA12,2010-04-07,02:20:00 AM,02:20:00,Hot-Wet,2010-04-07 02:20:00
15.61372681,-18.81769002,LA12,2010-04-07,02:40:00 AM,02:40:00,Hot-Wet,2010-04-07 02:40:00
15.61372375,-18.81767782,LA12,2010-04-07,03:00:00 AM,03:00:00,Hot-Wet,2010-04-07 03:00:00
15.61374105,-18.81766357,LA12,2010-04-07,03:20:00 AM,03:20:00,Hot-Wet,2010-04-07 03:20:00
15.6137085,-18.81764933,LA12,2010-04-07,03:40:00 AM,03:40:00,Hot-Wet,2010-04-07 03:40:00
15.61372782,-18.81766561,LA12,2010-04-07,04:00:00 AM,04:00:00,Hot-Wet,2010-04-07 04:00:00
15.61372579,-18.81763306,LA12,2010-04-07,04:20:00 AM,04:20:00,Hot-Wet,2010-04-07 04:20:00
15.613679,-18.81773478,LA12,2010-04-07,04:40:00 AM,04:40:00,Hot-Wet,2010-04-07 04:40:00
15.61317851,-18.81835124,LA12,2010-04-07,05:00:00 AM,05:00:00,Hot-Wet,2010-04-07 05:00:00
15.61125997,-18.81987712,LA12,2010-04-07,05:20:00 AM,05:20:00,Hot-Wet,2010-04-07 05:20:00
15.60753174,-18.82084147,LA12,2010-04-07,05:40:00 AM,05:40:00,Hot-Wet,2010-04-07 05:40:00
15.60367635,-18.82021688,LA12,2010-04-07,06:00:00 AM,06:00:00,Hot-Wet,2010-04-07 06:00:00
15.59925537,-18.81765747,LA12,2010-04-07,06:20:00 AM,06:20:00,Hot-Wet,2010-04-07 06:20:00
15.5975057,-18.81561686,LA12,2010-04-07,06:40:00 AM,06:40:00,Hot-Wet,2010-04-07 06:40:00
15.59705098,-18.81273397,LA12,2010-04-07,07:00:00 AM,07:00:00,Hot-Wet,2010-04-07 07:00:00
15.59531047,-18.80901693,LA12,2010-04-07,07:20:00 AM,07:20:00,Hot-Wet,2010-04-07 07:20:00
15.59385885,-18.80754598,LA12,2010-04-07,07:40:00 AM,07:40:00,Hot-Wet,2010-04-07 07:40:00
15.59388936,-18.80752157,LA12,2010-04-07,08:00:00 AM,08:00:00,Hot-Wet,2010-04-07 08:00:00
15.59308268,-18.80646566,LA12,2010-04-07,08:20:00 AM,08:20:00,Hot-Wet,2010-04-07 08:20:00
15.5918162,-18.80622965,LA12,2010-04-07,08:40:00 AM,08:40:00,Hot-Wet,2010-04-07 08:40:00
15.58964945,-18.80588379,LA12,2010-04-07,09:00:00 AM,09:00:00,Hot-Wet,2010-04-07 09:00:00
15.58851725,-18.80771484,LA12,2010-04-07,09:20:00 AM,09:20:00,Hot-Wet,2010-04-07 09:20:00
15.58800151,-18.80816243,LA12,2010-04-07,09:40:00 AM,09:40:00,Hot-Wet,2010-04-07 09:40:00
15.5861084,-18.80841471,LA12,2010-04-07,10:00:00 AM,10:00:00,Hot-Wet,2010-04-07 10:00:00
15.58493652,-18.80935262,LA12,2010-04-07,10:20:00 AM,10:20:00,Hot-Wet,2010-04-07 10:20:00
15.58495789,-18.80940959,LA12,2010-04-07,10:40:00 AM,10:40:00,Hot-Wet,2010-04-07 10:40:00
15.58476156,-18.80961711,LA12,2010-04-07,11:00:00 AM,11:00:00,Hot-Wet,2010-04-07 11:00:00
15.58531698,-18.80950928,LA12,2010-04-07,11:20:00 AM,11:20:00,Hot-Wet,2010-04-07 11:20:00
15.58520406,-18.80905558,LA12,2010-04-07,11:40:00 AM,11:40:00,Hot-Wet,2010-04-07 11:40:00
15.58507894,-18.80945435,LA12,2010-04-07,12:00:00 PM,12:00:00,Hot-Wet,2010-04-07 12:00:00
15.58505961,-18.80945231,LA12,2010-04-07,12:20:00 PM,12:20:00,Hot-Wet,2010-04-07 12:20:00
15.58436279,-18.81008504,LA12,2010-04-07,12:40:00 PM,12:40:00,Hot-Wet,2010-04-07 12:40:00
15.584139,-18.81053467,LA12,2010-04-07,01:00:00 PM,13:00:00,Hot-Wet,2010-04-07 13:00:00
15.58401794,-18.81172282,LA12,2010-04-07,01:20:00 PM,13:20:00,Hot-Wet,2010-04-07 13:20:00
15.58384705,-18.81165975,LA12,2010-04-07,01:40:00 PM,13:40:00,Hot-Wet,2010-04-07 13:40:00
15.58384908,-18.81170044,LA12,2010-04-07,02:00:00 PM,14:00:00,Hot-Wet,2010-04-07 14:00:00
15.58396912,-18.81104126,LA12,2010-04-07,02:20:00 PM,14:20:00,Hot-Wet,2010-04-07 14:20:00
15.58427633,-18.81017456,LA12,2010-04-07,02:40:00 PM,14:40:00,Hot-Wet,2010-04-07 14:40:00
15.5822642,-18.81228638,LA12,2010-04-07,03:00:00 PM,15:00:00,Hot-Wet,2010-04-07 15:00:00
15.58193766,-18.81386108,LA12,2010-04-07,03:20:00 PM,15:20:00,Hot-Wet,2010-04-07 15:20:00
15.58147786,-18.81549479,LA12,2010-04-07,03:40:00 PM,15:40:00,Hot-Wet,2010-04-07 15:40:00
15.58254293,-18.81804606,LA12,2010-04-07,04:00:00 PM,16:00:00,Hot-Wet,2010-04-07 16:00:00
15.58339539,-18.82134196,LA12,2010-04-07,04:20:00 PM,16:20:00,Hot-Wet,2010-04-07 16:20:00
15.58409119,-18.82293091,LA12,2010-04-07,04:40:00 PM,16:40:00,Hot-Wet,2010-04-07 16:40:00
15.58395589,-18.82483724,LA12,2010-04-07,05:00:00 PM,17:00:00,Hot-Wet,2010-04-07 17:00:00
15.58486226,-18.82603353,LA12,2010-04-07,05:20:00 PM,17:20:00,Hot-Wet,2010-04-07 17:20:00
15.58597921,-18.8272644,LA12,2010-04-07,05:40:00 PM,17:40:00,Hot-Wet,2010-04-07 17:40:00
15.58599752,-18.82736206,LA12,2010-04-07,06:00:00 PM,18:00:00,Hot-Wet,2010-04-07 18:00:00
15.58598633,-18.8273763,LA12,2010-04-07,06:21:00 PM,18:21:00,Hot-Wet,2010-04-07 18:21:00
15.586026,-18.82734172,LA12,2010-04-07,06:40:00 PM,18:40:00,Hot-Wet,2010-04-07 18:40:00
15.58604431,-18.82799276,LA12,2010-04-07,07:00:00 PM,19:00:00,Hot-Wet,2010-04-07 19:00:00
15.58760986,-18.83300374,LA12,2010-04-07,07:20:00 PM,19:20:00,Hot-Wet,2010-04-07 19:20:00
15.58845113,-18.83401693,LA12,2010-04-07,07:40:00 PM,19:40:00,Hot-Wet,2010-04-07 19:40:00
15.59053446,-18.83558553,LA12,2010-04-07,08:00:00 PM,20:00:00,Hot-Wet,2010-04-07 20:00:00
15.59244588,-18.83502808,LA12,2010-04-07,08:20:00 PM,20:20:00,Hot-Wet,2010-04-07 20:20:00
15.59798075,-18.83892008,LA12,2010-04-07,08:40:00 PM,20:40:00,Hot-Wet,2010-04-07 20:40:00
15.60174255,-18.84073893,LA12,2010-04-07,09:00:00 PM,21:00:00,Hot-Wet,2010-04-07 21:00:00
15.60332133,-18.84146525,LA12,2010-04-07,09:20:00 PM,21:20:00,Hot-Wet,2010-04-07 21:20:00
15.6068929,-18.84307048,LA12,2010-04-07,09:40:00 PM,21:40:00,Hot-Wet,2010-04-07 21:40:00
15.61160278,-18.84532674,LA12,2010-04-07,10:00:00 PM,22:00:00,Hot-Wet,2010-04-07 22:00:00
15.61433207,-18.84853312,LA12,2010-04-07,10:20:00 PM,22:20:00,Hot-Wet,2010-04-07 22:20:00
15.61478577,-18.84896851,LA12,2010-04-07,10:40:00 PM,22:40:00,Hot-Wet,2010-04-07 22:40:00
15.61474711,-18.84897664,LA12,2010-04-07,11:00:00 PM,23:00:00,Hot-Wet,2010-04-07 23:00:00
15.6147817,-18.84894613,LA12,2010-04-07,11:20:00 PM,23:20:00,Hot-Wet,2010-04-07 23:20:00
15.61474101,-18.84894613,LA12,2010-04-07,11:40:00 PM,23:40:00,Hot-Wet,2010-04-07 23:40:00
15.6147817,-18.8489624,LA12,2010-04-08,12:00:00 AM,00:00:00,Hot-Wet,2010-04-08 00:00:00
15.61468709,-18.84947103,LA12,2010-04-08,12:20:00 AM,00:20:00,Hot-Wet,2010-04-08 00:20:00
15.61497091,-18.84903158,LA12,2010-04-08,12:40:00 AM,00:40:00,Hot-Wet,2010-04-08 00:40:00
15.61500854,-18.84962362,LA12,2010-04-08,01:00:00 AM,01:00:00,Hot-Wet,2010-04-08 01:00:00
15.61707458,-18.85227661,LA12,2010-04-08,01:20:00 AM,01:20:00,Hot-Wet,2010-04-08 01:20:00
15.61888123,-18.85509847,LA12,2010-04-08,01:40:00 AM,01:40:00,Hot-Wet,2010-04-08 01:40:00
15.6197581,-18.85569661,LA12,2010-04-08,02:00:00 AM,02:00:00,Hot-Wet,2010-04-08 02:00:00
15.61972656,-18.85571899,LA12,2010-04-08,02:20:00 AM,02:20:00,Hot-Wet,2010-04-08 02:20:00
15.6200297,-18.85575155,LA12,2010-04-08,02:40:00 AM,02:40:00,Hot-Wet,2010-04-08 02:40:00
15.61969401,-18.85571899,LA12,2010-04-08,03:00:00 AM,03:00:00,Hot-Wet,2010-04-08 03:00:00
15.61975199,-18.85570068,LA12,2010-04-08,03:20:00 AM,03:20:00,Hot-Wet,2010-04-08 03:20:00
15.61981812,-18.85567627,LA12,2010-04-08,03:40:00 AM,03:40:00,Hot-Wet,2010-04-08 03:40:00
15.61978353,-18.85572713,LA12,2010-04-08,04:00:00 AM,04:00:00,Hot-Wet,2010-04-08 04:00:00
15.61975606,-18.85576986,LA12,2010-04-08,04:20:00 AM,04:20:00,Hot-Wet,2010-04-08 04:20:00
15.61973775,-18.85566406,LA12,2010-04-08,04:40:00 AM,04:40:00,Hot-Wet,2010-04-08 04:40:00
15.61971741,-18.85561727,LA12,2010-04-08,05:00:00 AM,05:00:00,Hot-Wet,2010-04-08 05:00:00
15.6209493,-18.8568278,LA12,2010-04-08,05:20:00 AM,05:20:00,Hot-Wet,2010-04-08 05:20:00
15.62100525,-18.85721842,LA12,2010-04-08,05:40:00 AM,05:40:00,Hot-Wet,2010-04-08 05:40:00
15.61981913,-18.85884603,LA12,2010-04-08,06:00:00 AM,06:00:00,Hot-Wet,2010-04-08 06:00:00
15.61793518,-18.86043498,LA12,2010-04-08,06:20:00 AM,06:20:00,Hot-Wet,2010-04-08 06:20:00
15.61587728,-18.86489258,LA12,2010-04-08,06:40:00 AM,06:40:00,Hot-Wet,2010-04-08 06:40:00
15.6152415,-18.86461792,LA12,2010-04-08,07:00:00 AM,07:00:00,Hot-Wet,2010-04-08 07:00:00
15.6148997,-18.86479492,LA12,2010-04-08,07:20:00 AM,07:20:00,Hot-Wet,2010-04-08 07:20:00
15.61487325,-18.86479899,LA12,2010-04-08,07:40:00 AM,07:40:00,Hot-Wet,2010-04-08 07:40:00
15.61495768,-18.86479492,LA12,2010-04-08,08:00:00 AM,08:00:00,Hot-Wet,2010-04-08 08:00:00
15.61411133,-18.8664327,LA12,2010-04-08,08:20:00 AM,08:20:00,Hot-Wet,2010-04-08 08:20:00
15.6148234,-18.86908976,LA12,2010-04-08,08:40:00 AM,08:40:00,Hot-Wet,2010-04-08 08:40:00
15.61312663,-18.86886393,LA12,2010-04-08,09:00:00 AM,09:00:00,Hot-Wet,2010-04-08 09:00:00
15.60693359,-18.87141724,LA12,2010-04-08,09:20:00 AM,09:20:00,Hot-Wet,2010-04-08 09:20:00
15.60348307,-18.8725769,LA12,2010-04-08,09:40:00 AM,09:40:00,Hot-Wet,2010-04-08 09:40:00
15.60221863,-18.87154948,LA12,2010-04-08,10:00:00 AM,10:00:00,Hot-Wet,2010-04-08 10:00:00
15.6023234,-18.87160238,LA12,2010-04-08,10:20:00 AM,10:20:00,Hot-Wet,2010-04-08 10:20:00
15.60233561,-18.87160848,LA12,2010-04-08,10:40:00 AM,10:40:00,Hot-Wet,2010-04-08 10:40:00
15.60212708,-18.87157389,LA12,2010-04-08,11:00:00 AM,11:00:00,Hot-Wet,2010-04-08 11:00:00
15.60214132,-18.87158203,LA12,2010-04-08,11:20:00 AM,11:20:00,Hot-Wet,2010-04-08 11:20:00
15.60178833,-18.87167358,LA12,2010-04-08,11:40:00 AM,11:40:00,Hot-Wet,2010-04-08 11:40:00
15.59558512,-18.87145996,LA12,2010-04-08,12:00:00 PM,12:00:00,Hot-Wet,2010-04-08 12:00:00
15.59115702,-18.87539673,LA12,2010-04-08,12:20:00 PM,12:20:00,Hot-Wet,2010-04-08 12:20:00
15.58519491,-18.87755941,LA12,2010-04-08,12:40:00 PM,12:40:00,Hot-Wet,2010-04-08 12:40:00
15.58008219,-18.87829386,LA12,2010-04-08,01:00:00 PM,13:00:00,Hot-Wet,2010-04-08 13:00:00
15.57258606,-18.87465617,LA12,2010-04-08,01:20:00 PM,13:20:00,Hot-Wet,2010-04-08 13:20:00
15.56849976,-18.87718913,LA12,2010-04-08,01:40:00 PM,13:40:00,Hot-Wet,2010-04-08 13:40:00
15.56343079,-18.87853597,LA12,2010-04-08,02:00:00 PM,14:00:00,Hot-Wet,2010-04-08 14:00:00
15.55800171,-18.88457845,LA12,2010-04-08,02:20:00 PM,14:20:00,Hot-Wet,2010-04-08 14:20:00
15.55209351,-18.89049479,LA12,2010-04-08,02:40:00 PM,14:40:00,Hot-Wet,2010-04-08 14:40:00
15.5463206,-18.89720256,LA12,2010-04-08,03:00:00 PM,15:00:00,Hot-Wet,2010-04-08 15:00:00
15.54400024,-18.90174357,LA12,2010-04-08,03:20:00 PM,15:20:00,Hot-Wet,2010-04-08 15:20:00
15.54147542,-18.90281372,LA12,2010-04-08,03:40:00 PM,15:40:00,Hot-Wet,2010-04-08 15:40:00
15.53880107,-18.90957438,LA12,2010-04-08,04:00:00 PM,16:00:00,Hot-Wet,2010-04-08 16:00:00
15.53558553,-18.91446533,LA12,2010-04-08,04:20:00 PM,16:20:00,Hot-Wet,2010-04-08 16:20:00
15.53258667,-18.91954142,LA12,2010-04-08,04:40:00 PM,16:40:00,Hot-Wet,2010-04-08 16:40:00
15.52837626,-18.92566121,LA12,2010-04-08,05:00:00 PM,17:00:00,Hot-Wet,2010-04-08 17:00:00
15.52475586,-18.93016561,LA12,2010-04-08,05:20:00 PM,17:20:00,Hot-Wet,2010-04-08 17:20:00
15.51827494,-18.93877157,LA12,2010-04-08,05:40:00 PM,17:40:00,Hot-Wet,2010-04-08 17:40:00
15.51259664,-18.94920044,LA12,2010-04-08,06:00:00 PM,18:00:00,Hot-Wet,2010-04-08 18:00:00
15.50730794,-18.96015828,LA12,2010-04-08,06:20:00 PM,18:20:00,Hot-Wet,2010-04-08 18:20:00
15.50497437,-18.97196248,LA12,2010-04-08,06:40:00 PM,18:40:00,Hot-Wet,2010-04-08 18:40:00
15.50356649,-18.97660319,LA12,2010-04-08,07:00:00 PM,19:00:00,Hot-Wet,2010-04-08 19:00:00
15.49939372,-18.97749227,LA12,2010-04-08,07:20:00 PM,19:20:00,Hot-Wet,2010-04-08 19:20:00
15.48850403,-18.98011271,LA12,2010-04-08,07:40:00 PM,19:40:00,Hot-Wet,2010-04-08 19:40:00
15.47830098,-18.98127848,LA12,2010-04-08,08:00:00 PM,20:00:00,Hot-Wet,2010-04-08 20:00:00
15.47078857,-18.98104451,LA12,2010-04-08,08:20:00 PM,20:20:00,Hot-Wet,2010-04-08 20:20:00
15.46197713,-18.98082479,LA12,2010-04-08,08:40:00 PM,20:40:00,Hot-Wet,2010-04-08 20:40:00
15.45302022,-18.98016561,LA12,2010-04-08,09:00:00 PM,21:00:00,Hot-Wet,2010-04-08 21:00:00
15.44506327,-18.98003743,LA12,2010-04-08,09:20:00 PM,21:20:00,Hot-Wet,2010-04-08 21:20:00
15.43893026,-18.98008423,LA12,2010-04-08,09:40:00 PM,21:40:00,Hot-Wet,2010-04-08 21:40:00
15.43612874,-18.98004761,LA12,2010-04-08,10:00:00 PM,22:00:00,Hot-Wet,2010-04-08 22:00:00
15.4334554,-18.98181356,LA12,2010-04-08,10:20:00 PM,22:20:00,Hot-Wet,2010-04-08 22:20:00
15.4319397,-18.98394775,LA12,2010-04-08,10:40:00 PM,22:40:00,Hot-Wet,2010-04-08 22:40:00
15.42971497,-18.98319295,LA12,2010-04-08,11:00:00 PM,23:00:00,Hot-Wet,2010-04-08 23:00:00
15.42281087,-18.98186239,LA12,2010-04-08,11:20:00 PM,23:20:00,Hot-Wet,2010-04-08 23:20:00
15.41671549,-18.98023682,LA12,2010-04-08,11:40:00 PM,23:40:00,Hot-Wet,2010-04-08 23:40:00
15.40923258,-18.97699788,LA12,2010-04-09,12:00:00 AM,00:00:00,Hot-Wet,2010-04-09 00:00:00
15.41219177,-18.9679362,LA12,2010-04-09,12:20:00 AM,00:20:00,Hot-Wet,2010-04-09 00:20:00
15.41498617,-18.96086833,LA12,2010-04-09,12:40:00 AM,00:40:00,Hot-Wet,2010-04-09 00:40:00
15.41780294,-18.95632324,LA12,2010-04-09,01:00:00 AM,01:00:00,Hot-Wet,2010-04-09 01:00:00
15.41954041,-18.95286255,LA12,2010-04-09,01:20:00 AM,01:20:00,Hot-Wet,2010-04-09 01:20:00
15.41944784,-18.95182699,LA12,2010-04-09,01:40:00 AM,01:40:00,Hot-Wet,2010-04-09 01:40:00
15.41944071,-18.95176188,LA12,2010-04-09,02:00:00 AM,02:00:00,Hot-Wet,2010-04-09 02:00:00
15.41946106,-18.95180461,LA12,2010-04-09,02:20:00 AM,02:20:00,Hot-Wet,2010-04-09 02:20:00
15.41946309,-18.95177409,LA12,2010-04-09,02:40:00 AM,02:40:00,Hot-Wet,2010-04-09 02:40:00
15.41932373,-18.95182699,LA12,2010-04-09,03:00:00 AM,03:00:00,Hot-Wet,2010-04-09 03:00:00
15.41925659,-18.95185343,LA12,2010-04-09,03:20:00 AM,03:20:00,Hot-Wet,2010-04-09 03:20:00
15.41931966,-18.95182292,LA12,2010-04-09,03:40:00 AM,03:40:00,Hot-Wet,2010-04-09 03:40:00
15.41936747,-18.95205078,LA12,2010-04-09,04:00:00 AM,04:00:00,Hot-Wet,2010-04-09 04:00:00
15.41934204,-18.95205282,LA12,2010-04-09,04:20:00 AM,04:20:00,Hot-Wet,2010-04-09 04:20:00
15.41932475,-18.9520874,LA12,2010-04-09,04:40:00 AM,04:40:00,Hot-Wet,2010-04-09 04:40:00
15.41945394,-18.95198975,LA12,2010-04-09,05:00:00 AM,05:00:00,Hot-Wet,2010-04-09 05:00:00
15.41824544,-18.9524231,LA12,2010-04-09,05:20:00 AM,05:20:00,Hot-Wet,2010-04-09 05:20:00
15.41657817,-18.9528951,LA12,2010-04-09,05:40:00 AM,05:40:00,Hot-Wet,2010-04-09 05:40:00
15.41478068,-18.95268758,LA12,2010-04-09,06:00:00 AM,06:00:00,Hot-Wet,2010-04-09 06:00:00
15.41407166,-18.95314738,LA12,2010-04-09,06:20:00 AM,06:20:00,Hot-Wet,2010-04-09 06:20:00
15.41407267,-18.9536438,LA12,2010-04-09,06:40:00 AM,06:40:00,Hot-Wet,2010-04-09 06:40:00
15.41321411,-18.9526001,LA12,2010-04-09,07:00:00 AM,07:00:00,Hot-Wet,2010-04-09 07:00:00
15.41324463,-18.95263062,LA12,2010-04-09,07:20:00 AM,07:20:00,Hot-Wet,2010-04-09 07:20:00
15.41326396,-18.95313517,LA12,2010-04-09,07:40:00 AM,07:40:00,Hot-Wet,2010-04-09 07:40:00
15.41325887,-18.95313721,LA12,2010-04-09,08:00:00 AM,08:00:00,Hot-Wet,2010-04-09 08:00:00
15.41329956,-18.95340576,LA12,2010-04-09,08:20:00 AM,08:20:00,Hot-Wet,2010-04-09 08:20:00
15.4132843,-18.95337321,LA12,2010-04-09,08:40:00 AM,08:40:00,Hot-Wet,2010-04-09 08:40:00
15.4132253,-18.95345052,LA12,2010-04-09,09:00:00 AM,09:00:00,Hot-Wet,2010-04-09 09:00:00
15.4144338,-18.95513102,LA12,2010-04-09,09:20:00 AM,09:20:00,Hot-Wet,2010-04-09 09:20:00
15.41680705,-18.95510661,LA12,2010-04-09,09:40:00 AM,09:40:00,Hot-Wet,2010-04-09 09:40:00
15.41935832,-18.95530192,LA12,2010-04-09,10:00:00 AM,10:00:00,Hot-Wet,2010-04-09 10:00:00
15.41942952,-18.95593465,LA12,2010-04-09,10:20:00 AM,10:20:00,Hot-Wet,2010-04-09 10:20:00
15.41950582,-18.95679932,LA12,2010-04-09,10:40:00 AM,10:40:00,Hot-Wet,2010-04-09 10:40:00
15.41896261,-18.95722453,LA12,2010-04-09,11:00:00 AM,11:00:00,Hot-Wet,2010-04-09 11:00:00
15.41874491,-18.95686239,LA12,2010-04-09,11:20:00 AM,11:20:00,Hot-Wet,2010-04-09 11:20:00
15.41530762,-18.95570679,LA12,2010-04-09,11:40:00 AM,11:40:00,Hot-Wet,2010-04-09 11:40:00
15.41335144,-18.9565389,LA12,2010-04-09,12:00:00 PM,12:00:00,Hot-Wet,2010-04-09 12:00:00
15.41075846,-18.95565592,LA12,2010-04-09,12:20:00 PM,12:20:00,Hot-Wet,2010-04-09 12:20:00
15.40564779,-18.95890503,LA12,2010-04-09,12:40:00 PM,12:40:00,Hot-Wet,2010-04-09 12:40:00
15.40463562,-18.95906779,LA12,2010-04-09,01:00:00 PM,13:00:00,Hot-Wet,2010-04-09 13:00:00
15.40145467,-18.96232707,LA12,2010-04-09,01:20:00 PM,13:20:00,Hot-Wet,2010-04-09 13:20:00
15.39781291,-18.96596069,LA12,2010-04-09,01:40:00 PM,13:40:00,Hot-Wet,2010-04-09 13:40:00
15.398172,-18.96679077,LA12,2010-04-09,02:00:00 PM,14:00:00,Hot-Wet,2010-04-09 14:00:00
15.39712728,-18.96663615,LA12,2010-04-09,02:20:00 PM,14:20:00,Hot-Wet,2010-04-09 14:20:00
15.39637655,-18.96696167,LA12,2010-04-09,02:40:00 PM,14:40:00,Hot-Wet,2010-04-09 14:40:00
15.39626465,-18.96866862,LA12,2010-04-09,03:00:00 PM,15:00:00,Hot-Wet,2010-04-09 15:00:00
15.39371236,-18.96996867,LA12,2010-04-09,03:20:00 PM,15:20:00,Hot-Wet,2010-04-09 15:20:00
15.39225769,-18.97147827,LA12,2010-04-09,03:40:00 PM,15:40:00,Hot-Wet,2010-04-09 15:40:00
15.39192505,-18.97189535,LA12,2010-04-09,04:00:00 PM,16:00:00,Hot-Wet,2010-04-09 16:00:00
15.39175517,-18.97252401,LA12,2010-04-09,04:20:00 PM,16:20:00,Hot-Wet,2010-04-09 16:20:00
15.39069519,-18.97469076,LA12,2010-04-09,04:40:00 PM,16:40:00,Hot-Wet,2010-04-09 16:40:00
15.38893127,-18.9759847,LA12,2010-04-09,05:00:00 PM,17:00:00,Hot-Wet,2010-04-09 17:00:00
15.38703308,-18.97781779,LA12,2010-04-09,05:20:00 PM,17:20:00,Hot-Wet,2010-04-09 17:20:00
15.38562826,-18.97917277,LA12,2010-04-09,05:40:00 PM,17:40:00,Hot-Wet,2010-04-09 17:40:00
15.38483887,-18.97986857,LA12,2010-04-09,06:00:00 PM,18:00:00,Hot-Wet,2010-04-09 18:00:00
15.38308105,-18.98154093,LA12,2010-04-09,06:20:00 PM,18:20:00,Hot-Wet,2010-04-09 18:20:00
15.38091939,-18.98284098,LA12,2010-04-09,06:40:00 PM,18:40:00,Hot-Wet,2010-04-09 18:40:00
15.37926432,-18.98345744,LA12,2010-04-09,07:00:00 PM,19:00:00,Hot-Wet,2010-04-09 19:00:00
15.37860006,-18.98412272,LA12,2010-04-09,07:20:00 PM,19:20:00,Hot-Wet,2010-04-09 19:20:00
15.37859294,-18.98411662,LA12,2010-04-09,07:40:00 PM,19:40:00,Hot-Wet,2010-04-09 19:40:00
15.37813924,-18.98479207,LA12,2010-04-09,08:00:00 PM,20:00:00,Hot-Wet,2010-04-09 20:00:00
15.37771708,-18.98554281,LA12,2010-04-09,08:20:00 PM,20:20:00,Hot-Wet,2010-04-09 20:20:00
15.3777415,-18.98550618,LA12,2010-04-09,08:40:00 PM,20:40:00,Hot-Wet,2010-04-09 20:40:00
15.37773234,-18.98552856,LA12,2010-04-09,09:00:00 PM,21:00:00,Hot-Wet,2010-04-09 21:00:00
15.37773336,-18.9855306,LA12,2010-04-09,09:20:00 PM,21:20:00,Hot-Wet,2010-04-09 21:20:00
15.37781067,-18.98551229,LA12,2010-04-09,09:40:00 PM,21:40:00,Hot-Wet,2010-04-09 21:40:00
15.37779643,-18.98552043,LA12,2010-04-09,10:00:00 PM,22:00:00,Hot-Wet,2010-04-09 22:00:00
15.37690531,-18.98568319,LA12,2010-04-09,10:20:00 PM,22:20:00,Hot-Wet,2010-04-09 22:20:00
15.37614136,-18.98699544,LA12,2010-04-09,10:40:00 PM,22:40:00,Hot-Wet,2010-04-09 22:40:00
15.37621765,-18.98759969,LA12,2010-04-09,11:00:00 PM,23:00:00,Hot-Wet,2010-04-09 23:00:00
15.37621765,-18.9876241,LA12,2010-04-09,11:20:00 PM,23:20:00,Hot-Wet,2010-04-09 23:20:00
15.37621257,-18.98763428,LA12,2010-04-09,11:40:00 PM,23:40:00,Hot-Wet,2010-04-09 23:40:00
15.37621358,-18.987618,LA12,2010-04-10,12:00:00 AM,00:00:00,Hot-Wet,2010-04-10 00:00:00
15.37621257,-18.98759562,LA12,2010-04-10,12:20:00 AM,00:20:00,Hot-Wet,2010-04-10 00:20:00
15.37623698,-18.98746948,LA12,2010-04-10,12:40:00 AM,00:40:00,Hot-Wet,2010-04-10 00:40:00
15.37623698,-18.98746948,LA12,2010-04-10,01:00:00 AM,01:00:00,Hot-Wet,2010-04-10 01:00:00
15.37621867,-18.98747762,LA12,2010-04-10,01:20:00 AM,01:20:00,Hot-Wet,2010-04-10 01:20:00
15.37623393,-18.98744507,LA12,2010-04-10,01:40:00 AM,01:40:00,Hot-Wet,2010-04-10 01:40:00
15.37621562,-18.98747355,LA12,2010-04-10,02:00:00 AM,02:00:00,Hot-Wet,2010-04-10 02:00:00
15.37622579,-18.98747762,LA12,2010-04-10,02:20:00 AM,02:20:00,Hot-Wet,2010-04-10 02:20:00
15.37621562,-18.98748372,LA12,2010-04-10,02:40:00 AM,02:40:00,Hot-Wet,2010-04-10 02:40:00
15.37620443,-18.98746948,LA12,2010-04-10,03:00:00 AM,03:00:00,Hot-Wet,2010-04-10 03:00:00
15.37706706,-18.98747355,LA12,2010-04-10,03:20:00 AM,03:20:00,Hot-Wet,2010-04-10 03:20:00
15.37707418,-18.98746541,LA12,2010-04-10,03:40:00 AM,03:40:00,Hot-Wet,2010-04-10 03:40:00
15.3770579,-18.98745117,LA12,2010-04-10,04:00:00 AM,04:00:00,Hot-Wet,2010-04-10 04:00:00
15.37659709,-18.98869832,LA12,2010-04-10,04:20:00 AM,04:20:00,Hot-Wet,2010-04-10 04:20:00
15.37521464,-18.99119059,LA12,2010-04-10,04:40:00 AM,04:40:00,Hot-Wet,2010-04-10 04:40:00
15.37230225,-18.99180908,LA12,2010-04-10,05:00:00 AM,05:00:00,Hot-Wet,2010-04-10 05:00:00
15.36869507,-18.99367269,LA12,2010-04-10,05:20:00 AM,05:20:00,Hot-Wet,2010-04-10 05:20:00
15.36666463,-18.99274699,LA12,2010-04-10,05:40:00 AM,05:40:00,Hot-Wet,2010-04-10 05:40:00
15.36543477,-18.99435832,LA12,2010-04-10,06:00:00 AM,06:00:00,Hot-Wet,2010-04-10 06:00:00
15.36502075,-18.99481405,LA12,2010-04-10,06:20:00 AM,06:20:00,Hot-Wet,2010-04-10 06:20:00
15.36386719,-18.99612427,LA12,2010-04-10,06:40:00 AM,06:40:00,Hot-Wet,2010-04-10 06:40:00
15.36105042,-18.99819336,LA12,2010-04-10,07:00:00 AM,07:00:00,Hot-Wet,2010-04-10 07:00:00
15.35643616,-19.00142212,LA12,2010-04-10,07:20:00 AM,07:20:00,Hot-Wet,2010-04-10 07:20:00
15.35414734,-19.00269775,LA12,2010-04-10,07:40:00 AM,07:40:00,Hot-Wet,2010-04-10 07:40:00
15.35393168,-19.00277303,LA12,2010-04-10,08:00:00 AM,08:00:00,Hot-Wet,2010-04-10 08:00:00
15.35207418,-19.00309855,LA12,2010-04-10,08:20:00 AM,08:20:00,Hot-Wet,2010-04-10 08:20:00
15.35126139,-19.00468547,LA12,2010-04-10,08:40:00 AM,08:40:00,Hot-Wet,2010-04-10 08:40:00
15.3497996,-19.00680542,LA12,2010-04-10,09:00:00 AM,09:00:00,Hot-Wet,2010-04-10 09:00:00
15.34888306,-19.00765584,LA12,2010-04-10,09:20:00 AM,09:20:00,Hot-Wet,2010-04-10 09:20:00
15.34729207,-19.00804036,LA12,2010-04-10,09:40:00 AM,09:40:00,Hot-Wet,2010-04-10 09:40:00
15.34684753,-19.00859375,LA12,2010-04-10,10:00:00 AM,10:00:00,Hot-Wet,2010-04-10 10:00:00
15.34601135,-19.01008708,LA12,2010-04-10,10:20:00 AM,10:20:00,Hot-Wet,2010-04-10 10:20:00
15.34523824,-19.0123881,LA12,2010-04-10,10:40:00 AM,10:40:00,Hot-Wet,2010-04-10 10:40:00
15.3442393,-19.01390584,LA12,2010-04-10,11:00:00 AM,11:00:00,Hot-Wet,2010-04-10 11:00:00
15.34443665,-19.01677653,LA12,2010-04-10,11:20:00 AM,11:20:00,Hot-Wet,2010-04-10 11:20:00
15.34316101,-19.01695353,LA12,2010-04-10,11:40:00 AM,11:40:00,Hot-Wet,2010-04-10 11:40:00
15.34167582,-19.01756999,LA12,2010-04-10,12:00:00 PM,12:00:00,Hot-Wet,2010-04-10 12:00:00
15.34336243,-19.01814982,LA12,2010-04-10,12:20:00 PM,12:20:00,Hot-Wet,2010-04-10 12:20:00
15.34337158,-19.01750285,LA12,2010-04-10,12:40:00 PM,12:40:00,Hot-Wet,2010-04-10 12:40:00
15.34220378,-19.01996867,LA12,2010-04-10,01:00:00 PM,13:00:00,Hot-Wet,2010-04-10 13:00:00
15.3399058,-19.02126872,LA12,2010-04-10,01:20:00 PM,13:20:00,Hot-Wet,2010-04-10 13:20:00
15.33907369,-19.02336019,LA12,2010-04-10,01:40:00 PM,13:40:00,Hot-Wet,2010-04-10 13:40:00
15.33746643,-19.02487386,LA12,2010-04-10,02:00:00 PM,14:00:00,Hot-Wet,2010-04-10 14:00:00
15.33696086,-19.02619222,LA12,2010-04-10,02:20:00 PM,14:20:00,Hot-Wet,2010-04-10 14:20:00
15.33466187,-19.02799886,LA12,2010-04-10,02:40:00 PM,14:40:00,Hot-Wet,2010-04-10 14:40:00
15.33464661,-19.02798055,LA12,2010-04-10,03:00:00 PM,15:00:00,Hot-Wet,2010-04-10 15:00:00
15.33463949,-19.02798665,LA12,2010-04-10,03:20:00 PM,15:20:00,Hot-Wet,2010-04-10 15:20:00
15.33454183,-19.02920939,LA12,2010-04-10,03:40:00 PM,15:40:00,Hot-Wet,2010-04-10 15:40:00
15.33191935,-19.03135579,LA12,2010-04-10,04:00:00 PM,16:00:00,Hot-Wet,2010-04-10 16:00:00
15.33103434,-19.03288981,LA12,2010-04-10,04:20:00 PM,16:20:00,Hot-Wet,2010-04-10 16:20:00
15.33080037,-19.0357076,LA12,2010-04-10,04:40:00 PM,16:40:00,Hot-Wet,2010-04-10 16:40:00
15.33001811,-19.03774821,LA12,2010-04-10,05:00:00 PM,17:00:00,Hot-Wet,2010-04-10 17:00:00
15.33138733,-19.03962199,LA12,2010-04-10,05:20:00 PM,17:20:00,Hot-Wet,2010-04-10 17:20:00
15.33121033,-19.04115804,LA12,2010-04-10,05:40:00 PM,17:40:00,Hot-Wet,2010-04-10 17:40:00
15.33224182,-19.04290975,LA12,2010-04-10,06:00:00 PM,18:00:00,Hot-Wet,2010-04-10 18:00:00
15.3321991,-19.04464315,LA12,2010-04-10,06:20:00 PM,18:20:00,Hot-Wet,2010-04-10 18:20:00
15.33306173,-19.05015869,LA12,2010-04-10,06:40:00 PM,18:40:00,Hot-Wet,2010-04-10 18:40:00
15.333196,-19.05207113,LA12,2010-04-10,07:00:00 PM,19:00:00,Hot-Wet,2010-04-10 19:00:00
15.33400981,-19.0570577,LA12,2010-04-10,07:20:00 PM,19:20:00,Hot-Wet,2010-04-10 19:20:00
15.33446554,-19.06388957,LA12,2010-04-10,07:40:00 PM,19:40:00,Hot-Wet,2010-04-10 19:40:00
15.33514201,-19.06853638,LA12,2010-04-10,08:00:00 PM,20:00:00,Hot-Wet,2010-04-10 20:00:00
15.33536784,-19.07122396,LA12,2010-04-10,08:20:00 PM,20:20:00,Hot-Wet,2010-04-10 20:20:00
15.33572795,-19.07413534,LA12,2010-04-10,08:40:00 PM,20:40:00,Hot-Wet,2010-04-10 20:40:00
15.3364268,-19.07333984,LA12,2010-04-10,09:00:00 PM,21:00:00,Hot-Wet,2010-04-10 21:00:00
15.33522135,-19.06980794,LA12,2010-04-10,09:20:00 PM,21:20:00,Hot-Wet,2010-04-10 21:20:00
15.33462423,-19.06457113,LA12,2010-04-10,09:40:00 PM,21:40:00,Hot-Wet,2010-04-10 21:40:00
15.33394063,-19.06394653,LA12,2010-04-10,10:00:00 PM,22:00:00,Hot-Wet,2010-04-10 22:00:00
15.33418274,-19.06367594,LA12,2010-04-10,10:20:00 PM,22:20:00,Hot-Wet,2010-04-10 22:20:00
15.3339915,-19.06288859,LA12,2010-04-10,10:40:00 PM,22:40:00,Hot-Wet,2010-04-10 22:40:00
15.3332255,-19.06097819,LA12,2010-04-10,11:00:00 PM,23:00:00,Hot-Wet,2010-04-10 23:00:00
15.33373617,-19.0572408,LA12,2010-04-10,11:20:00 PM,23:20:00,Hot-Wet,2010-04-10 23:20:00
15.33372599,-19.05724894,LA12,2010-04-10,11:40:00 PM,23:40:00,Hot-Wet,2010-04-10 23:40:00
15.3337321,-19.05725911,LA12,2010-04-11,12:00:00 AM,00:00:00,Hot-Wet,2010-04-11 00:00:00
15.33372396,-19.05726929,LA12,2010-04-11,12:20:00 AM,00:20:00,Hot-Wet,2010-04-11 00:20:00
15.33375244,-19.05727946,LA12,2010-04-11,12:40:00 AM,00:40:00,Hot-Wet,2010-04-11 00:40:00
15.33373515,-19.0572408,LA12,2010-04-11,01:00:00 AM,01:00:00,Hot-Wet,2010-04-11 01:00:00
15.33374329,-19.05727946,LA12,2010-04-11,01:20:00 AM,01:20:00,Hot-Wet,2010-04-11 01:20:00
15.33371887,-19.05728149,LA12,2010-04-11,01:40:00 AM,01:40:00,Hot-Wet,2010-04-11 01:40:00
15.33371785,-19.05728149,LA12,2010-04-11,02:00:00 AM,02:00:00,Hot-Wet,2010-04-11 02:00:00
15.33371887,-19.05727743,LA12,2010-04-11,02:20:00 AM,02:20:00,Hot-Wet,2010-04-11 02:20:00
15.33374837,-19.05727539,LA12,2010-04-11,02:40:00 AM,02:40:00,Hot-Wet,2010-04-11 02:40:00
15.33373718,-19.05725708,LA12,2010-04-11,03:00:00 AM,03:00:00,Hot-Wet,2010-04-11 03:00:00
15.33373515,-19.05730387,LA12,2010-04-11,03:20:00 AM,03:20:00,Hot-Wet,2010-04-11 03:20:00
15.33372599,-19.05727539,LA12,2010-04-11,03:40:00 AM,03:40:00,Hot-Wet,2010-04-11 03:40:00
15.33370565,-19.0572347,LA12,2010-04-11,04:00:00 AM,04:00:00,Hot-Wet,2010-04-11 04:00:00
15.33370768,-19.05730591,LA12,2010-04-11,04:20:00 AM,04:20:00,Hot-Wet,2010-04-11 04:20:00
15.33227946,-19.05697225,LA12,2010-04-11,04:40:00 AM,04:40:00,Hot-Wet,2010-04-11 04:40:00
15.32729187,-19.05849202,LA12,2010-04-11,05:00:00 AM,05:00:00,Hot-Wet,2010-04-11 05:00:00
15.32343547,-19.06067912,LA12,2010-04-11,05:20:00 AM,05:20:00,Hot-Wet,2010-04-11 05:20:00
15.32041626,-19.06167196,LA12,2010-04-11,05:40:00 AM,05:40:00,Hot-Wet,2010-04-11 05:40:00
15.31908468,-19.06172078,LA12,2010-04-11,06:00:00 AM,06:00:00,Hot-Wet,2010-04-11 06:00:00
15.31892192,-19.06103109,LA12,2010-04-11,06:20:00 AM,06:20:00,Hot-Wet,2010-04-11 06:20:00
15.31413879,-19.06537272,LA12,2010-04-11,06:40:00 AM,06:40:00,Hot-Wet,2010-04-11 06:40:00
15.31072388,-19.06843058,LA12,2010-04-11,07:00:00 AM,07:00:00,Hot-Wet,2010-04-11 07:00:00
15.30940247,-19.06872965,LA12,2010-04-11,07:20:00 AM,07:20:00,Hot-Wet,2010-04-11 07:20:00
15.30888265,-19.06928711,LA12,2010-04-11,07:40:00 AM,07:40:00,Hot-Wet,2010-04-11 07:40:00
15.30912984,-19.06981405,LA12,2010-04-11,08:00:00 AM,08:00:00,Hot-Wet,2010-04-11 08:00:00
15.30859273,-19.07042033,LA12,2010-04-11,08:20:00 AM,08:20:00,Hot-Wet,2010-04-11 08:20:00
15.30741882,-19.06987305,LA12,2010-04-11,08:40:00 AM,08:40:00,Hot-Wet,2010-04-11 08:40:00
15.303184,-19.06984049,LA12,2010-04-11,09:00:00 AM,09:00:00,Hot-Wet,2010-04-11 09:00:00
15.30321045,-19.06984456,LA12,2010-04-11,09:20:00 AM,09:20:00,Hot-Wet,2010-04-11 09:20:00
15.30030212,-19.06986898,LA12,2010-04-11,09:40:00 AM,09:40:00,Hot-Wet,2010-04-11 09:40:00
15.29477641,-19.07283529,LA12,2010-04-11,10:00:00 AM,10:00:00,Hot-Wet,2010-04-11 10:00:00
15.29178975,-19.07230021,LA12,2010-04-11,10:20:00 AM,10:20:00,Hot-Wet,2010-04-11 10:20:00
15.2902537,-19.07159627,LA12,2010-04-11,10:40:00 AM,10:40:00,Hot-Wet,2010-04-11 10:40:00
15.28694051,-19.06952718,LA12,2010-04-11,11:00:00 AM,11:00:00,Hot-Wet,2010-04-11 11:00:00
15.28570048,-19.06942952,LA12,2010-04-11,11:20:00 AM,11:20:00,Hot-Wet,2010-04-11 11:20:00
15.28036804,-19.06905721,LA12,2010-04-11,11:40:00 AM,11:40:00,Hot-Wet,2010-04-11 11:40:00
15.27809143,-19.06974691,LA12,2010-04-11,12:00:00 PM,12:00:00,Hot-Wet,2010-04-11 12:00:00
15.27681885,-19.06933187,LA12,2010-04-11,12:20:00 PM,12:20:00,Hot-Wet,2010-04-11 12:20:00
15.27450867,-19.06976115,LA12,2010-04-11,12:40:00 PM,12:40:00,Hot-Wet,2010-04-11 12:40:00
15.27221273,-19.06961466,LA12,2010-04-11,01:00:00 PM,13:00:00,Hot-Wet,2010-04-11 13:00:00
15.27221476,-19.06962077,LA12,2010-04-11,01:20:00 PM,13:20:00,Hot-Wet,2010-04-11 13:20:00
15.27077738,-19.06940715,LA12,2010-04-11,01:40:00 PM,13:40:00,Hot-Wet,2010-04-11 13:40:00
15.26921082,-19.06904907,LA12,2010-04-11,02:00:00 PM,14:00:00,Hot-Wet,2010-04-11 14:00:00
15.26628621,-19.06578166,LA12,2010-04-11,02:20:00 PM,14:20:00,Hot-Wet,2010-04-11 14:20:00
15.26248271,-19.06327515,LA12,2010-04-11,02:40:00 PM,14:40:00,Hot-Wet,2010-04-11 14:40:00
15.25852254,-19.0603597,LA12,2010-04-11,03:00:00 PM,15:00:00,Hot-Wet,2010-04-11 15:00:00
15.25357564,-19.05739543,LA12,2010-04-11,03:20:00 PM,15:20:00,Hot-Wet,2010-04-11 15:20:00
15.24997457,-19.05594889,LA12,2010-04-11,03:40:00 PM,15:40:00,Hot-Wet,2010-04-11 15:40:00
15.24930216,-19.05558879,LA12,2010-04-11,04:00:00 PM,16:00:00,Hot-Wet,2010-04-11 16:00:00
15.24824829,-19.05420125,LA12,2010-04-11,04:20:00 PM,16:20:00,Hot-Wet,2010-04-11 16:20:00
15.24501851,-19.05368245,LA12,2010-04-11,04:40:00 PM,16:40:00,Hot-Wet,2010-04-11 16:40:00
15.23872782,-19.05306193,LA12,2010-04-11,05:00:00 PM,17:00:00,Hot-Wet,2010-04-11 17:00:00
15.23712667,-19.05264893,LA12,2010-04-11,05:20:00 PM,17:20:00,Hot-Wet,2010-04-11 17:20:00
15.23451335,-19.05127767,LA12,2010-04-11,05:40:00 PM,17:40:00,Hot-Wet,2010-04-11 17:40:00
15.23198649,-19.05069173,LA12,2010-04-11,06:00:00 PM,18:00:00,Hot-Wet,2010-04-11 18:00:00
15.22774658,-19.05009766,LA12,2010-04-11,06:20:00 PM,18:20:00,Hot-Wet,2010-04-11 18:20:00
15.22472127,-19.04793701,LA12,2010-04-11,06:40:00 PM,18:40:00,Hot-Wet,2010-04-11 18:40:00
15.22049764,-19.04858805,LA12,2010-04-11,07:00:00 PM,19:00:00,Hot-Wet,2010-04-11 19:00:00
15.21982422,-19.04891968,LA12,2010-04-11,07:20:00 PM,19:20:00,Hot-Wet,2010-04-11 19:20:00
15.21876729,-19.04792887,LA12,2010-04-11,07:40:00 PM,19:40:00,Hot-Wet,2010-04-11 19:40:00
15.21789653,-19.0480835,LA12,2010-04-11,08:00:00 PM,20:00:00,Hot-Wet,2010-04-11 20:00:00
15.21620992,-19.04804077,LA12,2010-04-11,08:20:00 PM,20:20:00,Hot-Wet,2010-04-11 20:20:00
15.21516927,-19.04790243,LA12,2010-04-11,08:40:00 PM,20:40:00,Hot-Wet,2010-04-11 20:40:00
15.21471558,-19.04818115,LA12,2010-04-11,09:00:00 PM,21:00:00,Hot-Wet,2010-04-11 21:00:00
15.21467387,-19.04792074,LA12,2010-04-11,09:20:00 PM,21:20:00,Hot-Wet,2010-04-11 21:20:00
15.21464132,-19.04788615,LA12,2010-04-11,09:40:00 PM,21:40:00,Hot-Wet,2010-04-11 21:40:00
15.21443685,-19.04771932,LA12,2010-04-11,10:00:00 PM,22:00:00,Hot-Wet,2010-04-11 22:00:00
15.21421814,-19.04782308,LA12,2010-04-11,10:20:00 PM,22:20:00,Hot-Wet,2010-04-11 22:20:00
15.21421814,-19.04781494,LA12,2010-04-11,10:40:00 PM,22:40:00,Hot-Wet,2010-04-11 22:40:00
15.21419271,-19.04782308,LA12,2010-04-11,11:00:00 PM,23:00:00,Hot-Wet,2010-04-11 23:00:00
15.21423747,-19.04781494,LA12,2010-04-11,11:20:00 PM,23:20:00,Hot-Wet,2010-04-11 23:20:00
15.21398315,-19.0478658,LA12,2010-04-11,11:40:00 PM,23:40:00,Hot-Wet,2010-04-11 23:40:00
15.21392314,-19.04806112,LA12,2010-04-12,12:00:00 AM,00:00:00,Hot-Wet,2010-04-12 00:00:00
15.21389262,-19.04804688,LA12,2010-04-12,12:20:00 AM,00:20:00,Hot-Wet,2010-04-12 00:20:00
15.21384481,-19.04793498,LA12,2010-04-12,12:40:00 AM,00:40:00,Hot-Wet,2010-04-12 00:40:00
15.21399434,-19.04711507,LA12,2010-04-12,01:00:00 AM,01:00:00,Hot-Wet,2010-04-12 01:00:00
15.21399231,-19.04710897,LA12,2010-04-12,01:20:00 AM,01:20:00,Hot-Wet,2010-04-12 01:20:00
15.21399536,-19.04710897,LA12,2010-04-12,01:40:00 AM,01:40:00,Hot-Wet,2010-04-12 01:40:00
15.21397705,-19.04711304,LA12,2010-04-12,02:00:00 AM,02:00:00,Hot-Wet,2010-04-12 02:00:00
15.21406352,-19.04719849,LA12,2010-04-12,02:20:00 AM,02:20:00,Hot-Wet,2010-04-12 02:20:00
15.2140564,-19.04720662,LA12,2010-04-12,02:40:00 AM,02:40:00,Hot-Wet,2010-04-12 02:40:00
15.21403809,-19.04721476,LA12,2010-04-12,03:00:00 AM,03:00:00,Hot-Wet,2010-04-12 03:00:00
15.21405843,-19.0472229,LA12,2010-04-12,03:20:00 AM,03:20:00,Hot-Wet,2010-04-12 03:20:00
15.21408691,-19.04717611,LA12,2010-04-12,03:40:00 AM,03:40:00,Hot-Wet,2010-04-12 03:40:00
15.21276957,-19.04714355,LA12,2010-04-12,04:00:00 AM,04:00:00,Hot-Wet,2010-04-12 04:00:00
15.21227926,-19.04598389,LA12,2010-04-12,04:20:00 AM,04:20:00,Hot-Wet,2010-04-12 04:20:00
15.21225179,-19.04603068,LA12,2010-04-12,04:40:00 AM,04:40:00,Hot-Wet,2010-04-12 04:40:00
15.21229858,-19.0460144,LA12,2010-04-12,05:00:00 AM,05:00:00,Hot-Wet,2010-04-12 05:00:00
15.21293742,-19.04475301,LA12,2010-04-12,05:20:00 AM,05:20:00,Hot-Wet,2010-04-12 05:20:00
15.2135376,-19.04249268,LA12,2010-04-12,05:40:00 AM,05:40:00,Hot-Wet,2010-04-12 05:40:00
15.21488342,-19.04057007,LA12,2010-04-12,06:00:00 AM,06:00:00,Hot-Wet,2010-04-12 06:00:00
15.21631877,-19.0391215,LA12,2010-04-12,06:20:00 AM,06:20:00,Hot-Wet,2010-04-12 06:20:00
15.2178009,-19.03677775,LA12,2010-04-12,06:40:00 AM,06:40:00,Hot-Wet,2010-04-12 06:40:00
15.21926778,-19.03511556,LA12,2010-04-12,07:00:00 AM,07:00:00,Hot-Wet,2010-04-12 07:00:00
15.21919352,-19.03295492,LA12,2010-04-12,07:20:00 AM,07:20:00,Hot-Wet,2010-04-12 07:20:00
15.22048747,-19.03012899,LA12,2010-04-12,07:40:00 AM,07:40:00,Hot-Wet,2010-04-12 07:40:00
15.21914266,-19.02664388,LA12,2010-04-12,08:00:00 AM,08:00:00,Hot-Wet,2010-04-12 08:00:00
15.21913656,-19.02582397,LA12,2010-04-12,08:20:00 AM,08:20:00,Hot-Wet,2010-04-12 08:20:00
15.21692505,-19.02632446,LA12,2010-04-12,08:40:00 AM,08:40:00,Hot-Wet,2010-04-12 08:40:00
15.21665039,-19.02703044,LA12,2010-04-12,09:00:00 AM,09:00:00,Hot-Wet,2010-04-12 09:00:00
15.21644491,-19.02738444,LA12,2010-04-12,09:20:00 AM,09:20:00,Hot-Wet,2010-04-12 09:20:00
15.21595357,-19.0277181,LA12,2010-04-12,09:40:00 AM,09:40:00,Hot-Wet,2010-04-12 09:40:00
15.21446838,-19.02654012,LA12,2010-04-12,10:00:00 AM,10:00:00,Hot-Wet,2010-04-12 10:00:00
15.21415405,-19.02640788,LA12,2010-04-12,10:20:00 AM,10:20:00,Hot-Wet,2010-04-12 10:20:00
15.21423848,-19.0255717,LA12,2010-04-12,10:40:00 AM,10:40:00,Hot-Wet,2010-04-12 10:40:00
15.21338094,-19.02409668,LA12,2010-04-12,11:00:00 AM,11:00:00,Hot-Wet,2010-04-12 11:00:00
15.2159139,-19.02098796,LA12,2010-04-12,11:20:00 AM,11:20:00,Hot-Wet,2010-04-12 11:20:00
15.217158,-19.01979777,LA12,2010-04-12,11:40:00 AM,11:40:00,Hot-Wet,2010-04-12 11:40:00
15.21911621,-19.01466471,LA12,2010-04-12,12:00:00 PM,12:00:00,Hot-Wet,2010-04-12 12:00:00
15.22476501,-19.00919189,LA12,2010-04-12,12:20:00 PM,12:20:00,Hot-Wet,2010-04-12 12:20:00
15.22656555,-19.00750732,LA12,2010-04-12,12:40:00 PM,12:40:00,Hot-Wet,2010-04-12 12:40:00
15.22943522,-19.00824585,LA12,2010-04-12,01:00:00 PM,13:00:00,Hot-Wet,2010-04-12 13:00:00
15.23285421,-19.01028442,LA12,2010-04-12,01:20:00 PM,13:20:00,Hot-Wet,2010-04-12 13:20:00
15.23698018,-19.01299438,LA12,2010-04-12,01:40:00 PM,13:40:00,Hot-Wet,2010-04-12 13:40:00
15.24173787,-19.01517944,LA12,2010-04-12,02:00:00 PM,14:00:00,Hot-Wet,2010-04-12 14:00:00
15.24971313,-19.01615397,LA12,2010-04-12,02:20:00 PM,14:20:00,Hot-Wet,2010-04-12 14:20:00
15.25371908,-19.01633708,LA12,2010-04-12,02:40:00 PM,14:40:00,Hot-Wet,2010-04-12 14:40:00
15.2538208,-19.01657511,LA12,2010-04-12,03:00:00 PM,15:00:00,Hot-Wet,2010-04-12 15:00:00
15.25398966,-19.01670329,LA12,2010-04-12,03:20:00 PM,15:20:00,Hot-Wet,2010-04-12 15:20:00
15.25403035,-19.0165446,LA12,2010-04-12,03:40:00 PM,15:40:00,Hot-Wet,2010-04-12 15:40:00
15.25484619,-19.01647949,LA12,2010-04-12,04:00:00 PM,16:00:00,Hot-Wet,2010-04-12 16:00:00
15.25514832,-19.01660563,LA12,2010-04-12,04:20:00 PM,16:20:00,Hot-Wet,2010-04-12 16:20:00
15.25661723,-19.01619466,LA12,2010-04-12,04:40:00 PM,16:40:00,Hot-Wet,2010-04-12 16:40:00
15.2576416,-19.01448161,LA12,2010-04-12,05:00:00 PM,17:00:00,Hot-Wet,2010-04-12 17:00:00
15.25816345,-19.01431885,LA12,2010-04-12,05:20:00 PM,17:20:00,Hot-Wet,2010-04-12 17:20:00
15.26033834,-19.01543783,LA12,2010-04-12,05:40:00 PM,17:40:00,Hot-Wet,2010-04-12 17:40:00
15.26072083,-19.01532593,LA12,2010-04-12,06:00:00 PM,18:00:00,Hot-Wet,2010-04-12 18:00:00
15.26109314,-19.01613566,LA12,2010-04-12,06:20:00 PM,18:20:00,Hot-Wet,2010-04-12 18:20:00
15.26137797,-19.01615601,LA12,2010-04-12,06:40:00 PM,18:40:00,Hot-Wet,2010-04-12 18:40:00
15.26154582,-19.01621297,LA12,2010-04-12,07:00:00 PM,19:00:00,Hot-Wet,2010-04-12 19:00:00
15.26213277,-19.01623739,LA12,2010-04-12,07:20:00 PM,19:20:00,Hot-Wet,2010-04-12 19:20:00
15.26288961,-19.01603597,LA12,2010-04-12,07:40:00 PM,19:40:00,Hot-Wet,2010-04-12 19:40:00
15.26384277,-19.01606242,LA12,2010-04-12,08:00:00 PM,20:00:00,Hot-Wet,2010-04-12 20:00:00
15.2682251,-19.01658122,LA12,2010-04-12,08:20:00 PM,20:20:00,Hot-Wet,2010-04-12 20:20:00
15.27178243,-19.01648356,LA12,2010-04-12,08:40:00 PM,20:40:00,Hot-Wet,2010-04-12 20:40:00
15.27184143,-19.0164388,LA12,2010-04-12,09:00:00 PM,21:00:00,Hot-Wet,2010-04-12 21:00:00
15.2726003,-19.01643066,LA12,2010-04-12,09:20:00 PM,21:20:00,Hot-Wet,2010-04-12 21:20:00
15.27401123,-19.01670329,LA12,2010-04-12,09:40:00 PM,21:40:00,Hot-Wet,2010-04-12 21:40:00
15.27507731,-19.01629842,LA12,2010-04-12,10:00:00 PM,22:00:00,Hot-Wet,2010-04-12 22:00:00
15.27518412,-19.01623332,LA12,2010-04-12,10:20:00 PM,22:20:00,Hot-Wet,2010-04-12 22:20:00
15.27520243,-19.01625977,LA12,2010-04-12,10:40:00 PM,22:40:00,Hot-Wet,2010-04-12 22:40:00
15.27519633,-19.01622721,LA12,2010-04-12,11:00:00 PM,23:00:00,Hot-Wet,2010-04-12 23:00:00
15.27515767,-19.01623535,LA12,2010-04-12,11:20:00 PM,23:20:00,Hot-Wet,2010-04-12 23:20:00
15.27518412,-19.01622111,LA12,2010-04-12,11:40:00 PM,23:40:00,Hot-Wet,2010-04-12 23:40:00
15.27536316,-19.01641439,LA12,2010-04-13,12:00:52 AM,00:00:00,Hot-Wet,2010-04-13 00:00:00
15.27537435,-19.01641439,LA12,2010-04-13,12:20:52 AM,00:20:00,Hot-Wet,2010-04-13 00:20:00
15.27535299,-19.01641439,LA12,2010-04-13,12:40:52 AM,00:40:00,Hot-Wet,2010-04-13 00:40:00
15.27535909,-19.01637573,LA12,2010-04-13,01:00:52 AM,01:00:00,Hot-Wet,2010-04-13 01:00:00
15.27556864,-19.01645304,LA12,2010-04-13,01:20:52 AM,01:20:00,Hot-Wet,2010-04-13 01:20:00
15.27560933,-19.01644491,LA12,2010-04-13,01:40:52 AM,01:40:00,Hot-Wet,2010-04-13 01:40:00
15.27557271,-19.01646729,LA12,2010-04-13,02:00:52 AM,02:00:00,Hot-Wet,2010-04-13 02:00:00
15.27542521,-19.01690267,LA12,2010-04-13,02:20:52 AM,02:20:00,Hot-Wet,2010-04-13 02:20:00
15.27721761,-19.01754557,LA12,2010-04-13,02:40:52 AM,02:40:00,Hot-Wet,2010-04-13 02:40:00
15.28015035,-19.01707357,LA12,2010-04-13,03:00:52 AM,03:00:00,Hot-Wet,2010-04-13 03:00:00
15.2804718,-19.01774089,LA12,2010-04-13,03:20:52 AM,03:20:00,Hot-Wet,2010-04-13 03:20:00
15.28048197,-19.01774902,LA12,2010-04-13,03:40:52 AM,03:40:00,Hot-Wet,2010-04-13 03:40:00
15.28047994,-19.01775106,LA12,2010-04-13,04:00:52 AM,04:00:00,Hot-Wet,2010-04-13 04:00:00
15.28052979,-19.01774292,LA12,2010-04-13,04:20:52 AM,04:20:00,Hot-Wet,2010-04-13 04:20:00
15.28050334,-19.01774495,LA12,2010-04-13,04:40:52 AM,04:40:00,Hot-Wet,2010-04-13 04:40:00
15.28052572,-19.01771444,LA12,2010-04-13,05:00:52 AM,05:00:00,Hot-Wet,2010-04-13 05:00:00
15.28385111,-19.01691691,LA12,2010-04-13,05:20:52 AM,05:20:00,Hot-Wet,2010-04-13 05:20:00
15.28734843,-19.01574707,LA12,2010-04-13,05:40:52 AM,05:40:00,Hot-Wet,2010-04-13 05:40:00
15.28969523,-19.01640422,LA12,2010-04-13,06:00:52 AM,06:00:00,Hot-Wet,2010-04-13 06:00:00
15.29346313,-19.0181132,LA12,2010-04-13,06:20:52 AM,06:20:00,Hot-Wet,2010-04-13 06:20:00
15.2968516,-19.01896973,LA12,2010-04-13,06:40:52 AM,06:40:00,Hot-Wet,2010-04-13 06:40:00
15.30036214,-19.01850382,LA12,2010-04-13,07:00:52 AM,07:00:00,Hot-Wet,2010-04-13 07:00:00
15.30397644,-19.01775513,LA12,2010-04-13,07:20:52 AM,07:20:00,Hot-Wet,2010-04-13 07:20:00
15.30788066,-19.01734212,LA12,2010-04-13,07:40:52 AM,07:40:00,Hot-Wet,2010-04-13 07:40:00
15.30903524,-19.01750081,LA12,2010-04-13,08:00:52 AM,08:00:00,Hot-Wet,2010-04-13 08:00:00
15.30926514,-19.01819661,LA12,2010-04-13,08:20:52 AM,08:20:00,Hot-Wet,2010-04-13 08:20:00
15.31218974,-19.0163269,LA12,2010-04-13,08:40:52 AM,08:40:00,Hot-Wet,2010-04-13 08:40:00
15.316745,-19.01489665,LA12,2010-04-13,09:00:52 AM,09:00:00,Hot-Wet,2010-04-13 09:00:00
15.32014567,-19.01497396,LA12,2010-04-13,09:20:52 AM,09:20:00,Hot-Wet,2010-04-13 09:20:00
15.3253713,-19.01450602,LA12,2010-04-13,09:40:52 AM,09:40:00,Hot-Wet,2010-04-13 09:40:00
15.32857056,-19.0137736,LA12,2010-04-13,10:00:52 AM,10:00:00,Hot-Wet,2010-04-13 10:00:00
15.33088074,-19.01383667,LA12,2010-04-13,10:20:52 AM,10:20:00,Hot-Wet,2010-04-13 10:20:00
15.33368734,-19.01251424,LA12,2010-04-13,10:40:52 AM,10:40:00,Hot-Wet,2010-04-13 10:40:00
15.33698222,-19.01218058,LA12,2010-04-13,11:00:52 AM,11:00:00,Hot-Wet,2010-04-13 11:00:00
15.3416626,-19.01484782,LA12,2010-04-13,11:20:52 AM,11:20:00,Hot-Wet,2010-04-13 11:20:00
15.34384867,-19.01718343,LA12,2010-04-13,11:40:52 AM,11:40:00,Hot-Wet,2010-04-13 11:40:00
15.34606018,-19.01553955,LA12,2010-04-13,12:00:52 PM,12:00:00,Hot-Wet,2010-04-13 12:00:00
15.3474172,-19.01389974,LA12,2010-04-13,12:20:53 PM,12:20:00,Hot-Wet,2010-04-13 12:20:00
15.35012309,-19.01341756,LA12,2010-04-13,12:40:52 PM,12:40:00,Hot-Wet,2010-04-13 12:40:00
15.35179036,-19.01347656,LA12,2010-04-13,01:00:52 PM,13:00:00,Hot-Wet,2010-04-13 13:00:00
15.35313009,-19.01176351,LA12,2010-04-13,01:20:52 PM,13:20:00,Hot-Wet,2010-04-13 13:20:00
15.35507609,-19.00860392,LA12,2010-04-13,01:40:52 PM,13:40:00,Hot-Wet,2010-04-13 13:40:00
15.35601908,-19.00807699,LA12,2010-04-13,02:00:52 PM,14:00:00,Hot-Wet,2010-04-13 14:00:00
15.35607707,-19.0081075,LA12,2010-04-13,02:20:52 PM,14:20:00,Hot-Wet,2010-04-13 14:20:00
15.35555318,-19.0068339,LA12,2010-04-13,02:40:52 PM,14:40:00,Hot-Wet,2010-04-13 14:40:00
15.35604146,-19.00360718,LA12,2010-04-13,03:00:52 PM,15:00:00,Hot-Wet,2010-04-13 15:00:00
15.35842489,-19.00186157,LA12,2010-04-13,03:20:52 PM,15:20:00,Hot-Wet,2010-04-13 15:20:00
15.35928752,-19.00024007,LA12,2010-04-13,03:40:52 PM,15:40:00,Hot-Wet,2010-04-13 15:40:00
15.36072591,-18.99879354,LA12,2010-04-13,04:00:52 PM,16:00:00,Hot-Wet,2010-04-13 16:00:00
15.36116028,-18.99790649,LA12,2010-04-13,04:20:52 PM,16:20:00,Hot-Wet,2010-04-13 16:20:00
15.36320292,-18.99934489,LA12,2010-04-13,04:40:52 PM,16:40:00,Hot-Wet,2010-04-13 16:40:00
15.365389,-18.99924316,LA12,2010-04-13,05:00:52 PM,17:00:00,Hot-Wet,2010-04-13 17:00:00
15.36585185,-18.99984538,LA12,2010-04-13,05:20:52 PM,17:20:00,Hot-Wet,2010-04-13 17:20:00
15.36546529,-19.0016805,LA12,2010-04-13,05:40:52 PM,17:40:00,Hot-Wet,2010-04-13 17:40:00
15.36511129,-19.00226644,LA12,2010-04-13,06:00:52 PM,18:00:00,Hot-Wet,2010-04-13 18:00:00
15.36746216,-19.00228068,LA12,2010-04-13,06:20:52 PM,18:20:00,Hot-Wet,2010-04-13 18:20:00
15.36883952,-19.00167643,LA12,2010-04-13,06:40:52 PM,18:40:00,Hot-Wet,2010-04-13 18:40:00
15.36927795,-19.00148519,LA12,2010-04-13,07:00:52 PM,19:00:00,Hot-Wet,2010-04-13 19:00:00
15.37003479,-19.00178426,LA12,2010-04-13,07:20:52 PM,19:20:00,Hot-Wet,2010-04-13 19:20:00
15.37096151,-19.00200806,LA12,2010-04-13,07:40:52 PM,19:40:00,Hot-Wet,2010-04-13 19:40:00
15.37226156,-19.0022644,LA12,2010-04-13,08:00:52 PM,20:00:00,Hot-Wet,2010-04-13 20:00:00
15.37228088,-19.00221965,LA12,2010-04-13,08:20:52 PM,20:20:00,Hot-Wet,2010-04-13 20:20:00
15.37239176,-19.00150757,LA12,2010-04-13,08:40:52 PM,20:40:00,Hot-Wet,2010-04-13 20:40:00
15.37239075,-19.00123494,LA12,2010-04-13,09:00:52 PM,21:00:00,Hot-Wet,2010-04-13 21:00:00
15.37318929,-19.00241292,LA12,2010-04-13,09:20:52 PM,21:20:00,Hot-Wet,2010-04-13 21:20:00
15.37373149,-19.00267131,LA12,2010-04-13,09:40:52 PM,21:40:00,Hot-Wet,2010-04-13 21:40:00
15.37370199,-19.00268962,LA12,2010-04-13,10:00:52 PM,22:00:00,Hot-Wet,2010-04-13 22:00:00
15.37371012,-19.00268758,LA12,2010-04-13,10:20:52 PM,22:20:00,Hot-Wet,2010-04-13 22:20:00
15.37515361,-19.00286662,LA12,2010-04-13,10:40:52 PM,22:40:00,Hot-Wet,2010-04-13 22:40:00
15.37768656,-19.00197957,LA12,2010-04-13,11:00:52 PM,23:00:00,Hot-Wet,2010-04-13 23:00:00
15.37877096,-18.99970296,LA12,2010-04-13,11:20:52 PM,23:20:00,Hot-Wet,2010-04-13 23:20:00
15.3812856,-18.99564412,LA12,2010-04-13,11:40:52 PM,23:40:00,Hot-Wet,2010-04-13 23:40:00
15.38386027,-18.99013672,LA12,2010-04-14,12:00:52 AM,00:00:00,Hot-Wet,2010-04-14 00:00:00
15.38855184,-18.984611,LA12,2010-04-14,12:20:53 AM,00:20:00,Hot-Wet,2010-04-14 00:20:00
15.39031067,-18.98130086,LA12,2010-04-14,12:40:52 AM,00:40:00,Hot-Wet,2010-04-14 00:40:00
15.39403076,-18.97375285,LA12,2010-04-14,01:00:52 AM,01:00:00,Hot-Wet,2010-04-14 01:00:00
15.39661357,-18.96775106,LA12,2010-04-14,01:20:52 AM,01:20:00,Hot-Wet,2010-04-14 01:20:00
15.39986776,-18.9612325,LA12,2010-04-14,01:40:52 AM,01:40:00,Hot-Wet,2010-04-14 01:40:00
15.4026947,-18.95790202,LA12,2010-04-14,02:00:52 AM,02:00:00,Hot-Wet,2010-04-14 02:00:00
15.40489299,-18.95618083,LA12,2010-04-14,02:20:52 AM,02:20:00,Hot-Wet,2010-04-14 02:20:00
15.4049408,-18.95616048,LA12,2010-04-14,02:40:52 AM,02:40:00,Hot-Wet,2010-04-14 02:40:00
15.40496012,-18.95615845,LA12,2010-04-14,03:00:52 AM,03:00:00,Hot-Wet,2010-04-14 03:00:00
15.40495097,-18.95615641,LA12,2010-04-14,03:20:52 AM,03:20:00,Hot-Wet,2010-04-14 03:20:00
15.40488485,-18.95619507,LA12,2010-04-14,03:40:58 AM,03:40:00,Hot-Wet,2010-04-14 03:40:00
15.40492859,-18.95614421,LA12,2010-04-14,04:00:52 AM,04:00:00,Hot-Wet,2010-04-14 04:00:00
15.40694478,-18.95413208,LA12,2010-04-14,04:21:02 AM,04:21:00,Hot-Wet,2010-04-14 04:21:00
15.41030172,-18.95034993,LA12,2010-04-14,04:40:52 AM,04:40:00,Hot-Wet,2010-04-14 04:40:00
15.41507161,-18.94503174,LA12,2010-04-14,05:00:52 AM,05:00:00,Hot-Wet,2010-04-14 05:00:00
15.4190155,-18.93845011,LA12,2010-04-14,05:20:52 AM,05:20:00,Hot-Wet,2010-04-14 05:20:00
15.42090251,-18.93347371,LA12,2010-04-14,05:40:52 AM,05:40:00,Hot-Wet,2010-04-14 05:40:00
15.42234192,-18.92845256,LA12,2010-04-14,06:00:52 AM,06:00:00,Hot-Wet,2010-04-14 06:00:00
15.42349752,-18.92542928,LA12,2010-04-14,06:20:52 AM,06:20:00,Hot-Wet,2010-04-14 06:20:00
15.4256724,-18.91866048,LA12,2010-04-14,06:40:53 AM,06:40:00,Hot-Wet,2010-04-14 06:40:00
15.43127543,-18.91488037,LA12,2010-04-14,07:00:52 AM,07:00:00,Hot-Wet,2010-04-14 07:00:00
15.43415222,-18.9094401,LA12,2010-04-14,07:20:52 AM,07:20:00,Hot-Wet,2010-04-14 07:20:00
15.4377004,-18.9074646,LA12,2010-04-14,07:40:52 AM,07:40:00,Hot-Wet,2010-04-14 07:40:00
15.44134115,-18.90411784,LA12,2010-04-14,08:00:52 AM,08:00:00,Hot-Wet,2010-04-14 08:00:00
15.4484965,-18.90061239,LA12,2010-04-14,08:20:52 AM,08:20:00,Hot-Wet,2010-04-14 08:20:00
15.45860596,-18.89762166,LA12,2010-04-14,08:40:52 AM,08:40:00,Hot-Wet,2010-04-14 08:40:00
15.46824646,-18.89351603,LA12,2010-04-14,09:00:52 AM,09:00:00,Hot-Wet,2010-04-14 09:00:00
15.47697042,-18.89087728,LA12,2010-04-14,09:20:52 AM,09:20:00,Hot-Wet,2010-04-14 09:20:00
15.48414612,-18.8881307,LA12,2010-04-14,09:40:52 AM,09:40:00,Hot-Wet,2010-04-14 09:40:00
15.48570964,-18.88701375,LA12,2010-04-14,10:00:52 AM,10:00:00,Hot-Wet,2010-04-14 10:00:00
15.48625285,-18.88714803,LA12,2010-04-14,10:20:52 AM,10:20:00,Hot-Wet,2010-04-14 10:20:00
15.48747253,-18.8859904,LA12,2010-04-14,10:40:52 AM,10:40:00,Hot-Wet,2010-04-14 10:40:00
15.48782756,-18.88538005,LA12,2010-04-14,11:00:52 AM,11:00:00,Hot-Wet,2010-04-14 11:00:00
15.48786926,-18.88513997,LA12,2010-04-14,11:20:52 AM,11:20:00,Hot-Wet,2010-04-14 11:20:00
15.48797913,-18.88507894,LA12,2010-04-14,11:40:52 AM,11:40:00,Hot-Wet,2010-04-14 11:40:00
15.48783162,-18.88510132,LA12,2010-04-14,12:00:52 PM,12:00:00,Hot-Wet,2010-04-14 12:00:00
15.48789876,-18.88469035,LA12,2010-04-14,12:20:52 PM,12:20:00,Hot-Wet,2010-04-14 12:20:00
15.48777059,-18.8844869,LA12,2010-04-14,12:40:52 PM,12:40:00,Hot-Wet,2010-04-14 12:40:00
15.48776754,-18.88448893,LA12,2010-04-14,01:00:52 PM,13:00:00,Hot-Wet,2010-04-14 13:00:00
15.48777466,-18.88449707,LA12,2010-04-14,01:20:52 PM,13:20:00,Hot-Wet,2010-04-14 13:20:00
15.48873494,-18.88451335,LA12,2010-04-14,01:40:52 PM,13:40:00,Hot-Wet,2010-04-14 13:40:00
15.48672384,-18.88484904,LA12,2010-04-14,02:00:52 PM,14:00:00,Hot-Wet,2010-04-14 14:00:00
15.485849,-18.8867513,LA12,2010-04-14,02:20:52 PM,14:20:00,Hot-Wet,2010-04-14 14:20:00
15.48582052,-18.88637695,LA12,2010-04-14,02:40:52 PM,14:40:00,Hot-Wet,2010-04-14 14:40:00
15.48757528,-18.88519897,LA12,2010-04-14,03:00:52 PM,15:00:00,Hot-Wet,2010-04-14 15:00:00
15.48922221,-18.88379924,LA12,2010-04-14,03:20:52 PM,15:20:00,Hot-Wet,2010-04-14 15:20:00
15.49070841,-18.88324585,LA12,2010-04-14,03:40:52 PM,15:40:00,Hot-Wet,2010-04-14 15:40:00
15.49227397,-18.88280233,LA12,2010-04-14,04:00:52 PM,16:00:00,Hot-Wet,2010-04-14 16:00:00
15.49289449,-18.88234049,LA12,2010-04-14,04:20:52 PM,16:20:00,Hot-Wet,2010-04-14 16:20:00
15.49390055,-18.880896,LA12,2010-04-14,04:40:52 PM,16:40:00,Hot-Wet,2010-04-14 16:40:00
15.49433695,-18.87997843,LA12,2010-04-14,05:00:52 PM,17:00:00,Hot-Wet,2010-04-14 17:00:00
15.49742432,-18.87770182,LA12,2010-04-14,05:20:52 PM,17:20:00,Hot-Wet,2010-04-14 17:20:00
15.50190633,-18.87694702,LA12,2010-04-14,05:40:52 PM,17:40:00,Hot-Wet,2010-04-14 17:40:00
15.50130208,-18.8755839,LA12,2010-04-14,06:00:52 PM,18:00:00,Hot-Wet,2010-04-14 18:00:00
15.50064494,-18.87414144,LA12,2010-04-14,06:20:52 PM,18:20:00,Hot-Wet,2010-04-14 18:20:00
15.50071106,-18.87189535,LA12,2010-04-14,06:40:52 PM,18:40:00,Hot-Wet,2010-04-14 18:40:00
15.50262553,-18.86854858,LA12,2010-04-14,07:00:52 PM,19:00:00,Hot-Wet,2010-04-14 19:00:00
15.50397746,-18.86850993,LA12,2010-04-14,07:20:52 PM,19:20:00,Hot-Wet,2010-04-14 19:20:00
15.50438334,-18.86598104,LA12,2010-04-14,07:40:52 PM,19:40:00,Hot-Wet,2010-04-14 19:40:00
15.50456238,-18.86596476,LA12,2010-04-14,08:00:52 PM,20:00:00,Hot-Wet,2010-04-14 20:00:00
15.50465393,-18.86493937,LA12,2010-04-14,08:20:52 PM,20:20:00,Hot-Wet,2010-04-14 20:20:00
15.50555623,-18.86439209,LA12,2010-04-14,08:40:52 PM,20:40:00,Hot-Wet,2010-04-14 20:40:00
15.50717367,-18.8633728,LA12,2010-04-14,09:00:52 PM,21:00:00,Hot-Wet,2010-04-14 21:00:00
15.50882365,-18.86312256,LA12,2010-04-14,09:20:52 PM,21:20:00,Hot-Wet,2010-04-14 21:20:00
15.50976156,-18.86342773,LA12,2010-04-14,09:40:52 PM,21:40:00,Hot-Wet,2010-04-14 21:40:00
15.51180013,-18.86005249,LA12,2010-04-14,10:00:52 PM,22:00:00,Hot-Wet,2010-04-14 22:00:00
15.51309001,-18.85885213,LA12,2010-04-14,10:20:52 PM,22:20:00,Hot-Wet,2010-04-14 22:20:00
15.51358643,-18.85823771,LA12,2010-04-14,10:40:52 PM,22:40:00,Hot-Wet,2010-04-14 22:40:00
15.51500041,-18.85548706,LA12,2010-04-14,11:00:52 PM,23:00:00,Hot-Wet,2010-04-14 23:00:00
15.51759542,-18.85329997,LA12,2010-04-14,11:20:52 PM,23:20:00,Hot-Wet,2010-04-14 23:20:00
15.52149862,-18.85120239,LA12,2010-04-14,11:40:52 PM,23:40:00,Hot-Wet,2010-04-14 23:40:00
15.52144267,-18.85120443,LA12,2010-04-15,12:00:52 AM,00:00:00,Hot-Wet,2010-04-15 00:00:00
15.52144674,-18.85119832,LA12,2010-04-15,12:20:52 AM,00:20:00,Hot-Wet,2010-04-15 00:20:00
15.52147929,-18.85118205,LA12,2010-04-15,12:40:52 AM,00:40:00,Hot-Wet,2010-04-15 00:40:00
15.52146301,-18.85119425,LA12,2010-04-15,01:00:52 AM,01:00:00,Hot-Wet,2010-04-15 01:00:00
15.52147319,-18.85119832,LA12,2010-04-15,01:20:52 AM,01:20:00,Hot-Wet,2010-04-15 01:20:00
15.52145182,-18.85123698,LA12,2010-04-15,01:40:52 AM,01:40:00,Hot-Wet,2010-04-15 01:40:00
15.52145487,-18.85121663,LA12,2010-04-15,02:00:52 AM,02:00:00,Hot-Wet,2010-04-15 02:00:00
15.52151896,-18.8511027,LA12,2010-04-15,02:20:52 AM,02:20:00,Hot-Wet,2010-04-15 02:20:00
15.52316589,-18.849823,LA12,2010-04-15,02:40:52 AM,02:40:00,Hot-Wet,2010-04-15 02:40:00
15.52539164,-18.84836426,LA12,2010-04-15,03:00:52 AM,03:00:00,Hot-Wet,2010-04-15 03:00:00
15.52612305,-18.84772542,LA12,2010-04-15,03:20:52 AM,03:20:00,Hot-Wet,2010-04-15 03:20:00
15.52613627,-18.84779663,LA12,2010-04-15,03:40:58 AM,03:40:00,Hot-Wet,2010-04-15 03:40:00
15.52614034,-18.84781291,LA12,2010-04-15,04:00:52 AM,04:00:00,Hot-Wet,2010-04-15 04:00:00
15.5261495,-18.8478007,LA12,2010-04-15,04:20:52 AM,04:20:00,Hot-Wet,2010-04-15 04:20:00
15.52629496,-18.84716593,LA12,2010-04-15,04:40:52 AM,04:40:00,Hot-Wet,2010-04-15 04:40:00
15.52688192,-18.84584351,LA12,2010-04-15,05:00:52 AM,05:00:00,Hot-Wet,2010-04-15 05:00:00
15.52938538,-18.84469401,LA12,2010-04-15,05:20:52 AM,05:20:00,Hot-Wet,2010-04-15 05:20:00
15.53076782,-18.84431559,LA12,2010-04-15,05:40:52 AM,05:40:00,Hot-Wet,2010-04-15 05:40:00
15.5333252,-18.84225057,LA12,2010-04-15,06:00:52 AM,06:00:00,Hot-Wet,2010-04-15 06:00:00
15.53431702,-18.84175212,LA12,2010-04-15,06:20:52 AM,06:20:00,Hot-Wet,2010-04-15 06:20:00
15.53516439,-18.84126994,LA12,2010-04-15,06:40:52 AM,06:40:00,Hot-Wet,2010-04-15 06:40:00
15.53532206,-18.84072266,LA12,2010-04-15,07:00:52 AM,07:00:00,Hot-Wet,2010-04-15 07:00:00
15.53752543,-18.84029948,LA12,2010-04-15,07:20:52 AM,07:20:00,Hot-Wet,2010-04-15 07:20:00
15.53924764,-18.83938599,LA12,2010-04-15,07:40:52 AM,07:40:00,Hot-Wet,2010-04-15 07:40:00
15.5397644,-18.83902181,LA12,2010-04-15,08:00:52 AM,08:00:00,Hot-Wet,2010-04-15 08:00:00
15.54290771,-18.83650309,LA12,2010-04-15,08:20:52 AM,08:20:00,Hot-Wet,2010-04-15 08:20:00
15.54647827,-18.83375244,LA12,2010-04-15,08:40:52 AM,08:40:00,Hot-Wet,2010-04-15 08:40:00
15.54646912,-18.83376872,LA12,2010-04-15,09:00:52 AM,09:00:00,Hot-Wet,2010-04-15 09:00:00
15.54616597,-18.83355103,LA12,2010-04-15,09:20:52 AM,09:20:00,Hot-Wet,2010-04-15 09:20:00
15.54440816,-18.83299357,LA12,2010-04-15,09:40:52 AM,09:40:00,Hot-Wet,2010-04-15 09:40:00
15.54429626,-18.83299967,LA12,2010-04-15,10:00:52 AM,10:00:00,Hot-Wet,2010-04-15 10:00:00
15.54141134,-18.83085734,LA12,2010-04-15,10:20:52 AM,10:20:00,Hot-Wet,2010-04-15 10:20:00
15.53746236,-18.82485555,LA12,2010-04-15,10:40:52 AM,10:40:00,Hot-Wet,2010-04-15 10:40:00
15.53603617,-18.82263184,LA12,2010-04-15,11:00:52 AM,11:00:00,Hot-Wet,2010-04-15 11:00:00
15.5358134,-18.82176717,LA12,2010-04-15,11:20:52 AM,11:20:00,Hot-Wet,2010-04-15 11:20:00
15.5363505,-18.82090454,LA12,2010-04-15,11:40:53 AM,11:40:00,Hot-Wet,2010-04-15 11:40:00
15.53729858,-18.82158813,LA12,2010-04-15,12:00:52 PM,12:00:00,Hot-Wet,2010-04-15 12:00:00
15.53626912,-18.82270915,LA12,2010-04-15,12:20:52 PM,12:20:00,Hot-Wet,2010-04-15 12:20:00
15.53600972,-18.82263794,LA12,2010-04-15,12:40:52 PM,12:40:00,Hot-Wet,2010-04-15 12:40:00
15.53556213,-18.8230245,LA12,2010-04-15,01:00:52 PM,13:00:00,Hot-Wet,2010-04-15 13:00:00
15.53456726,-18.82536621,LA12,2010-04-15,01:20:52 PM,13:20:00,Hot-Wet,2010-04-15 13:20:00
15.53373617,-18.8266154,LA12,2010-04-15,01:40:52 PM,13:40:00,Hot-Wet,2010-04-15 13:40:00
15.53464355,-18.82808838,LA12,2010-04-15,02:00:52 PM,14:00:00,Hot-Wet,2010-04-15 14:00:00
15.53390605,-18.83112183,LA12,2010-04-15,02:20:52 PM,14:20:00,Hot-Wet,2010-04-15 14:20:00
15.53313192,-18.83653768,LA12,2010-04-15,02:40:52 PM,14:40:00,Hot-Wet,2010-04-15 14:40:00
15.53450826,-18.83762004,LA12,2010-04-15,03:00:52 PM,15:00:00,Hot-Wet,2010-04-15 15:00:00
15.53437398,-18.83799642,LA12,2010-04-15,03:20:52 PM,15:20:00,Hot-Wet,2010-04-15 15:20:00
15.53470052,-18.83832397,LA12,2010-04-15,03:40:52 PM,15:40:00,Hot-Wet,2010-04-15 15:40:00
15.53466899,-18.83863322,LA12,2010-04-15,04:00:52 PM,16:00:00,Hot-Wet,2010-04-15 16:00:00
15.53392436,-18.83880005,LA12,2010-04-15,04:20:52 PM,16:20:00,Hot-Wet,2010-04-15 16:20:00
15.53274231,-18.83935343,LA12,2010-04-15,04:40:52 PM,16:40:00,Hot-Wet,2010-04-15 16:40:00
15.53113708,-18.84065755,LA12,2010-04-15,05:00:52 PM,17:00:00,Hot-Wet,2010-04-15 17:00:00
15.52709859,-18.84243164,LA12,2010-04-15,05:20:52 PM,17:20:00,Hot-Wet,2010-04-15 17:20:00
15.52353821,-18.84406331,LA12,2010-04-15,05:40:52 PM,17:40:00,Hot-Wet,2010-04-15 17:40:00
15.52540995,-18.84388835,LA12,2010-04-15,06:00:52 PM,18:00:00,Hot-Wet,2010-04-15 18:00:00
15.52730509,-18.84356486,LA12,2010-04-15,06:20:52 PM,18:20:00,Hot-Wet,2010-04-15 18:20:00
15.52812297,-18.84268595,LA12,2010-04-15,06:40:52 PM,18:40:00,Hot-Wet,2010-04-15 18:40:00
15.53016663,-18.84227498,LA12,2010-04-15,07:00:52 PM,19:00:00,Hot-Wet,2010-04-15 19:00:00
15.53115641,-18.84182332,LA12,2010-04-15,07:20:52 PM,19:20:00,Hot-Wet,2010-04-15 19:20:00
15.53203125,-18.84197388,LA12,2010-04-15,07:40:52 PM,19:40:00,Hot-Wet,2010-04-15 19:40:00
15.53207499,-18.84198405,LA12,2010-04-15,08:00:52 PM,20:00:00,Hot-Wet,2010-04-15 20:00:00
15.53214823,-18.84196981,LA12,2010-04-15,08:20:52 PM,20:20:00,Hot-Wet,2010-04-15 20:20:00
15.53299357,-18.84211629,LA12,2010-04-15,08:40:52 PM,20:40:00,Hot-Wet,2010-04-15 20:40:00
15.53354696,-18.84191691,LA12,2010-04-15,09:00:52 PM,21:00:00,Hot-Wet,2010-04-15 21:00:00
15.53486532,-18.84168701,LA12,2010-04-15,09:20:52 PM,21:20:00,Hot-Wet,2010-04-15 21:20:00
15.53601786,-18.84134928,LA12,2010-04-15,09:40:52 PM,21:40:00,Hot-Wet,2010-04-15 21:40:00
15.53601583,-18.84136353,LA12,2010-04-15,10:00:52 PM,22:00:00,Hot-Wet,2010-04-15 22:00:00
15.53601379,-18.84134928,LA12,2010-04-15,10:20:52 PM,22:20:00,Hot-Wet,2010-04-15 22:20:00
15.53601481,-18.84135539,LA12,2010-04-15,10:40:52 PM,22:40:00,Hot-Wet,2010-04-15 22:40:00
15.53601786,-18.84138794,LA12,2010-04-15,11:00:52 PM,23:00:00,Hot-Wet,2010-04-15 23:00:00
15.53602702,-18.84135335,LA12,2010-04-15,11:20:52 PM,23:20:00,Hot-Wet,2010-04-15 23:20:00
15.53605448,-18.84135335,LA12,2010-04-15,11:40:52 PM,23:40:00,Hot-Wet,2010-04-15 23:40:00
15.53606669,-18.8413737,LA12,2010-04-16,12:00:52 AM,00:00:00,Hot-Wet,2010-04-16 00:00:00
15.53603007,-18.84135946,LA12,2010-04-16,12:20:52 AM,00:20:00,Hot-Wet,2010-04-16 00:20:00
15.53615519,-18.84148763,LA12,2010-04-16,12:40:52 AM,00:40:00,Hot-Wet,2010-04-16 00:40:00
15.53604431,-18.84136353,LA12,2010-04-16,01:00:52 AM,01:00:00,Hot-Wet,2010-04-16 01:00:00
15.5359965,-18.84132284,LA12,2010-04-16,01:20:52 AM,01:20:00,Hot-Wet,2010-04-16 01:20:00
15.53602498,-18.84136556,LA12,2010-04-16,01:40:52 AM,01:40:00,Hot-Wet,2010-04-16 01:40:00
15.53599548,-18.84135946,LA12,2010-04-16,02:00:52 AM,02:00:00,Hot-Wet,2010-04-16 02:00:00
15.53595479,-18.8423645,LA12,2010-04-16,02:20:52 AM,02:20:00,Hot-Wet,2010-04-16 02:20:00
15.53591614,-18.84251302,LA12,2010-04-16,02:40:52 AM,02:40:00,Hot-Wet,2010-04-16 02:40:00
15.53592936,-18.84250692,LA12,2010-04-16,03:00:52 AM,03:00:00,Hot-Wet,2010-04-16 03:00:00
15.5359436,-18.84250895,LA12,2010-04-16,03:20:52 AM,03:20:00,Hot-Wet,2010-04-16 03:20:00
15.53595174,-18.84249878,LA12,2010-04-16,03:40:52 AM,03:40:00,Hot-Wet,2010-04-16 03:40:00
15.53540955,-18.84335124,LA12,2010-04-16,04:00:52 AM,04:00:00,Hot-Wet,2010-04-16 04:00:00
15.53539225,-18.843337,LA12,2010-04-16,04:20:52 AM,04:20:00,Hot-Wet,2010-04-16 04:20:00
15.53542074,-18.84335327,LA12,2010-04-16,04:40:52 AM,04:40:00,Hot-Wet,2010-04-16 04:40:00
15.53499552,-18.84418132,LA12,2010-04-16,05:00:52 AM,05:00:00,Hot-Wet,2010-04-16 05:00:00
15.53531494,-18.84468384,LA12,2010-04-16,05:20:52 AM,05:20:00,Hot-Wet,2010-04-16 05:20:00
15.53407084,-18.84411621,LA12,2010-04-16,05:40:52 AM,05:40:00,Hot-Wet,2010-04-16 05:40:00
15.53355815,-18.8446106,LA12,2010-04-16,06:00:52 AM,06:00:00,Hot-Wet,2010-04-16 06:00:00
15.52700806,-18.84797974,LA12,2010-04-16,06:20:52 AM,06:20:00,Hot-Wet,2010-04-16 06:20:00
15.5272054,-18.8493103,LA12,2010-04-16,06:40:52 AM,06:40:00,Hot-Wet,2010-04-16 06:40:00
15.52589925,-18.85118408,LA12,2010-04-16,07:00:52 AM,07:00:00,Hot-Wet,2010-04-16 07:00:00
15.52575378,-18.85207113,LA12,2010-04-16,07:20:52 AM,07:20:00,Hot-Wet,2010-04-16 07:20:00
15.5238973,-18.8526652,LA12,2010-04-16,07:40:52 AM,07:40:00,Hot-Wet,2010-04-16 07:40:00
15.51500854,-18.85639852,LA12,2010-04-16,08:00:52 AM,08:00:00,Hot-Wet,2010-04-16 08:00:00
15.5130483,-18.85832723,LA12,2010-04-16,08:20:52 AM,08:20:00,Hot-Wet,2010-04-16 08:20:00
15.50861816,-18.85747274,LA12,2010-04-16,08:40:52 AM,08:40:00,Hot-Wet,2010-04-16 08:40:00
15.50681763,-18.85848185,LA12,2010-04-16,09:00:52 AM,09:00:00,Hot-Wet,2010-04-16 09:00:00
15.50572611,-18.85762126,LA12,2010-04-16,09:20:52 AM,09:20:00,Hot-Wet,2010-04-16 09:20:00
15.50510152,-18.8583252,LA12,2010-04-16,09:40:52 AM,09:40:00,Hot-Wet,2010-04-16 09:40:00
15.50465597,-18.85741577,LA12,2010-04-16,10:00:52 AM,10:00:00,Hot-Wet,2010-04-16 10:00:00
15.50429179,-18.85726115,LA12,2010-04-16,10:20:52 AM,10:20:00,Hot-Wet,2010-04-16 10:20:00
15.49945679,-18.85652059,LA12,2010-04-16,10:40:52 AM,10:40:00,Hot-Wet,2010-04-16 10:40:00
15.49928589,-18.85734456,LA12,2010-04-16,11:00:52 AM,11:00:00,Hot-Wet,2010-04-16 11:00:00
15.49882609,-18.85847982,LA12,2010-04-16,11:20:52 AM,11:20:00,Hot-Wet,2010-04-16 11:20:00
15.49829814,-18.8591512,LA12,2010-04-16,11:40:52 AM,11:40:00,Hot-Wet,2010-04-16 11:40:00
15.49759928,-18.85800578,LA12,2010-04-16,12:00:52 PM,12:00:00,Hot-Wet,2010-04-16 12:00:00
15.49554036,-18.85646973,LA12,2010-04-16,12:20:52 PM,12:20:00,Hot-Wet,2010-04-16 12:20:00
15.49530334,-18.85540161,LA12,2010-04-16,12:40:52 PM,12:40:00,Hot-Wet,2010-04-16 12:40:00
15.49328308,-18.85610148,LA12,2010-04-16,01:00:52 PM,13:00:00,Hot-Wet,2010-04-16 13:00:00
15.49120178,-18.8558431,LA12,2010-04-16,01:20:52 PM,13:20:00,Hot-Wet,2010-04-16 13:20:00
15.4905426,-18.8553304,LA12,2010-04-16,01:40:52 PM,13:40:00,Hot-Wet,2010-04-16 13:40:00
15.48831278,-18.85390828,LA12,2010-04-16,02:00:52 PM,14:00:00,Hot-Wet,2010-04-16 14:00:00
15.48714701,-18.85358683,LA12,2010-04-16,02:20:52 PM,14:20:00,Hot-Wet,2010-04-16 14:20:00
15.48635661,-18.85563761,LA12,2010-04-16,02:40:52 PM,14:40:00,Hot-Wet,2010-04-16 14:40:00
15.48465068,-18.8567688,LA12,2010-04-16,03:00:52 PM,15:00:00,Hot-Wet,2010-04-16 15:00:00
15.48548991,-18.85873006,LA12,2010-04-16,03:20:52 PM,15:20:00,Hot-Wet,2010-04-16 15:20:00
15.48640035,-18.85959269,LA12,2010-04-16,03:40:52 PM,15:40:00,Hot-Wet,2010-04-16 15:40:00
15.48644104,-18.8613973,LA12,2010-04-16,04:00:52 PM,16:00:00,Hot-Wet,2010-04-16 16:00:00
15.48694661,-18.86432088,LA12,2010-04-16,04:20:52 PM,16:20:00,Hot-Wet,2010-04-16 16:20:00
15.486203,-18.86457723,LA12,2010-04-16,04:40:52 PM,16:40:00,Hot-Wet,2010-04-16 16:40:00
15.48679199,-18.86560262,LA12,2010-04-16,05:00:52 PM,17:00:00,Hot-Wet,2010-04-16 17:00:00
15.48640035,-18.86676229,LA12,2010-04-16,05:20:52 PM,17:20:00,Hot-Wet,2010-04-16 17:20:00
15.48648987,-18.86766357,LA12,2010-04-16,05:40:52 PM,17:40:00,Hot-Wet,2010-04-16 17:40:00
15.4862498,-18.86805827,LA12,2010-04-16,06:00:52 PM,18:00:00,Hot-Wet,2010-04-16 18:00:00
15.48622538,-18.86878459,LA12,2010-04-16,06:20:52 PM,18:20:00,Hot-Wet,2010-04-16 18:20:00
15.48519897,-18.86908569,LA12,2010-04-16,06:40:52 PM,18:40:00,Hot-Wet,2010-04-16 18:40:00
15.48351542,-18.86894735,LA12,2010-04-16,07:00:52 PM,19:00:00,Hot-Wet,2010-04-16 19:00:00
15.48320821,-18.86918945,LA12,2010-04-16,07:20:52 PM,19:20:00,Hot-Wet,2010-04-16 19:20:00
15.48365479,-18.87067464,LA12,2010-04-16,07:40:52 PM,19:40:00,Hot-Wet,2010-04-16 19:40:00
15.48274333,-18.87271729,LA12,2010-04-16,08:00:52 PM,20:00:00,Hot-Wet,2010-04-16 20:00:00
15.48121643,-18.87513631,LA12,2010-04-16,08:20:52 PM,20:20:00,Hot-Wet,2010-04-16 20:20:00
15.48178609,-18.87762044,LA12,2010-04-16,08:40:52 PM,20:40:00,Hot-Wet,2010-04-16 20:40:00
15.48166199,-18.87805379,LA12,2010-04-16,09:00:52 PM,21:00:00,Hot-Wet,2010-04-16 21:00:00
15.48138631,-18.87855428,LA12,2010-04-16,09:20:52 PM,21:20:00,Hot-Wet,2010-04-16 21:20:00
15.48068542,-18.87948201,LA12,2010-04-16,09:40:52 PM,21:40:00,Hot-Wet,2010-04-16 21:40:00
15.48028463,-18.88035685,LA12,2010-04-16,10:00:52 PM,22:00:00,Hot-Wet,2010-04-16 22:00:00
15.48029175,-18.88036296,LA12,2010-04-16,10:20:52 PM,22:20:00,Hot-Wet,2010-04-16 22:20:00
15.48031209,-18.88035075,LA12,2010-04-16,10:40:52 PM,22:40:00,Hot-Wet,2010-04-16 22:40:00
15.48029073,-18.8803833,LA12,2010-04-16,11:00:52 PM,23:00:00,Hot-Wet,2010-04-16 23:00:00
15.4802948,-18.88035889,LA12,2010-04-16,11:20:52 PM,23:20:00,Hot-Wet,2010-04-16 23:20:00
15.48030497,-18.88036296,LA12,2010-04-16,11:40:52 PM,23:40:00,Hot-Wet,2010-04-16 23:40:00
15.4802948,-18.88036092,LA12,2010-04-17,12:00:52 AM,00:00:00,Hot-Wet,2010-04-17 00:00:00
15.48043111,-18.88053589,LA12,2010-04-17,12:20:53 AM,00:20:00,Hot-Wet,2010-04-17 00:20:00
15.4805542,-18.88145142,LA12,2010-04-17,12:40:52 AM,00:40:00,Hot-Wet,2010-04-17 00:40:00
15.48083191,-18.88260295,LA12,2010-04-17,01:00:52 AM,01:00:00,Hot-Wet,2010-04-17 01:00:00
15.4808075,-18.88260701,LA12,2010-04-17,01:20:52 AM,01:20:00,Hot-Wet,2010-04-17 01:20:00
15.48079834,-18.88260701,LA12,2010-04-17,01:40:52 AM,01:40:00,Hot-Wet,2010-04-17 01:40:00
15.48081563,-18.88258057,LA12,2010-04-17,02:00:52 AM,02:00:00,Hot-Wet,2010-04-17 02:00:00
15.48019002,-18.88292033,LA12,2010-04-17,02:20:52 AM,02:20:00,Hot-Wet,2010-04-17 02:20:00
15.48010864,-18.88289998,LA12,2010-04-17,02:40:52 AM,02:40:00,Hot-Wet,2010-04-17 02:40:00
15.48007609,-18.88292033,LA12,2010-04-17,03:00:52 AM,03:00:00,Hot-Wet,2010-04-17 03:00:00
15.48012492,-18.88291829,LA12,2010-04-17,03:20:52 AM,03:20:00,Hot-Wet,2010-04-17 03:20:00
15.48009644,-18.88290812,LA12,2010-04-17,03:40:52 AM,03:40:00,Hot-Wet,2010-04-17 03:40:00
15.47998352,-18.88305257,LA12,2010-04-17,04:00:52 AM,04:00:00,Hot-Wet,2010-04-17 04:00:00
15.47943624,-18.88379313,LA12,2010-04-17,04:20:52 AM,04:20:00,Hot-Wet,2010-04-17 04:20:00
15.47759705,-18.88370361,LA12,2010-04-17,04:40:52 AM,04:40:00,Hot-Wet,2010-04-17 04:40:00
15.47734578,-18.88362834,LA12,2010-04-17,05:00:52 AM,05:00:00,Hot-Wet,2010-04-17 05:00:00
15.47682699,-18.88402303,LA12,2010-04-17,05:20:52 AM,05:20:00,Hot-Wet,2010-04-17 05:20:00
15.47551778,-18.88426717,LA12,2010-04-17,05:40:52 AM,05:40:00,Hot-Wet,2010-04-17 05:40:00
15.47494812,-18.88496094,LA12,2010-04-17,06:00:52 AM,06:00:00,Hot-Wet,2010-04-17 06:00:00
15.47471822,-18.88609212,LA12,2010-04-17,06:20:52 AM,06:20:00,Hot-Wet,2010-04-17 06:20:00
15.47392985,-18.8867391,LA12,2010-04-17,06:40:52 AM,06:40:00,Hot-Wet,2010-04-17 06:40:00
15.47226969,-18.88760579,LA12,2010-04-17,07:00:52 AM,07:00:00,Hot-Wet,2010-04-17 07:00:00
15.47035929,-18.88881632,LA12,2010-04-17,07:20:52 AM,07:20:00,Hot-Wet,2010-04-17 07:20:00
15.46770528,-18.89090169,LA12,2010-04-17,07:40:52 AM,07:40:00,Hot-Wet,2010-04-17 07:40:00
15.46758321,-18.89092204,LA12,2010-04-17,08:00:52 AM,08:00:00,Hot-Wet,2010-04-17 08:00:00
15.46702677,-18.89197184,LA12,2010-04-17,08:20:52 AM,08:20:00,Hot-Wet,2010-04-17 08:20:00
15.46721293,-18.89406331,LA12,2010-04-17,08:40:52 AM,08:40:00,Hot-Wet,2010-04-17 08:40:00
15.46833394,-18.89868571,LA12,2010-04-17,09:00:52 AM,09:00:00,Hot-Wet,2010-04-17 09:00:00
15.46870931,-18.89888306,LA12,2010-04-17,09:20:52 AM,09:20:00,Hot-Wet,2010-04-17 09:20:00
15.46949361,-18.89911499,LA12,2010-04-17,09:40:52 AM,09:40:00,Hot-Wet,2010-04-17 09:40:00
15.46933594,-18.89911702,LA12,2010-04-17,10:00:52 AM,10:00:00,Hot-Wet,2010-04-17 10:00:00
15.46933899,-18.89911092,LA12,2010-04-17,10:20:52 AM,10:20:00,Hot-Wet,2010-04-17 10:20:00
15.4693512,-18.89912923,LA12,2010-04-17,10:40:52 AM,10:40:00,Hot-Wet,2010-04-17 10:40:00
15.46857096,-18.89910075,LA12,2010-04-17,11:00:52 AM,11:00:00,Hot-Wet,2010-04-17 11:00:00
15.46791585,-18.89887288,LA12,2010-04-17,11:20:52 AM,11:20:00,Hot-Wet,2010-04-17 11:20:00
15.4641449,-18.90007121,LA12,2010-04-17,11:40:52 AM,11:40:00,Hot-Wet,2010-04-17 11:40:00
15.46028239,-18.90406494,LA12,2010-04-17,12:00:52 PM,12:00:00,Hot-Wet,2010-04-17 12:00:00
15.45619405,-18.90676066,LA12,2010-04-17,12:20:52 PM,12:20:00,Hot-Wet,2010-04-17 12:20:00
15.45157064,-18.91062826,LA12,2010-04-17,12:40:52 PM,12:40:00,Hot-Wet,2010-04-17 12:40:00
15.44624736,-18.91382039,LA12,2010-04-17,01:00:52 PM,13:00:00,Hot-Wet,2010-04-17 13:00:00
15.44300334,-18.91438192,LA12,2010-04-17,01:20:52 PM,13:20:00,Hot-Wet,2010-04-17 13:20:00
15.43950907,-18.91436157,LA12,2010-04-17,01:40:52 PM,13:40:00,Hot-Wet,2010-04-17 13:40:00
15.43168437,-18.91536865,LA12,2010-04-17,02:00:52 PM,14:00:00,Hot-Wet,2010-04-17 14:00:00
15.43103943,-18.91605428,LA12,2010-04-17,02:20:52 PM,14:20:00,Hot-Wet,2010-04-17 14:20:00
15.42847188,-18.92050374,LA12,2010-04-17,02:40:52 PM,14:40:00,Hot-Wet,2010-04-17 14:40:00
15.42654012,-18.92611491,LA12,2010-04-17,03:00:52 PM,15:00:00,Hot-Wet,2010-04-17 15:00:00
15.4219279,-18.9343221,LA12,2010-04-17,03:20:52 PM,15:20:00,Hot-Wet,2010-04-17 15:20:00
15.41949972,-18.94078979,LA12,2010-04-17,03:40:52 PM,15:40:00,Hot-Wet,2010-04-17 15:40:00
15.4188151,-18.94883016,LA12,2010-04-17,04:00:52 PM,16:00:00,Hot-Wet,2010-04-17 16:00:00
15.4186086,-18.95690511,LA12,2010-04-17,04:20:52 PM,16:20:00,Hot-Wet,2010-04-17 16:20:00
15.41615295,-18.96435343,LA12,2010-04-17,04:40:52 PM,16:40:00,Hot-Wet,2010-04-17 16:40:00
15.41187541,-18.97177327,LA12,2010-04-17,05:00:52 PM,17:00:00,Hot-Wet,2010-04-17 17:00:00
15.40877279,-18.98122152,LA12,2010-04-17,05:20:52 PM,17:20:00,Hot-Wet,2010-04-17 17:20:00
15.40157979,-18.98346761,LA12,2010-04-17,05:40:52 PM,17:40:00,Hot-Wet,2010-04-17 17:40:00
15.39475098,-18.98379517,LA12,2010-04-17,06:00:52 PM,18:00:00,Hot-Wet,2010-04-17 18:00:00
15.38871155,-18.98362834,LA12,2010-04-17,06:20:52 PM,18:20:00,Hot-Wet,2010-04-17 18:20:00
15.38735352,-18.98346151,LA12,2010-04-17,06:40:52 PM,18:40:00,Hot-Wet,2010-04-17 18:40:00
15.38347168,-18.98424479,LA12,2010-04-17,07:00:52 PM,19:00:00,Hot-Wet,2010-04-17 19:00:00
15.37631531,-18.98724162,LA12,2010-04-17,07:20:52 PM,19:20:00,Hot-Wet,2010-04-17 19:20:00
15.37190043,-18.98856405,LA12,2010-04-17,07:40:52 PM,19:40:00,Hot-Wet,2010-04-17 19:40:00
15.36497294,-18.99483032,LA12,2010-04-17,08:00:52 PM,20:00:00,Hot-Wet,2010-04-17 20:00:00
15.35859375,-19.00175781,LA12,2010-04-17,08:20:52 PM,20:20:00,Hot-Wet,2010-04-17 20:20:00
15.35594788,-19.00362752,LA12,2010-04-17,08:40:52 PM,20:40:00,Hot-Wet,2010-04-17 20:40:00
15.35416667,-19.00460409,LA12,2010-04-17,09:00:52 PM,21:00:00,Hot-Wet,2010-04-17 21:00:00
15.35345154,-19.0059611,LA12,2010-04-17,09:20:52 PM,21:20:00,Hot-Wet,2010-04-17 21:20:00
15.35215861,-19.00698853,LA12,2010-04-17,09:40:52 PM,21:40:00,Hot-Wet,2010-04-17 21:40:00
15.35165507,-19.00649821,LA12,2010-04-17,10:00:52 PM,22:00:00,Hot-Wet,2010-04-17 22:00:00
15.3515035,-19.00586344,LA12,2010-04-17,10:20:52 PM,22:20:00,Hot-Wet,2010-04-17 22:20:00
15.35246785,-19.00563354,LA12,2010-04-17,10:40:52 PM,22:40:00,Hot-Wet,2010-04-17 22:40:00
15.35230204,-19.00506592,LA12,2010-04-17,11:00:52 PM,23:00:00,Hot-Wet,2010-04-17 23:00:00
15.35174662,-19.00475871,LA12,2010-04-17,11:20:52 PM,23:20:00,Hot-Wet,2010-04-17 23:20:00
15.34792277,-19.00498657,LA12,2010-04-17,11:40:52 PM,23:40:00,Hot-Wet,2010-04-17 23:40:00
15.34487305,-19.00615438,LA12,2010-04-18,12:00:52 AM,00:00:00,Hot-Wet,2010-04-18 00:00:00
15.34310506,-19.00737508,LA12,2010-04-18,12:20:53 AM,00:20:00,Hot-Wet,2010-04-18 00:20:00
15.34204814,-19.00882772,LA12,2010-04-18,12:40:52 AM,00:40:00,Hot-Wet,2010-04-18 00:40:00
15.33892517,-19.01028849,LA12,2010-04-18,01:00:52 AM,01:00:00,Hot-Wet,2010-04-18 01:00:00
15.33742269,-19.009611,LA12,2010-04-18,01:20:52 AM,01:20:00,Hot-Wet,2010-04-18 01:20:00
15.33742269,-19.00962118,LA12,2010-04-18,01:40:52 AM,01:40:00,Hot-Wet,2010-04-18 01:40:00
15.33742676,-19.00960897,LA12,2010-04-18,02:00:52 AM,02:00:00,Hot-Wet,2010-04-18 02:00:00
15.33743795,-19.00960083,LA12,2010-04-18,02:20:52 AM,02:20:00,Hot-Wet,2010-04-18 02:20:00
15.33745829,-19.00962524,LA12,2010-04-18,02:40:52 AM,02:40:00,Hot-Wet,2010-04-18 02:40:00
15.33744405,-19.00959473,LA12,2010-04-18,03:00:52 AM,03:00:00,Hot-Wet,2010-04-18 03:00:00
15.33743591,-19.00959269,LA12,2010-04-18,03:20:52 AM,03:20:00,Hot-Wet,2010-04-18 03:20:00
15.33744507,-19.00956217,LA12,2010-04-18,03:40:52 AM,03:40:00,Hot-Wet,2010-04-18 03:40:00
15.33612671,-19.00948893,LA12,2010-04-18,04:00:52 AM,04:00:00,Hot-Wet,2010-04-18 04:00:00
15.33611959,-19.00951742,LA12,2010-04-18,04:20:52 AM,04:20:00,Hot-Wet,2010-04-18 04:20:00
15.33616333,-19.00951742,LA12,2010-04-18,04:40:52 AM,04:40:00,Hot-Wet,2010-04-18 04:40:00
15.33394572,-19.00950521,LA12,2010-04-18,05:00:52 AM,05:00:00,Hot-Wet,2010-04-18 05:00:00
15.32952677,-19.00832113,LA12,2010-04-18,05:20:52 AM,05:20:00,Hot-Wet,2010-04-18 05:20:00
15.32599386,-19.00783488,LA12,2010-04-18,05:40:52 AM,05:40:00,Hot-Wet,2010-04-18 05:40:00
15.32201538,-19.00640259,LA12,2010-04-18,06:00:52 AM,06:00:00,Hot-Wet,2010-04-18 06:00:00
15.32062276,-19.00764364,LA12,2010-04-18,06:20:52 AM,06:20:00,Hot-Wet,2010-04-18 06:20:00
15.32053019,-19.00856934,LA12,2010-04-18,06:40:52 AM,06:40:00,Hot-Wet,2010-04-18 06:40:00
15.31908061,-19.00845947,LA12,2010-04-18,07:00:52 AM,07:00:00,Hot-Wet,2010-04-18 07:00:00
15.31952311,-19.00818075,LA12,2010-04-18,07:20:52 AM,07:20:00,Hot-Wet,2010-04-18 07:20:00
15.32165731,-19.00914307,LA12,2010-04-18,07:40:52 AM,07:40:00,Hot-Wet,2010-04-18 07:40:00
15.32191874,-19.01045939,LA12,2010-04-18,08:00:52 AM,08:00:00,Hot-Wet,2010-04-18 08:00:00
15.32236837,-19.01140747,LA12,2010-04-18,08:20:52 AM,08:20:00,Hot-Wet,2010-04-18 08:20:00
15.32120667,-19.01188558,LA12,2010-04-18,08:40:52 AM,08:40:00,Hot-Wet,2010-04-18 08:40:00
15.31956991,-19.0132487,LA12,2010-04-18,09:00:52 AM,09:00:00,Hot-Wet,2010-04-18 09:00:00
15.31691488,-19.01472982,LA12,2010-04-18,09:20:52 AM,09:20:00,Hot-Wet,2010-04-18 09:20:00
15.31695455,-19.01388346,LA12,2010-04-18,09:40:52 AM,09:40:00,Hot-Wet,2010-04-18 09:40:00
15.31662699,-19.01224976,LA12,2010-04-18,10:00:52 AM,10:00:00,Hot-Wet,2010-04-18 10:00:00
15.31759033,-19.01098633,LA12,2010-04-18,10:20:52 AM,10:20:00,Hot-Wet,2010-04-18 10:20:00
15.31748657,-19.00959066,LA12,2010-04-18,10:40:52 AM,10:40:00,Hot-Wet,2010-04-18 10:40:00
15.31815592,-19.00791016,LA12,2010-04-18,11:00:52 AM,11:00:00,Hot-Wet,2010-04-18 11:00:00
15.32022807,-19.00684001,LA12,2010-04-18,11:20:52 AM,11:20:00,Hot-Wet,2010-04-18 11:20:00
15.31997172,-19.00697835,LA12,2010-04-18,11:40:52 AM,11:40:00,Hot-Wet,2010-04-18 11:40:00
15.31995036,-19.00677897,LA12,2010-04-18,12:00:52 PM,12:00:00,Hot-Wet,2010-04-18 12:00:00
15.31928202,-19.00799967,LA12,2010-04-18,12:20:52 PM,12:20:00,Hot-Wet,2010-04-18 12:20:00
15.31887716,-19.01058757,LA12,2010-04-18,12:40:52 PM,12:40:00,Hot-Wet,2010-04-18 12:40:00
15.31848348,-19.0133138,LA12,2010-04-18,01:00:52 PM,13:00:00,Hot-Wet,2010-04-18 13:00:00
15.31696676,-19.01508789,LA12,2010-04-18,01:20:52 PM,13:20:00,Hot-Wet,2010-04-18 13:20:00
15.31682739,-19.01623739,LA12,2010-04-18,01:40:52 PM,13:40:00,Hot-Wet,2010-04-18 13:40:00
15.31641642,-19.0171875,LA12,2010-04-18,02:00:52 PM,14:00:00,Hot-Wet,2010-04-18 14:00:00
15.31747233,-19.01814168,LA12,2010-04-18,02:20:52 PM,14:20:00,Hot-Wet,2010-04-18 14:20:00
15.317276,-19.01845907,LA12,2010-04-18,02:40:52 PM,14:40:00,Hot-Wet,2010-04-18 14:40:00
15.31799825,-19.01877035,LA12,2010-04-18,03:00:52 PM,15:00:00,Hot-Wet,2010-04-18 15:00:00
15.3190155,-19.02032674,LA12,2010-04-18,03:20:52 PM,15:20:00,Hot-Wet,2010-04-18 15:20:00
15.31887614,-19.02131958,LA12,2010-04-18,03:40:52 PM,15:40:00,Hot-Wet,2010-04-18 15:40:00
15.31738078,-19.02186076,LA12,2010-04-18,04:00:52 PM,16:00:00,Hot-Wet,2010-04-18 16:00:00
15.31646118,-19.02152913,LA12,2010-04-18,04:20:52 PM,16:20:00,Hot-Wet,2010-04-18 16:20:00
15.31743469,-19.02325439,LA12,2010-04-18,04:40:52 PM,16:40:00,Hot-Wet,2010-04-18 16:40:00
15.31917623,-19.02505493,LA12,2010-04-18,05:00:52 PM,17:00:00,Hot-Wet,2010-04-18 17:00:00
15.32018738,-19.02519328,LA12,2010-04-18,05:20:52 PM,17:20:00,Hot-Wet,2010-04-18 17:20:00
15.32130432,-19.02395833,LA12,2010-04-18,05:40:52 PM,17:40:00,Hot-Wet,2010-04-18 17:40:00
15.3250885,-19.02397664,LA12,2010-04-18,06:00:52 PM,18:00:00,Hot-Wet,2010-04-18 18:00:00
15.32510885,-19.02398071,LA12,2010-04-18,06:20:52 PM,18:20:00,Hot-Wet,2010-04-18 18:20:00
15.32668864,-19.02319743,LA12,2010-04-18,06:40:52 PM,18:40:00,Hot-Wet,2010-04-18 18:40:00
15.32836812,-19.0227417,LA12,2010-04-18,07:00:52 PM,19:00:00,Hot-Wet,2010-04-18 19:00:00
15.33008626,-19.02207235,LA12,2010-04-18,07:20:52 PM,19:20:00,Hot-Wet,2010-04-18 19:20:00
15.33260498,-19.02113037,LA12,2010-04-18,07:40:52 PM,19:40:00,Hot-Wet,2010-04-18 19:40:00
15.33362223,-19.01988729,LA12,2010-04-18,08:00:52 PM,20:00:00,Hot-Wet,2010-04-18 20:00:00
15.33542175,-19.01917725,LA12,2010-04-18,08:20:52 PM,20:20:00,Hot-Wet,2010-04-18 20:20:00
15.33486226,-19.01750285,LA12,2010-04-18,08:40:52 PM,20:40:00,Hot-Wet,2010-04-18 20:40:00
15.33438822,-19.0178304,LA12,2010-04-18,09:00:52 PM,21:00:00,Hot-Wet,2010-04-18 21:00:00
15.33448181,-19.0166626,LA12,2010-04-18,09:20:52 PM,21:20:00,Hot-Wet,2010-04-18 21:20:00
15.33497823,-19.01646118,LA12,2010-04-18,09:40:52 PM,21:40:00,Hot-Wet,2010-04-18 21:40:00
15.3350118,-19.0163798,LA12,2010-04-18,10:00:52 PM,22:00:00,Hot-Wet,2010-04-18 22:00:00
15.33498027,-19.01650798,LA12,2010-04-18,10:20:52 PM,22:20:00,Hot-Wet,2010-04-18 22:20:00
15.33495687,-19.01651815,LA12,2010-04-18,10:40:52 PM,22:40:00,Hot-Wet,2010-04-18 22:40:00
15.33495789,-19.01651815,LA12,2010-04-18,11:00:52 PM,23:00:00,Hot-Wet,2010-04-18 23:00:00
15.33496602,-19.01650798,LA12,2010-04-18,11:20:52 PM,23:20:00,Hot-Wet,2010-04-18 23:20:00
15.33494364,-19.01656494,LA12,2010-04-18,11:40:52 PM,23:40:00,Hot-Wet,2010-04-18 23:40:00
15.33529561,-19.01628011,LA12,2010-04-19,12:00:52 AM,00:00:00,Hot-Wet,2010-04-19 00:00:00
15.33498433,-19.01560262,LA12,2010-04-19,12:20:53 AM,00:20:00,Hot-Wet,2010-04-19 00:20:00
15.33494059,-19.01408285,LA12,2010-04-19,12:40:52 AM,00:40:00,Hot-Wet,2010-04-19 00:40:00
15.3349467,-19.0132019,LA12,2010-04-19,01:00:52 AM,01:00:00,Hot-Wet,2010-04-19 01:00:00
15.33165995,-19.01217448,LA12,2010-04-19,01:20:52 AM,01:20:00,Hot-Wet,2010-04-19 01:20:00
15.33094788,-19.01194051,LA12,2010-04-19,01:40:52 AM,01:40:00,Hot-Wet,2010-04-19 01:40:00
15.33097331,-19.01196899,LA12,2010-04-19,02:00:52 AM,02:00:00,Hot-Wet,2010-04-19 02:00:00
15.33076477,-19.01254476,LA12,2010-04-19,02:20:52 AM,02:20:00,Hot-Wet,2010-04-19 02:20:00
15.33063354,-19.012913,LA12,2010-04-19,02:40:52 AM,02:40:00,Hot-Wet,2010-04-19 02:40:00
15.33059489,-19.01286825,LA12,2010-04-19,03:00:52 AM,03:00:00,Hot-Wet,2010-04-19 03:00:00
15.33063965,-19.01288859,LA12,2010-04-19,03:20:52 AM,03:20:00,Hot-Wet,2010-04-19 03:20:00
15.33061523,-19.01282145,LA12,2010-04-19,03:41:54 AM,03:41:00,Hot-Wet,2010-04-19 03:41:00
15.33056234,-19.01292318,LA12,2010-04-19,04:00:52 AM,04:00:00,Hot-Wet,2010-04-19 04:00:00
15.33036804,-19.01335246,LA12,2010-04-19,04:20:52 AM,04:20:00,Hot-Wet,2010-04-19 04:20:00
15.33031921,-19.01339315,LA12,2010-04-19,04:40:52 AM,04:40:00,Hot-Wet,2010-04-19 04:40:00
15.32887777,-19.01329549,LA12,2010-04-19,05:00:52 AM,05:00:00,Hot-Wet,2010-04-19 05:00:00
15.32637227,-19.01282959,LA12,2010-04-19,05:20:52 AM,05:20:00,Hot-Wet,2010-04-19 05:20:00
15.32318319,-19.0138265,LA12,2010-04-19,05:40:52 AM,05:40:00,Hot-Wet,2010-04-19 05:40:00
15.32081299,-19.01385498,LA12,2010-04-19,06:00:52 AM,06:00:00,Hot-Wet,2010-04-19 06:00:00
15.3191213,-19.01610311,LA12,2010-04-19,06:20:52 AM,06:20:00,Hot-Wet,2010-04-19 06:20:00
15.31738892,-19.01831055,LA12,2010-04-19,06:40:52 AM,06:40:00,Hot-Wet,2010-04-19 06:40:00
15.31653035,-19.02042643,LA12,2010-04-19,07:00:52 AM,07:00:00,Hot-Wet,2010-04-19 07:00:00
15.31278076,-19.02014567,LA12,2010-04-19,07:20:52 AM,07:20:00,Hot-Wet,2010-04-19 07:20:00
15.31152852,-19.01586507,LA12,2010-04-19,07:40:52 AM,07:40:00,Hot-Wet,2010-04-19 07:40:00
15.31168925,-19.01290894,LA12,2010-04-19,08:00:52 AM,08:00:00,Hot-Wet,2010-04-19 08:00:00
15.31189473,-19.01065267,LA12,2010-04-19,08:20:52 AM,08:20:00,Hot-Wet,2010-04-19 08:20:00
15.3128245,-19.00836995,LA12,2010-04-19,08:40:52 AM,08:40:00,Hot-Wet,2010-04-19 08:40:00
15.31329244,-19.00734456,LA12,2010-04-19,09:00:52 AM,09:00:00,Hot-Wet,2010-04-19 09:00:00
15.31576945,-19.00681356,LA12,2010-04-19,09:20:52 AM,09:20:00,Hot-Wet,2010-04-19 09:20:00
15.32022095,-19.00679932,LA12,2010-04-19,09:40:52 AM,09:40:00,Hot-Wet,2010-04-19 09:40:00
15.32017619,-19.00694173,LA12,2010-04-19,10:00:52 AM,10:00:00,Hot-Wet,2010-04-19 10:00:00
15.32071838,-19.00617269,LA12,2010-04-19,10:20:52 AM,10:20:00,Hot-Wet,2010-04-19 10:20:00
15.32153625,-19.00424194,LA12,2010-04-19,10:40:52 AM,10:40:00,Hot-Wet,2010-04-19 10:40:00
15.32236532,-19.00440877,LA12,2010-04-19,11:00:52 AM,11:00:00,Hot-Wet,2010-04-19 11:00:00
15.32309774,-19.00184123,LA12,2010-04-19,11:20:52 AM,11:20:00,Hot-Wet,2010-04-19 11:20:00
15.3247996,-19.00057373,LA12,2010-04-19,11:40:52 AM,11:40:00,Hot-Wet,2010-04-19 11:40:00
15.32567546,-18.99960734,LA12,2010-04-19,12:00:52 PM,12:00:00,Hot-Wet,2010-04-19 12:00:00
15.32520447,-18.99956055,LA12,2010-04-19,12:20:52 PM,12:20:00,Hot-Wet,2010-04-19 12:20:00
15.32328084,-18.99762777,LA12,2010-04-19,12:40:52 PM,12:40:00,Hot-Wet,2010-04-19 12:40:00
15.32157186,-18.99661865,LA12,2010-04-19,01:00:52 PM,13:00:00,Hot-Wet,2010-04-19 13:00:00
15.32137655,-18.99644165,LA12,2010-04-19,01:20:52 PM,13:20:00,Hot-Wet,2010-04-19 13:20:00
15.32082214,-18.99590047,LA12,2010-04-19,01:40:52 PM,13:40:00,Hot-Wet,2010-04-19 13:40:00
15.32104696,-18.99596558,LA12,2010-04-19,02:00:52 PM,14:00:00,Hot-Wet,2010-04-19 14:00:00
15.32125448,-18.99650065,LA12,2010-04-19,02:20:52 PM,14:20:00,Hot-Wet,2010-04-19 14:20:00
15.32168884,-18.99665731,LA12,2010-04-19,02:40:52 PM,14:40:00,Hot-Wet,2010-04-19 14:40:00
15.32243144,-18.99638875,LA12,2010-04-19,03:00:52 PM,15:00:00,Hot-Wet,2010-04-19 15:00:00
15.32388407,-18.99561564,LA12,2010-04-19,03:20:52 PM,15:20:00,Hot-Wet,2010-04-19 15:20:00
15.32457987,-18.99382731,LA12,2010-04-19,03:40:52 PM,15:40:00,Hot-Wet,2010-04-19 15:40:00
15.32563273,-18.99332886,LA12,2010-04-19,04:00:52 PM,16:00:00,Hot-Wet,2010-04-19 16:00:00
15.32819519,-18.99529215,LA12,2010-04-19,04:20:52 PM,16:20:00,Hot-Wet,2010-04-19 16:20:00
15.32841492,-18.99550374,LA12,2010-04-19,04:40:52 PM,16:40:00,Hot-Wet,2010-04-19 16:40:00
15.32890828,-18.99607544,LA12,2010-04-19,05:00:52 PM,17:00:00,Hot-Wet,2010-04-19 17:00:00
15.33187459,-18.99825033,LA12,2010-04-19,05:20:52 PM,17:20:00,Hot-Wet,2010-04-19 17:20:00
15.33320516,-18.99832764,LA12,2010-04-19,05:40:52 PM,17:40:00,Hot-Wet,2010-04-19 17:40:00
15.33338114,-18.99865926,LA12,2010-04-19,06:00:52 PM,18:00:00,Hot-Wet,2010-04-19 18:00:00
15.33361003,-18.99969279,LA12,2010-04-19,06:20:52 PM,18:20:00,Hot-Wet,2010-04-19 18:20:00
15.33435771,-18.99822795,LA12,2010-04-19,06:40:52 PM,18:40:00,Hot-Wet,2010-04-19 18:40:00
15.33747355,-18.99881185,LA12,2010-04-19,07:00:52 PM,19:00:00,Hot-Wet,2010-04-19 19:00:00
15.33555603,-18.99691569,LA12,2010-04-19,07:20:52 PM,19:20:00,Hot-Wet,2010-04-19 19:20:00
15.33372803,-18.99493815,LA12,2010-04-19,07:40:52 PM,19:40:00,Hot-Wet,2010-04-19 19:40:00
15.33086243,-18.99382528,LA12,2010-04-19,08:00:52 PM,20:00:00,Hot-Wet,2010-04-19 20:00:00
15.32916565,-18.99321899,LA12,2010-04-19,08:20:52 PM,20:20:00,Hot-Wet,2010-04-19 20:20:00
15.32669373,-18.9922994,LA12,2010-04-19,08:40:52 PM,20:40:00,Hot-Wet,2010-04-19 20:40:00
15.3258667,-18.9917216,LA12,2010-04-19,09:00:52 PM,21:00:00,Hot-Wet,2010-04-19 21:00:00
15.32237142,-18.99094035,LA12,2010-04-19,09:20:52 PM,21:20:00,Hot-Wet,2010-04-19 21:20:00
15.31975911,-18.98735148,LA12,2010-04-19,09:40:52 PM,21:40:00,Hot-Wet,2010-04-19 21:40:00
15.31772359,-18.98613078,LA12,2010-04-19,10:00:52 PM,22:00:00,Hot-Wet,2010-04-19 22:00:00
15.3169637,-18.98520915,LA12,2010-04-19,10:20:52 PM,22:20:00,Hot-Wet,2010-04-19 22:20:00
15.31749674,-18.98477987,LA12,2010-04-19,10:40:52 PM,22:40:00,Hot-Wet,2010-04-19 22:40:00
15.31727702,-18.98444621,LA12,2010-04-19,11:00:52 PM,23:00:00,Hot-Wet,2010-04-19 23:00:00
15.31680908,-18.98423055,LA12,2010-04-19,11:20:52 PM,23:20:00,Hot-Wet,2010-04-19 23:20:00
15.31767985,-18.98331502,LA12,2010-04-19,11:40:52 PM,23:40:00,Hot-Wet,2010-04-19 23:40:00
15.31958313,-18.97962443,LA12,2010-04-20,12:00:52 AM,00:00:00,Hot-Wet,2010-04-20 00:00:00
15.3197347,-18.97943319,LA12,2010-04-20,12:20:53 AM,00:20:00,Hot-Wet,2010-04-20 00:20:00
15.32201436,-18.97822062,LA12,2010-04-20,12:40:52 AM,00:40:00,Hot-Wet,2010-04-20 00:40:00
15.32203979,-18.97823283,LA12,2010-04-20,01:00:52 AM,01:00:00,Hot-Wet,2010-04-20 01:00:00
15.32200724,-18.97822062,LA12,2010-04-20,01:20:58 AM,01:20:00,Hot-Wet,2010-04-20 01:20:00
15.32203776,-18.97825521,LA12,2010-04-20,01:40:52 AM,01:40:00,Hot-Wet,2010-04-20 01:40:00
15.32202657,-18.97826742,LA12,2010-04-20,02:00:52 AM,02:00:00,Hot-Wet,2010-04-20 02:00:00
15.32204793,-18.97827759,LA12,2010-04-20,02:20:52 AM,02:20:00,Hot-Wet,2010-04-20 02:20:00
15.32204386,-18.97827352,LA12,2010-04-20,02:40:52 AM,02:40:00,Hot-Wet,2010-04-20 02:40:00
15.32204997,-18.9782491,LA12,2010-04-20,03:00:52 AM,03:00:00,Hot-Wet,2010-04-20 03:00:00
15.32205404,-18.978243,LA12,2010-04-20,03:20:52 AM,03:20:00,Hot-Wet,2010-04-20 03:20:00
15.32203369,-18.97825317,LA12,2010-04-20,03:40:52 AM,03:40:00,Hot-Wet,2010-04-20 03:40:00
15.32204793,-18.97825317,LA12,2010-04-20,04:00:52 AM,04:00:00,Hot-Wet,2010-04-20 04:00:00
15.32271627,-18.97828166,LA12,2010-04-20,04:20:52 AM,04:20:00,Hot-Wet,2010-04-20 04:20:00
15.32273661,-18.9782959,LA12,2010-04-20,04:40:52 AM,04:40:00,Hot-Wet,2010-04-20 04:40:00
15.32269796,-18.97832438,LA12,2010-04-20,05:00:52 AM,05:00:00,Hot-Wet,2010-04-20 05:00:00
15.3218984,-18.97689819,LA12,2010-04-20,05:20:52 AM,05:20:00,Hot-Wet,2010-04-20 05:20:00
15.32182719,-18.97437337,LA12,2010-04-20,05:40:52 AM,05:40:00,Hot-Wet,2010-04-20 05:40:00
15.31880188,-18.97842204,LA12,2010-04-20,06:00:52 AM,06:00:00,Hot-Wet,2010-04-20 06:00:00
15.31611633,-18.98038534,LA12,2010-04-20,06:20:52 AM,06:20:00,Hot-Wet,2010-04-20 06:20:00
15.31555481,-18.9837443,LA12,2010-04-20,06:40:52 AM,06:40:00,Hot-Wet,2010-04-20 06:40:00
15.31604207,-18.98425496,LA12,2010-04-20,07:00:52 AM,07:00:00,Hot-Wet,2010-04-20 07:00:00
15.31569214,-18.98528646,LA12,2010-04-20,07:20:52 AM,07:20:00,Hot-Wet,2010-04-20 07:20:00
15.31701457,-18.98997192,LA12,2010-04-20,07:40:52 AM,07:40:00,Hot-Wet,2010-04-20 07:40:00
15.31849162,-18.99565226,LA12,2010-04-20,08:00:52 AM,08:00:00,Hot-Wet,2010-04-20 08:00:00
15.31799622,-19.00028687,LA12,2010-04-20,08:20:52 AM,08:20:00,Hot-Wet,2010-04-20 08:20:00
15.32016195,-19.00703532,LA12,2010-04-20,08:40:52 AM,08:40:00,Hot-Wet,2010-04-20 08:40:00
15.31934713,-19.00841878,LA12,2010-04-20,09:00:52 AM,09:00:00,Hot-Wet,2010-04-20 09:00:00
15.31856079,-19.01044108,LA12,2010-04-20,09:20:52 AM,09:20:00,Hot-Wet,2010-04-20 09:20:00
15.31826274,-19.01069132,LA12,2010-04-20,09:40:52 AM,09:40:00,Hot-Wet,2010-04-20 09:40:00
15.31735738,-19.01454875,LA12,2010-04-20,10:00:52 AM,10:00:00,Hot-Wet,2010-04-20 10:00:00
15.31619568,-19.01512858,LA12,2010-04-20,10:20:52 AM,10:20:00,Hot-Wet,2010-04-20 10:20:00
15.31377055,-19.01332397,LA12,2010-04-20,10:40:52 AM,10:40:00,Hot-Wet,2010-04-20 10:40:00
15.31164856,-19.0101827,LA12,2010-04-20,11:00:52 AM,11:00:00,Hot-Wet,2010-04-20 11:00:00
15.31166789,-19.01014404,LA12,2010-04-20,11:20:52 AM,11:20:00,Hot-Wet,2010-04-20 11:20:00
15.30970561,-19.00736694,LA12,2010-04-20,11:40:52 AM,11:40:00,Hot-Wet,2010-04-20 11:40:00
15.30913188,-19.00728353,LA12,2010-04-20,12:00:52 PM,12:00:00,Hot-Wet,2010-04-20 12:00:00
15.30776265,-19.00736084,LA12,2010-04-20,12:20:52 PM,12:20:00,Hot-Wet,2010-04-20 12:20:00
15.30640869,-19.00679118,LA12,2010-04-20,12:40:52 PM,12:40:00,Hot-Wet,2010-04-20 12:40:00
15.3061971,-19.00626831,LA12,2010-04-20,01:00:52 PM,13:00:00,Hot-Wet,2010-04-20 13:00:00
15.30617574,-19.00626831,LA12,2010-04-20,01:20:52 PM,13:20:00,Hot-Wet,2010-04-20 13:20:00
15.30648804,-19.00580241,LA12,2010-04-20,01:40:52 PM,13:40:00,Hot-Wet,2010-04-20 13:40:00
15.30843404,-19.00434774,LA12,2010-04-20,02:00:52 PM,14:00:00,Hot-Wet,2010-04-20 14:00:00
15.30651855,-18.99780273,LA12,2010-04-20,02:20:52 PM,14:20:00,Hot-Wet,2010-04-20 14:20:00
15.30932007,-18.99704183,LA12,2010-04-20,02:40:52 PM,14:40:00,Hot-Wet,2010-04-20 14:40:00
15.30892944,-18.99509888,LA12,2010-04-20,03:00:52 PM,15:00:00,Hot-Wet,2010-04-20 15:00:00
15.30958455,-18.99358317,LA12,2010-04-20,03:20:52 PM,15:20:00,Hot-Wet,2010-04-20 15:20:00
15.30999552,-18.99445801,LA12,2010-04-20,03:40:52 PM,15:40:00,Hot-Wet,2010-04-20 15:40:00
15.30702515,-18.99324137,LA12,2010-04-20,04:00:52 PM,16:00:00,Hot-Wet,2010-04-20 16:00:00
15.30711161,-18.99263713,LA12,2010-04-20,04:20:52 PM,16:20:00,Hot-Wet,2010-04-20 16:20:00
15.30538839,-18.99463094,LA12,2010-04-20,04:40:52 PM,16:40:00,Hot-Wet,2010-04-20 16:40:00
15.30325317,-18.99582723,LA12,2010-04-20,05:00:52 PM,17:00:00,Hot-Wet,2010-04-20 17:00:00
15.30463257,-18.99338582,LA12,2010-04-20,05:20:52 PM,17:20:00,Hot-Wet,2010-04-20 17:20:00
15.30696208,-18.99326579,LA12,2010-04-20,05:40:52 PM,17:40:00,Hot-Wet,2010-04-20 17:40:00
15.30866801,-18.99287313,LA12,2010-04-20,06:00:52 PM,18:00:00,Hot-Wet,2010-04-20 18:00:00
15.3114858,-18.99082235,LA12,2010-04-20,06:20:52 PM,18:20:00,Hot-Wet,2010-04-20 18:20:00
15.31488749,-18.98728841,LA12,2010-04-20,06:40:52 PM,18:40:00,Hot-Wet,2010-04-20 18:40:00
15.31602783,-18.98546346,LA12,2010-04-20,07:00:52 PM,19:00:00,Hot-Wet,2010-04-20 19:00:00
15.3164622,-18.98518677,LA12,2010-04-20,07:20:52 PM,19:20:00,Hot-Wet,2010-04-20 19:20:00
15.31617126,-18.98454793,LA12,2010-04-20,07:40:52 PM,19:40:00,Hot-Wet,2010-04-20 19:40:00
15.31827087,-18.98397827,LA12,2010-04-20,08:00:52 PM,20:00:00,Hot-Wet,2010-04-20 20:00:00
15.32249858,-18.97971802,LA12,2010-04-20,08:20:52 PM,20:20:00,Hot-Wet,2010-04-20 20:20:00
15.32480672,-18.9757548,LA12,2010-04-20,08:40:52 PM,20:40:00,Hot-Wet,2010-04-20 20:40:00
15.32755636,-18.968927,LA12,2010-04-20,09:00:52 PM,21:00:00,Hot-Wet,2010-04-20 21:00:00
15.32709452,-18.96987915,LA12,2010-04-20,09:20:52 PM,21:20:00,Hot-Wet,2010-04-20 21:20:00
15.32459208,-18.9763265,LA12,2010-04-20,09:40:52 PM,21:40:00,Hot-Wet,2010-04-20 21:40:00
15.32335103,-18.97914225,LA12,2010-04-20,10:00:52 PM,22:00:00,Hot-Wet,2010-04-20 22:00:00
15.32312113,-18.97918905,LA12,2010-04-20,10:20:52 PM,22:20:00,Hot-Wet,2010-04-20 22:20:00
15.3241333,-18.97733968,LA12,2010-04-20,10:40:52 PM,22:40:00,Hot-Wet,2010-04-20 22:40:00
15.32628784,-18.97415771,LA12,2010-04-20,11:00:52 PM,23:00:00,Hot-Wet,2010-04-20 23:00:00
15.32799988,-18.96860962,LA12,2010-04-20,11:20:52 PM,23:20:00,Hot-Wet,2010-04-20 23:20:00
15.32840373,-18.97027588,LA12,2010-04-20,11:40:52 PM,23:40:00,Hot-Wet,2010-04-20 23:40:00
15.32823181,-18.97431437,LA12,2010-04-21,12:00:52 AM,00:00:00,Hot-Wet,2010-04-21 00:00:00
15.32479858,-18.97705688,LA12,2010-04-21,12:20:53 AM,00:20:00,Hot-Wet,2010-04-21 00:20:00
15.32285055,-18.97770996,LA12,2010-04-21,12:40:52 AM,00:40:00,Hot-Wet,2010-04-21 00:40:00
15.3228892,-18.97768351,LA12,2010-04-21,01:00:52 AM,01:00:00,Hot-Wet,2010-04-21 01:00:00
15.32286784,-18.97766724,LA12,2010-04-21,01:20:52 AM,01:20:00,Hot-Wet,2010-04-21 01:20:00
15.32305705,-18.97931925,LA12,2010-04-21,01:40:52 AM,01:40:00,Hot-Wet,2010-04-21 01:40:00
15.32286072,-18.98005371,LA12,2010-04-21,02:00:52 AM,02:00:00,Hot-Wet,2010-04-21 02:00:00
15.32287191,-18.98007609,LA12,2010-04-21,02:20:52 AM,02:20:00,Hot-Wet,2010-04-21 02:20:00
15.32287394,-18.98005371,LA12,2010-04-21,02:40:52 AM,02:40:00,Hot-Wet,2010-04-21 02:40:00
15.32283223,-18.98008626,LA12,2010-04-21,03:00:52 AM,03:00:00,Hot-Wet,2010-04-21 03:00:00
15.32185669,-18.98143717,LA12,2010-04-21,03:20:52 AM,03:20:00,Hot-Wet,2010-04-21 03:20:00
15.31891683,-18.98451131,LA12,2010-04-21,03:40:52 AM,03:40:00,Hot-Wet,2010-04-21 03:40:00
15.31745504,-18.98451538,LA12,2010-04-21,04:00:52 AM,04:00:00,Hot-Wet,2010-04-21 04:00:00
15.31792094,-18.98858032,LA12,2010-04-21,04:20:52 AM,04:20:00,Hot-Wet,2010-04-21 04:20:00
15.31737874,-18.9924113,LA12,2010-04-21,04:40:52 AM,04:40:00,Hot-Wet,2010-04-21 04:40:00
15.31591593,-18.99412435,LA12,2010-04-21,05:00:52 AM,05:00:00,Hot-Wet,2010-04-21 05:00:00
15.31304118,-18.99599813,LA12,2010-04-21,05:20:52 AM,05:20:00,Hot-Wet,2010-04-21 05:20:00
15.31149801,-18.99621175,LA12,2010-04-21,05:40:52 AM,05:40:00,Hot-Wet,2010-04-21 05:40:00
15.30913391,-18.99711914,LA12,2010-04-21,06:00:52 AM,06:00:00,Hot-Wet,2010-04-21 06:00:00
15.30837301,-18.99755452,LA12,2010-04-21,06:20:52 AM,06:20:00,Hot-Wet,2010-04-21 06:20:00
15.30799154,-18.99772339,LA12,2010-04-21,06:40:52 AM,06:40:00,Hot-Wet,2010-04-21 06:40:00
15.30783081,-18.99786784,LA12,2010-04-21,07:00:52 AM,07:00:00,Hot-Wet,2010-04-21 07:00:00
15.30748291,-18.99820353,LA12,2010-04-21,07:20:52 AM,07:20:00,Hot-Wet,2010-04-21 07:20:00
15.30799357,-18.99877523,LA12,2010-04-21,07:40:52 AM,07:40:00,Hot-Wet,2010-04-21 07:40:00
15.30339661,-18.99833171,LA12,2010-04-21,08:00:52 AM,08:00:00,Hot-Wet,2010-04-21 08:00:00
15.29942322,-18.99865519,LA12,2010-04-21,08:20:52 AM,08:20:00,Hot-Wet,2010-04-21 08:20:00
15.29791158,-18.99894002,LA12,2010-04-21,08:40:52 AM,08:40:00,Hot-Wet,2010-04-21 08:40:00
15.29771627,-18.99978231,LA12,2010-04-21,09:00:52 AM,09:00:00,Hot-Wet,2010-04-21 09:00:00
15.29793396,-19.00396525,LA12,2010-04-21,09:20:52 AM,09:20:00,Hot-Wet,2010-04-21 09:20:00
15.30193278,-19.00651042,LA12,2010-04-21,09:40:52 AM,09:40:00,Hot-Wet,2010-04-21 09:40:00
15.30342306,-19.00617065,LA12,2010-04-21,10:00:52 AM,10:00:00,Hot-Wet,2010-04-21 10:00:00
15.30480347,-19.00801392,LA12,2010-04-21,10:20:52 AM,10:20:00,Hot-Wet,2010-04-21 10:20:00
15.31054281,-19.00945435,LA12,2010-04-21,10:40:52 AM,10:40:00,Hot-Wet,2010-04-21 10:40:00
15.31459859,-19.01261597,LA12,2010-04-21,11:00:52 AM,11:00:00,Hot-Wet,2010-04-21 11:00:00
15.31557821,-19.01384684,LA12,2010-04-21,11:20:52 AM,11:20:00,Hot-Wet,2010-04-21 11:20:00
15.31563517,-19.01397095,LA12,2010-04-21,11:40:52 AM,11:40:00,Hot-Wet,2010-04-21 11:40:00
15.31725871,-19.01486613,LA12,2010-04-21,12:00:52 PM,12:00:00,Hot-Wet,2010-04-21 12:00:00
15.31775106,-19.01755371,LA12,2010-04-21,12:20:52 PM,12:20:00,Hot-Wet,2010-04-21 12:20:00
15.31686198,-19.02022909,LA12,2010-04-21,12:40:52 PM,12:40:00,Hot-Wet,2010-04-21 12:40:00
15.31691081,-19.02161458,LA12,2010-04-21,01:00:52 PM,13:00:00,Hot-Wet,2010-04-21 13:00:00
15.31660461,-19.0214152,LA12,2010-04-21,01:20:52 PM,13:20:00,Hot-Wet,2010-04-21 13:20:00
15.31606038,-19.02119751,LA12,2010-04-21,01:40:52 PM,13:40:00,Hot-Wet,2010-04-21 13:40:00
15.31640625,-19.021639,LA12,2010-04-21,02:00:52 PM,14:00:00,Hot-Wet,2010-04-21 14:00:00
15.31954549,-19.02178141,LA12,2010-04-21,02:20:52 PM,14:20:00,Hot-Wet,2010-04-21 14:20:00
15.32432861,-19.02207642,LA12,2010-04-21,02:40:52 PM,14:40:00,Hot-Wet,2010-04-21 14:40:00
15.33241272,-19.02393799,LA12,2010-04-21,03:00:52 PM,15:00:00,Hot-Wet,2010-04-21 15:00:00
15.33894552,-19.02278035,LA12,2010-04-21,03:20:52 PM,15:20:00,Hot-Wet,2010-04-21 15:20:00
15.34741414,-19.02665812,LA12,2010-04-21,03:40:52 PM,15:40:00,Hot-Wet,2010-04-21 15:40:00
15.34970601,-19.02871094,LA12,2010-04-21,04:00:52 PM,16:00:00,Hot-Wet,2010-04-21 16:00:00
15.34872742,-19.02895711,LA12,2010-04-21,04:20:52 PM,16:20:00,Hot-Wet,2010-04-21 16:20:00
15.34896037,-19.02824707,LA12,2010-04-21,04:40:52 PM,16:40:00,Hot-Wet,2010-04-21 16:40:00
15.34743347,-19.0293925,LA12,2010-04-21,05:00:52 PM,17:00:00,Hot-Wet,2010-04-21 17:00:00
15.3456075,-19.03023885,LA12,2010-04-21,05:20:52 PM,17:20:00,Hot-Wet,2010-04-21 17:20:00
15.35256856,-19.03790283,LA12,2010-04-21,05:40:52 PM,17:40:00,Hot-Wet,2010-04-21 17:40:00
15.3579895,-19.04603678,LA12,2010-04-21,06:00:52 PM,18:00:00,Hot-Wet,2010-04-21 18:00:00
15.35671895,-19.04785767,LA12,2010-04-21,06:20:52 PM,18:20:00,Hot-Wet,2010-04-21 18:20:00
15.35663961,-19.04820964,LA12,2010-04-21,06:40:52 PM,18:40:00,Hot-Wet,2010-04-21 18:40:00
15.35327352,-19.0493042,LA12,2010-04-21,07:00:52 PM,19:00:00,Hot-Wet,2010-04-21 19:00:00
15.35039164,-19.04796956,LA12,2010-04-21,07:20:52 PM,19:20:00,Hot-Wet,2010-04-21 19:20:00
15.34984538,-19.04810994,LA12,2010-04-21,07:40:52 PM,19:40:00,Hot-Wet,2010-04-21 19:40:00
15.3455424,-19.04601237,LA12,2010-04-21,08:00:52 PM,20:00:00,Hot-Wet,2010-04-21 20:00:00
15.34190674,-19.04240316,LA12,2010-04-21,08:20:52 PM,20:20:00,Hot-Wet,2010-04-21 20:20:00
15.34124756,-19.04110718,LA12,2010-04-21,08:40:52 PM,20:40:00,Hot-Wet,2010-04-21 20:40:00
15.33920593,-19.03993123,LA12,2010-04-21,09:00:52 PM,21:00:00,Hot-Wet,2010-04-21 21:00:00
15.33543905,-19.03733317,LA12,2010-04-21,09:20:52 PM,21:20:00,Hot-Wet,2010-04-21 21:20:00
15.33145142,-19.03418579,LA12,2010-04-21,09:40:52 PM,21:40:00,Hot-Wet,2010-04-21 21:40:00
15.33023682,-19.02587891,LA12,2010-04-21,10:00:52 PM,22:00:00,Hot-Wet,2010-04-21 22:00:00
15.3283193,-19.01847941,LA12,2010-04-21,10:20:52 PM,22:20:00,Hot-Wet,2010-04-21 22:20:00
15.32655334,-19.0149882,LA12,2010-04-21,10:40:52 PM,22:40:00,Hot-Wet,2010-04-21 22:40:00
15.32193807,-19.01212769,LA12,2010-04-21,11:00:52 PM,23:00:00,Hot-Wet,2010-04-21 23:00:00
15.31808573,-19.01158244,LA12,2010-04-21,11:20:52 PM,23:20:00,Hot-Wet,2010-04-21 23:20:00
15.31699219,-19.01483561,LA12,2010-04-21,11:40:52 PM,23:40:00,Hot-Wet,2010-04-21 23:40:00
15.31690674,-19.01485596,LA12,2010-04-22,12:00:52 AM,00:00:00,Hot-Wet,2010-04-22 00:00:00
15.31693624,-19.01485596,LA12,2010-04-22,12:20:52 AM,00:20:00,Hot-Wet,2010-04-22 00:20:00
15.31693726,-19.01484985,LA12,2010-04-22,12:40:52 AM,00:40:00,Hot-Wet,2010-04-22 00:40:00
15.31826986,-19.01409709,LA12,2010-04-22,01:00:52 AM,01:00:00,Hot-Wet,2010-04-22 01:00:00
15.31899719,-19.01383057,LA12,2010-04-22,01:20:52 AM,01:20:00,Hot-Wet,2010-04-22 01:20:00
15.31970927,-19.01424357,LA12,2010-04-22,01:40:52 AM,01:40:00,Hot-Wet,2010-04-22 01:40:00
15.32021281,-19.01414795,LA12,2010-04-22,02:01:04 AM,02:01:00,Hot-Wet,2010-04-22 02:01:00
15.32024638,-19.01413778,LA12,2010-04-22,02:20:52 AM,02:20:00,Hot-Wet,2010-04-22 02:20:00
15.32023621,-19.01411743,LA12,2010-04-22,02:40:52 AM,02:40:00,Hot-Wet,2010-04-22 02:40:00
15.32024638,-19.01413371,LA12,2010-04-22,03:00:52 AM,03:00:00,Hot-Wet,2010-04-22 03:00:00
15.32023214,-19.01412354,LA12,2010-04-22,03:20:52 AM,03:20:00,Hot-Wet,2010-04-22 03:20:00
15.32026672,-19.01408895,LA12,2010-04-22,03:40:52 AM,03:40:00,Hot-Wet,2010-04-22 03:40:00
15.32031352,-19.01368205,LA12,2010-04-22,04:00:52 AM,04:00:00,Hot-Wet,2010-04-22 04:00:00
15.32030945,-19.01364543,LA12,2010-04-22,04:20:53 AM,04:20:00,Hot-Wet,2010-04-22 04:20:00
15.32042948,-19.01311849,LA12,2010-04-22,04:40:52 AM,04:40:00,Hot-Wet,2010-04-22 04:40:00
15.32090251,-19.01227824,LA12,2010-04-22,05:00:52 AM,05:00:00,Hot-Wet,2010-04-22 05:00:00
15.32059733,-19.0108724,LA12,2010-04-22,05:20:52 AM,05:20:00,Hot-Wet,2010-04-22 05:20:00
15.32018127,-19.01033122,LA12,2010-04-22,05:40:52 AM,05:40:00,Hot-Wet,2010-04-22 05:40:00
15.32069906,-19.00929362,LA12,2010-04-22,06:00:52 AM,06:00:00,Hot-Wet,2010-04-22 06:00:00
15.32250875,-19.00671997,LA12,2010-04-22,06:20:52 AM,06:20:00,Hot-Wet,2010-04-22 06:20:00
15.32245789,-19.00440877,LA12,2010-04-22,06:40:52 AM,06:40:00,Hot-Wet,2010-04-22 06:40:00
15.32173869,-19.00218709,LA12,2010-04-22,07:00:52 AM,07:00:00,Hot-Wet,2010-04-22 07:00:00
15.32049154,-19.00044352,LA12,2010-04-22,07:20:52 AM,07:20:00,Hot-Wet,2010-04-22 07:20:00
15.31965434,-18.99888102,LA12,2010-04-22,07:40:52 AM,07:40:00,Hot-Wet,2010-04-22 07:40:00
15.31844991,-18.99815063,LA12,2010-04-22,08:00:52 AM,08:00:00,Hot-Wet,2010-04-22 08:00:00
15.31933492,-18.99765625,LA12,2010-04-22,08:20:52 AM,08:20:00,Hot-Wet,2010-04-22 08:20:00
15.32156677,-18.99661662,LA12,2010-04-22,08:40:52 AM,08:40:00,Hot-Wet,2010-04-22 08:40:00
15.32176107,-18.99655762,LA12,2010-04-22,09:00:52 AM,09:00:00,Hot-Wet,2010-04-22 09:00:00
15.32167664,-18.99665324,LA12,2010-04-22,09:20:52 AM,09:20:00,Hot-Wet,2010-04-22 09:20:00
15.32163595,-18.99659424,LA12,2010-04-22,09:40:52 AM,09:40:00,Hot-Wet,2010-04-22 09:40:00
15.32169698,-18.99666138,LA12,2010-04-22,10:00:52 AM,10:00:00,Hot-Wet,2010-04-22 10:00:00
15.32149251,-18.99660645,LA12,2010-04-22,10:20:52 AM,10:20:00,Hot-Wet,2010-04-22 10:20:00
15.32083639,-18.99586792,LA12,2010-04-22,10:40:52 AM,10:40:00,Hot-Wet,2010-04-22 10:40:00
15.32078044,-18.99586792,LA12,2010-04-22,11:00:53 AM,11:00:00,Hot-Wet,2010-04-22 11:00:00
15.320696,-18.99608561,LA12,2010-04-22,11:20:52 AM,11:20:00,Hot-Wet,2010-04-22 11:20:00
15.32091777,-18.99623006,LA12,2010-04-22,11:40:52 AM,11:40:00,Hot-Wet,2010-04-22 11:40:00
15.32052511,-18.99883423,LA12,2010-04-22,12:00:52 PM,12:00:00,Hot-Wet,2010-04-22 12:00:00
15.32005514,-19.00532227,LA12,2010-04-22,12:20:53 PM,12:20:00,Hot-Wet,2010-04-22 12:20:00
15.3191274,-19.00950317,LA12,2010-04-22,12:40:52 PM,12:40:00,Hot-Wet,2010-04-22 12:40:00
15.31730042,-19.01469523,LA12,2010-04-22,01:00:52 PM,13:00:00,Hot-Wet,2010-04-22 13:00:00
15.31724243,-19.01499023,LA12,2010-04-22,01:20:52 PM,13:20:00,Hot-Wet,2010-04-22 13:20:00
15.31736247,-19.01519165,LA12,2010-04-22,01:40:52 PM,13:40:00,Hot-Wet,2010-04-22 13:40:00
15.31665649,-19.02030029,LA12,2010-04-22,02:00:52 PM,14:00:00,Hot-Wet,2010-04-22 14:00:00
15.31705729,-19.02127279,LA12,2010-04-22,02:20:52 PM,14:20:00,Hot-Wet,2010-04-22 14:20:00
15.31918742,-19.02281291,LA12,2010-04-22,02:40:52 PM,14:40:00,Hot-Wet,2010-04-22 14:40:00
15.32213745,-19.02370402,LA12,2010-04-22,03:00:52 PM,15:00:00,Hot-Wet,2010-04-22 15:00:00
15.32518514,-19.02517293,LA12,2010-04-22,03:20:52 PM,15:20:00,Hot-Wet,2010-04-22 15:20:00
15.33093974,-19.02599691,LA12,2010-04-22,03:40:52 PM,15:40:00,Hot-Wet,2010-04-22 15:40:00
15.33253479,-19.02679443,LA12,2010-04-22,04:00:52 PM,16:00:00,Hot-Wet,2010-04-22 16:00:00
15.33367208,-19.02658488,LA12,2010-04-22,04:20:52 PM,16:20:00,Hot-Wet,2010-04-22 16:20:00
15.33558553,-19.02639974,LA12,2010-04-22,04:40:52 PM,16:40:00,Hot-Wet,2010-04-22 16:40:00
15.33805745,-19.02813924,LA12,2010-04-22,05:00:52 PM,17:00:00,Hot-Wet,2010-04-22 17:00:00
15.33818258,-19.02892253,LA12,2010-04-22,05:20:52 PM,17:20:00,Hot-Wet,2010-04-22 17:20:00
15.33960164,-19.02973836,LA12,2010-04-22,05:40:52 PM,17:40:00,Hot-Wet,2010-04-22 17:40:00
15.33921407,-19.03301595,LA12,2010-04-22,06:00:52 PM,18:00:00,Hot-Wet,2010-04-22 18:00:00
15.33970642,-19.03369548,LA12,2010-04-22,06:20:52 PM,18:20:00,Hot-Wet,2010-04-22 18:20:00
15.33765971,-19.03610229,LA12,2010-04-22,06:40:52 PM,18:40:00,Hot-Wet,2010-04-22 18:40:00
15.33385824,-19.03799845,LA12,2010-04-22,07:00:52 PM,19:00:00,Hot-Wet,2010-04-22 19:00:00
15.33002319,-19.03877563,LA12,2010-04-22,07:20:52 PM,19:20:00,Hot-Wet,2010-04-22 19:20:00
15.32959493,-19.03938395,LA12,2010-04-22,07:40:52 PM,19:40:00,Hot-Wet,2010-04-22 19:40:00
15.33119405,-19.03804321,LA12,2010-04-22,08:00:52 PM,20:00:00,Hot-Wet,2010-04-22 20:00:00
15.33103943,-19.03785604,LA12,2010-04-22,08:20:52 PM,20:20:00,Hot-Wet,2010-04-22 20:20:00
15.33101908,-19.03756714,LA12,2010-04-22,08:40:52 PM,20:40:00,Hot-Wet,2010-04-22 20:40:00
15.33115946,-19.03762614,LA12,2010-04-22,09:00:52 PM,21:00:00,Hot-Wet,2010-04-22 21:00:00
15.33149923,-19.03669637,LA12,2010-04-22,09:20:52 PM,21:20:00,Hot-Wet,2010-04-22 21:20:00
15.33103739,-19.03708496,LA12,2010-04-22,09:40:52 PM,21:40:00,Hot-Wet,2010-04-22 21:40:00
15.33025004,-19.03690796,LA12,2010-04-22,10:00:52 PM,22:00:00,Hot-Wet,2010-04-22 22:00:00
15.33048299,-19.03710734,LA12,2010-04-22,10:20:52 PM,22:20:00,Hot-Wet,2010-04-22 22:20:00
15.32990214,-19.03799032,LA12,2010-04-22,10:40:52 PM,22:40:00,Hot-Wet,2010-04-22 22:40:00
15.33001811,-19.03771973,LA12,2010-04-22,11:00:52 PM,23:00:00,Hot-Wet,2010-04-22 23:00:00
15.33163249,-19.03513794,LA12,2010-04-22,11:20:52 PM,23:20:00,Hot-Wet,2010-04-22 23:20:00
15.33155721,-19.03500977,LA12,2010-04-22,11:40:53 PM,23:40:00,Hot-Wet,2010-04-22 23:40:00
15.33152568,-19.03503011,LA12,2010-04-23,12:00:52 AM,00:00:00,Hot-Wet,2010-04-23 00:00:00
15.33153076,-19.03502401,LA12,2010-04-23,12:20:52 AM,00:20:00,Hot-Wet,2010-04-23 00:20:00
15.33187358,-19.03498942,LA12,2010-04-23,12:40:52 AM,00:40:00,Hot-Wet,2010-04-23 00:40:00
15.33185933,-19.03500366,LA12,2010-04-23,01:00:52 AM,01:00:00,Hot-Wet,2010-04-23 01:00:00
15.33186951,-19.03499349,LA12,2010-04-23,01:20:52 AM,01:20:00,Hot-Wet,2010-04-23 01:20:00
15.33187663,-19.03494873,LA12,2010-04-23,01:40:52 AM,01:40:00,Hot-Wet,2010-04-23 01:40:00
15.33160502,-19.0333842,LA12,2010-04-23,02:00:52 AM,02:00:00,Hot-Wet,2010-04-23 02:00:00
15.33214417,-19.03156128,LA12,2010-04-23,02:20:52 AM,02:20:00,Hot-Wet,2010-04-23 02:20:00
15.33161926,-19.03107096,LA12,2010-04-23,02:40:52 AM,02:40:00,Hot-Wet,2010-04-23 02:40:00
15.33161926,-19.03117472,LA12,2010-04-23,03:00:52 AM,03:00:00,Hot-Wet,2010-04-23 03:00:00
15.33162333,-19.03120321,LA12,2010-04-23,03:20:52 AM,03:20:00,Hot-Wet,2010-04-23 03:20:00
15.33164368,-19.03122559,LA12,2010-04-23,03:40:52 AM,03:40:00,Hot-Wet,2010-04-23 03:40:00
15.33161723,-19.0311381,LA12,2010-04-23,04:00:52 AM,04:00:00,Hot-Wet,2010-04-23 04:00:00
15.33068136,-19.03034058,LA12,2010-04-23,04:20:52 AM,04:20:00,Hot-Wet,2010-04-23 04:20:00
15.32946065,-19.02921753,LA12,2010-04-23,04:40:52 AM,04:40:00,Hot-Wet,2010-04-23 04:40:00
15.32948812,-19.02921956,LA12,2010-04-23,05:00:52 AM,05:00:00,Hot-Wet,2010-04-23 05:00:00
15.33023682,-19.02787272,LA12,2010-04-23,05:20:52 AM,05:20:00,Hot-Wet,2010-04-23 05:20:00
15.32962443,-19.02667236,LA12,2010-04-23,05:40:52 AM,05:40:00,Hot-Wet,2010-04-23 05:40:00
15.32810059,-19.02373861,LA12,2010-04-23,06:00:52 AM,06:00:00,Hot-Wet,2010-04-23 06:00:00
15.32575887,-19.02036336,LA12,2010-04-23,06:20:52 AM,06:20:00,Hot-Wet,2010-04-23 06:20:00
15.32176717,-19.01735636,LA12,2010-04-23,06:40:52 AM,06:40:00,Hot-Wet,2010-04-23 06:40:00
15.3173116,-19.01501058,LA12,2010-04-23,07:00:52 AM,07:00:00,Hot-Wet,2010-04-23 07:00:00
15.31694845,-19.01473999,LA12,2010-04-23,07:20:52 AM,07:20:00,Hot-Wet,2010-04-23 07:20:00
15.31665344,-19.01409098,LA12,2010-04-23,07:40:52 AM,07:40:00,Hot-Wet,2010-04-23 07:40:00
15.31669108,-19.00997925,LA12,2010-04-23,08:00:52 AM,08:00:00,Hot-Wet,2010-04-23 08:00:00
15.31521098,-19.00859578,LA12,2010-04-23,08:20:52 AM,08:20:00,Hot-Wet,2010-04-23 08:20:00
15.31372681,-19.00713908,LA12,2010-04-23,08:40:52 AM,08:40:00,Hot-Wet,2010-04-23 08:40:00
15.31314596,-19.00707194,LA12,2010-04-23,09:00:52 AM,09:00:00,Hot-Wet,2010-04-23 09:00:00
15.31248576,-19.00789591,LA12,2010-04-23,09:20:52 AM,09:20:00,Hot-Wet,2010-04-23 09:20:00
15.31210327,-19.01025594,LA12,2010-04-23,09:40:52 AM,09:40:00,Hot-Wet,2010-04-23 09:40:00
15.31575928,-19.01463623,LA12,2010-04-23,10:00:52 AM,10:00:00,Hot-Wet,2010-04-23 10:00:00
15.31752828,-19.01485799,LA12,2010-04-23,10:20:52 AM,10:20:00,Hot-Wet,2010-04-23 10:20:00
15.32092997,-19.02286784,LA12,2010-04-23,10:40:52 AM,10:40:00,Hot-Wet,2010-04-23 10:40:00
15.32143962,-19.02974447,LA12,2010-04-23,11:00:52 AM,11:00:00,Hot-Wet,2010-04-23 11:00:00
15.32753398,-19.03545329,LA12,2010-04-23,11:20:53 AM,11:20:00,Hot-Wet,2010-04-23 11:20:00
15.33265483,-19.03662313,LA12,2010-04-23,11:40:52 AM,11:40:00,Hot-Wet,2010-04-23 11:40:00
15.33636373,-19.03922729,LA12,2010-04-23,12:00:52 PM,12:00:00,Hot-Wet,2010-04-23 12:00:00
15.33624573,-19.04485881,LA12,2010-04-23,12:20:53 PM,12:20:00,Hot-Wet,2010-04-23 12:20:00
15.3283905,-19.04055379,LA12,2010-04-23,12:40:52 PM,12:40:00,Hot-Wet,2010-04-23 12:40:00
15.33128662,-19.0456075,LA12,2010-04-23,01:00:52 PM,13:00:00,Hot-Wet,2010-04-23 13:00:00
15.32787984,-19.04888306,LA12,2010-04-23,01:20:52 PM,13:20:00,Hot-Wet,2010-04-23 13:20:00
15.32369893,-19.04842936,LA12,2010-04-23,01:40:52 PM,13:40:00,Hot-Wet,2010-04-23 13:40:00
15.32748922,-19.04424032,LA12,2010-04-23,02:00:52 PM,14:00:00,Hot-Wet,2010-04-23 14:00:00
15.32682495,-19.03854167,LA12,2010-04-23,02:20:52 PM,14:20:00,Hot-Wet,2010-04-23 14:20:00
15.31908976,-19.03217977,LA12,2010-04-23,02:40:52 PM,14:40:00,Hot-Wet,2010-04-23 14:40:00
15.31619568,-19.0235026,LA12,2010-04-23,03:00:52 PM,15:00:00,Hot-Wet,2010-04-23 15:00:00
15.3216685,-19.01864421,LA12,2010-04-23,03:20:52 PM,15:20:00,Hot-Wet,2010-04-23 15:20:00
15.32283529,-19.01889852,LA12,2010-04-23,03:40:52 PM,15:40:00,Hot-Wet,2010-04-23 15:40:00
15.3253245,-19.02216797,LA12,2010-04-23,04:00:52 PM,16:00:00,Hot-Wet,2010-04-23 16:00:00
15.3249644,-19.02773031,LA12,2010-04-23,04:20:52 PM,16:20:00,Hot-Wet,2010-04-23 16:20:00
15.32902323,-19.03403931,LA12,2010-04-23,04:40:52 PM,16:40:00,Hot-Wet,2010-04-23 16:40:00
15.32453206,-19.04017334,LA12,2010-04-23,05:00:52 PM,17:00:00,Hot-Wet,2010-04-23 17:00:00
15.32148539,-19.04112549,LA12,2010-04-23,05:20:52 PM,17:20:00,Hot-Wet,2010-04-23 17:20:00
15.32215474,-19.04249064,LA12,2010-04-23,05:40:52 PM,17:40:00,Hot-Wet,2010-04-23 17:40:00
15.3249644,-19.0443929,LA12,2010-04-23,06:00:52 PM,18:00:00,Hot-Wet,2010-04-23 18:00:00
15.32822469,-19.04542643,LA12,2010-04-23,06:20:52 PM,18:20:00,Hot-Wet,2010-04-23 18:20:00
15.3286143,-19.04462484,LA12,2010-04-23,06:40:52 PM,18:40:00,Hot-Wet,2010-04-23 18:40:00
15.32892354,-19.04474284,LA12,2010-04-23,07:00:52 PM,19:00:00,Hot-Wet,2010-04-23 19:00:00
15.33051249,-19.04522502,LA12,2010-04-23,07:20:52 PM,19:20:00,Hot-Wet,2010-04-23 19:20:00
15.32938232,-19.04850464,LA12,2010-04-23,07:40:52 PM,19:40:00,Hot-Wet,2010-04-23 19:40:00
15.33036296,-19.05008748,LA12,2010-04-23,08:00:52 PM,20:00:00,Hot-Wet,2010-04-23 20:00:00
15.33152364,-19.05145467,LA12,2010-04-23,08:20:52 PM,20:20:00,Hot-Wet,2010-04-23 20:20:00
15.32981669,-19.05135091,LA12,2010-04-23,08:40:52 PM,20:40:00,Hot-Wet,2010-04-23 20:40:00
15.33308919,-19.05005697,LA12,2010-04-23,09:00:52 PM,21:00:00,Hot-Wet,2010-04-23 21:00:00
15.33418884,-19.04884847,LA12,2010-04-23,09:20:52 PM,21:20:00,Hot-Wet,2010-04-23 21:20:00
15.34016622,-19.05090739,LA12,2010-04-23,09:40:52 PM,21:40:00,Hot-Wet,2010-04-23 21:40:00
15.33837179,-19.04842529,LA12,2010-04-23,10:00:52 PM,22:00:00,Hot-Wet,2010-04-23 22:00:00
15.33649699,-19.04724121,LA12,2010-04-23,10:20:52 PM,22:20:00,Hot-Wet,2010-04-23 22:20:00
15.33658752,-19.04689941,LA12,2010-04-23,10:40:52 PM,22:40:00,Hot-Wet,2010-04-23 22:40:00
15.33846944,-19.04586385,LA12,2010-04-23,11:00:52 PM,23:00:00,Hot-Wet,2010-04-23 23:00:00
15.33991191,-19.04626261,LA12,2010-04-23,11:20:52 PM,23:20:00,Hot-Wet,2010-04-23 23:20:00
15.34216817,-19.04902954,LA12,2010-04-23,11:40:52 PM,23:40:00,Hot-Wet,2010-04-23 23:40:00
15.34217631,-19.04903768,LA12,2010-04-24,12:00:52 AM,00:00:00,Hot-Wet,2010-04-24 00:00:00
15.34212748,-19.04904785,LA12,2010-04-24,12:20:53 AM,00:20:00,Hot-Wet,2010-04-24 00:20:00
15.34676208,-19.0543457,LA12,2010-04-24,12:40:52 AM,00:40:00,Hot-Wet,2010-04-24 00:40:00
15.35045573,-19.05628866,LA12,2010-04-24,01:00:52 AM,01:00:00,Hot-Wet,2010-04-24 01:00:00
15.35165304,-19.06042074,LA12,2010-04-24,01:20:52 AM,01:20:00,Hot-Wet,2010-04-24 01:20:00
15.35150859,-19.06119385,LA12,2010-04-24,01:40:52 AM,01:40:00,Hot-Wet,2010-04-24 01:40:00
15.34650167,-19.06252035,LA12,2010-04-24,02:00:52 AM,02:00:00,Hot-Wet,2010-04-24 02:00:00
15.34496867,-19.06298014,LA12,2010-04-24,02:20:52 AM,02:20:00,Hot-Wet,2010-04-24 02:20:00
15.34499003,-19.06298625,LA12,2010-04-24,02:40:52 AM,02:40:00,Hot-Wet,2010-04-24 02:40:00
15.34298604,-19.06626587,LA12,2010-04-24,03:00:52 AM,03:00:00,Hot-Wet,2010-04-24 03:00:00
15.34097392,-19.06864014,LA12,2010-04-24,03:20:52 AM,03:20:00,Hot-Wet,2010-04-24 03:20:00
15.34100647,-19.06858521,LA12,2010-04-24,03:40:52 AM,03:40:00,Hot-Wet,2010-04-24 03:40:00
15.34099121,-19.06860352,LA12,2010-04-24,04:00:52 AM,04:00:00,Hot-Wet,2010-04-24 04:00:00
15.3403595,-19.06934814,LA12,2010-04-24,04:20:52 AM,04:20:00,Hot-Wet,2010-04-24 04:20:00
15.34037781,-19.0734436,LA12,2010-04-24,04:40:52 AM,04:40:00,Hot-Wet,2010-04-24 04:40:00
15.34120076,-19.07722168,LA12,2010-04-24,05:00:52 AM,05:00:00,Hot-Wet,2010-04-24 05:00:00
15.34745382,-19.08078003,LA12,2010-04-24,05:20:52 AM,05:20:00,Hot-Wet,2010-04-24 05:20:00
15.35045573,-19.08107707,LA12,2010-04-24,05:40:52 AM,05:40:00,Hot-Wet,2010-04-24 05:40:00
15.35061239,-19.08070475,LA12,2010-04-24,06:00:52 AM,06:00:00,Hot-Wet,2010-04-24 06:00:00
15.35190735,-19.0794515,LA12,2010-04-24,06:20:52 AM,06:20:00,Hot-Wet,2010-04-24 06:20:00
15.35190633,-19.08018392,LA12,2010-04-24,06:40:52 AM,06:40:00,Hot-Wet,2010-04-24 06:40:00
15.35298564,-19.07958984,LA12,2010-04-24,07:00:52 AM,07:00:00,Hot-Wet,2010-04-24 07:00:00
15.35329488,-19.07912598,LA12,2010-04-24,07:20:52 AM,07:20:00,Hot-Wet,2010-04-24 07:20:00
15.35243429,-19.077948,LA12,2010-04-24,07:40:52 AM,07:40:00,Hot-Wet,2010-04-24 07:40:00
15.35072123,-19.07707316,LA12,2010-04-24,08:00:52 AM,08:00:00,Hot-Wet,2010-04-24 08:00:00
15.34507751,-19.07899373,LA12,2010-04-24,08:20:52 AM,08:20:00,Hot-Wet,2010-04-24 08:20:00
15.3331075,-19.07967122,LA12,2010-04-24,08:40:52 AM,08:40:00,Hot-Wet,2010-04-24 08:40:00
15.33791097,-19.08064575,LA12,2010-04-24,09:00:52 AM,09:00:00,Hot-Wet,2010-04-24 09:00:00
15.3395579,-19.07924805,LA12,2010-04-24,09:20:52 AM,09:20:00,Hot-Wet,2010-04-24 09:20:00
15.32574463,-19.07517293,LA12,2010-04-24,09:40:52 AM,09:40:00,Hot-Wet,2010-04-24 09:40:00
15.31731364,-19.06431681,LA12,2010-04-24,10:00:52 AM,10:00:00,Hot-Wet,2010-04-24 10:00:00
15.31172689,-19.05174561,LA12,2010-04-24,10:20:52 AM,10:20:00,Hot-Wet,2010-04-24 10:20:00
15.30554911,-19.03921305,LA12,2010-04-24,10:40:52 AM,10:40:00,Hot-Wet,2010-04-24 10:40:00
15.30543518,-19.02946981,LA12,2010-04-24,11:00:52 AM,11:00:00,Hot-Wet,2010-04-24 11:00:00
15.30435486,-19.03074951,LA12,2010-04-24,11:20:52 AM,11:20:00,Hot-Wet,2010-04-24 11:20:00
15.29763387,-19.02662964,LA12,2010-04-24,11:40:52 AM,11:40:00,Hot-Wet,2010-04-24 11:40:00
15.30842997,-19.01999715,LA12,2010-04-24,12:00:52 PM,12:00:00,Hot-Wet,2010-04-24 12:00:00
15.31659037,-19.02015991,LA12,2010-04-24,12:20:53 PM,12:20:00,Hot-Wet,2010-04-24 12:20:00
15.31717936,-19.0148234,LA12,2010-04-24,12:40:52 PM,12:40:00,Hot-Wet,2010-04-24 12:40:00
15.31188456,-19.01451213,LA12,2010-04-24,01:00:52 PM,13:00:00,Hot-Wet,2010-04-24 13:00:00
15.30944926,-19.00967407,LA12,2010-04-24,01:20:52 PM,13:20:00,Hot-Wet,2010-04-24 13:20:00
15.30527649,-19.01133016,LA12,2010-04-24,01:40:52 PM,13:40:00,Hot-Wet,2010-04-24 13:40:00
15.3053477,-19.01159668,LA12,2010-04-24,02:00:52 PM,14:00:00,Hot-Wet,2010-04-24 14:00:00
15.30526835,-19.0116923,LA12,2010-04-24,02:20:52 PM,14:20:00,Hot-Wet,2010-04-24 14:20:00
15.30522461,-19.01156616,LA12,2010-04-24,02:40:52 PM,14:40:00,Hot-Wet,2010-04-24 14:40:00
15.31113485,-19.00827637,LA12,2010-04-24,03:00:52 PM,15:00:00,Hot-Wet,2010-04-24 15:00:00
15.31334432,-19.00154419,LA12,2010-04-24,03:20:52 PM,15:20:00,Hot-Wet,2010-04-24 15:20:00
15.30860087,-18.9987264,LA12,2010-04-24,03:40:52 PM,15:40:00,Hot-Wet,2010-04-24 15:40:00
15.30812887,-18.99683838,LA12,2010-04-24,04:00:52 PM,16:00:00,Hot-Wet,2010-04-24 16:00:00
15.30938009,-18.99300741,LA12,2010-04-24,04:20:52 PM,16:20:00,Hot-Wet,2010-04-24 16:20:00
15.30999247,-18.99095052,LA12,2010-04-24,04:40:52 PM,16:40:00,Hot-Wet,2010-04-24 16:40:00
15.31274007,-18.98864136,LA12,2010-04-24,05:00:52 PM,17:00:00,Hot-Wet,2010-04-24 17:00:00
15.3169576,-18.98693034,LA12,2010-04-24,05:20:52 PM,17:20:00,Hot-Wet,2010-04-24 17:20:00
15.3170461,-18.98515015,LA12,2010-04-24,05:40:52 PM,17:40:00,Hot-Wet,2010-04-24 17:40:00
15.32327271,-18.97907308,LA12,2010-04-24,06:00:52 PM,18:00:00,Hot-Wet,2010-04-24 18:00:00
15.32473043,-18.97845256,LA12,2010-04-24,06:20:52 PM,18:20:00,Hot-Wet,2010-04-24 18:20:00
15.32652181,-18.97374674,LA12,2010-04-24,06:40:52 PM,18:40:00,Hot-Wet,2010-04-24 18:40:00
15.32818604,-18.96896362,LA12,2010-04-24,07:00:52 PM,19:00:00,Hot-Wet,2010-04-24 19:00:00
15.31968384,-18.97332967,LA12,2010-04-24,07:20:52 PM,19:20:00,Hot-Wet,2010-04-24 19:20:00
15.30976766,-18.9759847,LA12,2010-04-24,07:40:52 PM,19:40:00,Hot-Wet,2010-04-24 19:40:00
15.30126444,-18.97992757,LA12,2010-04-24,08:00:52 PM,20:00:00,Hot-Wet,2010-04-24 20:00:00
15.29200439,-18.98258057,LA12,2010-04-24,08:20:52 PM,20:20:00,Hot-Wet,2010-04-24 20:20:00
15.28829651,-18.98385213,LA12,2010-04-24,08:40:52 PM,20:40:00,Hot-Wet,2010-04-24 20:40:00
15.2815328,-18.98504435,LA12,2010-04-24,09:00:52 PM,21:00:00,Hot-Wet,2010-04-24 21:00:00
15.273408,-18.98698527,LA12,2010-04-24,09:20:52 PM,21:20:00,Hot-Wet,2010-04-24 21:20:00
15.25943095,-18.98810628,LA12,2010-04-24,09:40:52 PM,21:40:00,Hot-Wet,2010-04-24 21:40:00
15.25778707,-18.99569906,LA12,2010-04-24,10:00:52 PM,22:00:00,Hot-Wet,2010-04-24 22:00:00
15.25700684,-19.00285441,LA12,2010-04-24,10:20:52 PM,22:20:00,Hot-Wet,2010-04-24 22:20:00
15.25512899,-19.00760295,LA12,2010-04-24,10:40:52 PM,22:40:00,Hot-Wet,2010-04-24 22:40:00
15.25540466,-19.01308187,LA12,2010-04-24,11:00:52 PM,23:00:00,Hot-Wet,2010-04-24 23:00:00
15.25534566,-19.02068278,LA12,2010-04-24,11:20:52 PM,23:20:00,Hot-Wet,2010-04-24 23:20:00
15.25338033,-19.02438761,LA12,2010-04-24,11:40:52 PM,23:40:00,Hot-Wet,2010-04-24 23:40:00
15.25335897,-19.02469279,LA12,2010-04-25,12:00:52 AM,00:00:00,Hot-Wet,2010-04-25 00:00:00
15.2528951,-19.0250529,LA12,2010-04-25,12:20:53 AM,00:20:00,Hot-Wet,2010-04-25 00:20:00
15.25312703,-19.02537638,LA12,2010-04-25,12:41:02 AM,00:41:00,Hot-Wet,2010-04-25 00:41:00
15.2522349,-19.02602539,LA12,2010-04-25,01:00:52 AM,01:00:00,Hot-Wet,2010-04-25 01:00:00
15.24833984,-19.03319295,LA12,2010-04-25,01:20:52 AM,01:20:00,Hot-Wet,2010-04-25 01:20:00
15.24455465,-19.04038493,LA12,2010-04-25,01:40:52 AM,01:40:00,Hot-Wet,2010-04-25 01:40:00
15.23295898,-19.04598999,LA12,2010-04-25,02:00:52 AM,02:00:00,Hot-Wet,2010-04-25 02:00:00
15.22108053,-19.04881592,LA12,2010-04-25,02:20:52 AM,02:20:00,Hot-Wet,2010-04-25 02:20:00
15.21800435,-19.05400798,LA12,2010-04-25,02:40:52 AM,02:40:00,Hot-Wet,2010-04-25 02:40:00
15.21744283,-19.0545166,LA12,2010-04-25,03:00:52 AM,03:00:00,Hot-Wet,2010-04-25 03:00:00
15.21745809,-19.0545166,LA12,2010-04-25,03:20:52 AM,03:20:00,Hot-Wet,2010-04-25 03:20:00
15.21575928,-19.05414836,LA12,2010-04-25,03:40:52 AM,03:40:00,Hot-Wet,2010-04-25 03:40:00
15.21083374,-19.05475667,LA12,2010-04-25,04:00:52 AM,04:00:00,Hot-Wet,2010-04-25 04:00:00
15.20873515,-19.05866292,LA12,2010-04-25,04:20:52 AM,04:20:00,Hot-Wet,2010-04-25 04:20:00
15.20835164,-19.05939941,LA12,2010-04-25,04:40:52 AM,04:40:00,Hot-Wet,2010-04-25 04:40:00
15.20632833,-19.06072591,LA12,2010-04-25,05:00:52 AM,05:00:00,Hot-Wet,2010-04-25 05:00:00
15.20632222,-19.06069946,LA12,2010-04-25,05:20:52 AM,05:20:00,Hot-Wet,2010-04-25 05:20:00
15.20621236,-19.06208293,LA12,2010-04-25,05:40:52 AM,05:40:00,Hot-Wet,2010-04-25 05:40:00
15.20149841,-19.068691,LA12,2010-04-25,06:00:52 AM,06:00:00,Hot-Wet,2010-04-25 06:00:00
15.1985616,-19.07721151,LA12,2010-04-25,06:20:52 AM,06:20:00,Hot-Wet,2010-04-25 06:20:00
15.19356283,-19.08521118,LA12,2010-04-25,06:40:52 AM,06:40:00,Hot-Wet,2010-04-25 06:40:00
15.1853536,-19.09090576,LA12,2010-04-25,07:00:52 AM,07:00:00,Hot-Wet,2010-04-25 07:00:00
15.17677409,-19.09568685,LA12,2010-04-25,07:20:52 AM,07:20:00,Hot-Wet,2010-04-25 07:20:00
15.17196655,-19.10226237,LA12,2010-04-25,07:40:52 AM,07:40:00,Hot-Wet,2010-04-25 07:40:00
15.1628123,-19.10821737,LA12,2010-04-25,08:00:52 AM,08:00:00,Hot-Wet,2010-04-25 08:00:00
15.15865173,-19.11507975,LA12,2010-04-25,08:20:53 AM,08:20:00,Hot-Wet,2010-04-25 08:20:00
15.15294189,-19.11981812,LA12,2010-04-25,08:40:52 AM,08:40:00,Hot-Wet,2010-04-25 08:40:00
15.14441935,-19.12731323,LA12,2010-04-25,09:00:52 AM,09:00:00,Hot-Wet,2010-04-25 09:00:00
15.14029948,-19.1305603,LA12,2010-04-25,09:20:52 AM,09:20:00,Hot-Wet,2010-04-25 09:20:00
15.13745931,-19.13331909,LA12,2010-04-25,09:40:52 AM,09:40:00,Hot-Wet,2010-04-25 09:40:00
15.13256836,-19.13459676,LA12,2010-04-25,10:00:52 AM,10:00:00,Hot-Wet,2010-04-25 10:00:00
15.13245951,-19.13499756,LA12,2010-04-25,10:20:52 AM,10:20:00,Hot-Wet,2010-04-25 10:20:00
15.13247884,-19.13497111,LA12,2010-04-25,10:40:52 AM,10:40:00,Hot-Wet,2010-04-25 10:40:00
15.13097738,-19.13462524,LA12,2010-04-25,11:00:52 AM,11:00:00,Hot-Wet,2010-04-25 11:00:00
15.13103434,-19.13460286,LA12,2010-04-25,11:20:52 AM,11:20:00,Hot-Wet,2010-04-25 11:20:00
15.12856038,-19.1369222,LA12,2010-04-25,11:40:52 AM,11:40:00,Hot-Wet,2010-04-25 11:40:00
15.12920125,-19.14190674,LA12,2010-04-25,12:00:52 PM,12:00:00,Hot-Wet,2010-04-25 12:00:00
15.12654419,-19.14473267,LA12,2010-04-25,12:20:53 PM,12:20:00,Hot-Wet,2010-04-25 12:20:00
15.12195638,-19.14542033,LA12,2010-04-25,12:40:52 PM,12:40:00,Hot-Wet,2010-04-25 12:40:00
15.12064819,-19.14515991,LA12,2010-04-25,01:00:52 PM,13:00:00,Hot-Wet,2010-04-25 13:00:00
15.120165,-19.14516602,LA12,2010-04-25,01:20:52 PM,13:20:00,Hot-Wet,2010-04-25 13:20:00
15.11826375,-19.14576823,LA12,2010-04-25,01:40:52 PM,13:40:00,Hot-Wet,2010-04-25 13:40:00
15.11813253,-19.14546305,LA12,2010-04-25,02:00:52 PM,14:00:00,Hot-Wet,2010-04-25 14:00:00
15.11803284,-19.14469401,LA12,2010-04-25,02:20:52 PM,14:20:00,Hot-Wet,2010-04-25 14:20:00
15.11626282,-19.14480387,LA12,2010-04-25,02:40:52 PM,14:40:00,Hot-Wet,2010-04-25 14:40:00
15.1138916,-19.14871623,LA12,2010-04-25,03:00:52 PM,15:00:00,Hot-Wet,2010-04-25 15:00:00
15.1133311,-19.15004679,LA12,2010-04-25,03:20:52 PM,15:20:00,Hot-Wet,2010-04-25 15:20:00
15.11342163,-19.15071004,LA12,2010-04-25,03:40:52 PM,15:40:00,Hot-Wet,2010-04-25 15:40:00
15.11305135,-19.15278117,LA12,2010-04-25,04:00:52 PM,16:00:00,Hot-Wet,2010-04-25 16:00:00
15.11376953,-19.15639445,LA12,2010-04-25,04:20:52 PM,16:20:00,Hot-Wet,2010-04-25 16:20:00
15.11346944,-19.15690511,LA12,2010-04-25,04:40:52 PM,16:40:00,Hot-Wet,2010-04-25 16:40:00
15.11342061,-19.15751343,LA12,2010-04-25,05:00:52 PM,17:00:00,Hot-Wet,2010-04-25 17:00:00
15.10881246,-19.15802816,LA12,2010-04-25,05:20:52 PM,17:20:00,Hot-Wet,2010-04-25 17:20:00
15.10436198,-19.15727946,LA12,2010-04-25,05:40:52 PM,17:40:00,Hot-Wet,2010-04-25 17:40:00
15.099705,-19.15559082,LA12,2010-04-25,06:00:52 PM,18:00:00,Hot-Wet,2010-04-25 18:00:00
15.09891052,-19.15523885,LA12,2010-04-25,06:20:52 PM,18:20:00,Hot-Wet,2010-04-25 18:20:00
15.09823303,-19.15397949,LA12,2010-04-25,06:40:52 PM,18:40:00,Hot-Wet,2010-04-25 18:40:00
15.09771016,-19.15298258,LA12,2010-04-25,07:00:52 PM,19:00:00,Hot-Wet,2010-04-25 19:00:00
15.09560547,-19.15064494,LA12,2010-04-25,07:20:52 PM,19:20:00,Hot-Wet,2010-04-25 19:20:00
15.09496358,-19.15060018,LA12,2010-04-25,07:40:52 PM,19:40:00,Hot-Wet,2010-04-25 19:40:00
15.09429321,-19.15049032,LA12,2010-04-25,08:00:52 PM,20:00:00,Hot-Wet,2010-04-25 20:00:00
15.09389445,-19.14975993,LA12,2010-04-25,08:20:52 PM,20:20:00,Hot-Wet,2010-04-25 20:20:00
15.09312439,-19.14759725,LA12,2010-04-25,08:40:52 PM,20:40:00,Hot-Wet,2010-04-25 20:40:00
15.09164327,-19.14480387,LA12,2010-04-25,09:00:52 PM,21:00:00,Hot-Wet,2010-04-25 21:00:00
15.09046326,-19.14528605,LA12,2010-04-25,09:20:52 PM,21:20:00,Hot-Wet,2010-04-25 21:20:00
15.08759155,-19.14667358,LA12,2010-04-25,09:40:52 PM,21:40:00,Hot-Wet,2010-04-25 21:40:00
15.08662618,-19.14725342,LA12,2010-04-25,10:00:52 PM,22:00:00,Hot-Wet,2010-04-25 22:00:00
15.08525187,-19.14837036,LA12,2010-04-25,10:20:53 PM,22:20:00,Hot-Wet,2010-04-25 22:20:00
15.08527222,-19.14835815,LA12,2010-04-25,10:40:52 PM,22:40:00,Hot-Wet,2010-04-25 22:40:00
15.08525289,-19.14832153,LA12,2010-04-25,11:00:52 PM,23:00:00,Hot-Wet,2010-04-25 23:00:00
15.08312581,-19.14836833,LA12,2010-04-25,11:20:52 PM,23:20:00,Hot-Wet,2010-04-25 23:20:00
15.08048808,-19.14605306,LA12,2010-04-25,11:40:52 PM,23:40:00,Hot-Wet,2010-04-25 23:40:00
15.07950745,-19.14567668,LA12,2010-04-26,12:00:52 AM,00:00:00,Hot-Wet,2010-04-26 00:00:00
15.07950541,-19.14578044,LA12,2010-04-26,12:20:53 AM,00:20:00,Hot-Wet,2010-04-26 00:20:00
15.07949422,-19.14579061,LA12,2010-04-26,12:40:52 AM,00:40:00,Hot-Wet,2010-04-26 00:40:00
15.0794932,-19.14576009,LA12,2010-04-26,01:00:52 AM,01:00:00,Hot-Wet,2010-04-26 01:00:00
15.07946472,-19.14578044,LA12,2010-04-26,01:20:52 AM,01:20:00,Hot-Wet,2010-04-26 01:20:00
15.07948914,-19.14576416,LA12,2010-04-26,01:40:52 AM,01:40:00,Hot-Wet,2010-04-26 01:40:00
15.07946269,-19.14576213,LA12,2010-04-26,02:00:52 AM,02:00:00,Hot-Wet,2010-04-26 02:00:00
15.07947388,-19.14578247,LA12,2010-04-26,02:20:52 AM,02:20:00,Hot-Wet,2010-04-26 02:20:00
15.07946167,-19.14578247,LA12,2010-04-26,02:40:52 AM,02:40:00,Hot-Wet,2010-04-26 02:40:00
15.0794576,-19.14579875,LA12,2010-04-26,03:00:52 AM,03:00:00,Hot-Wet,2010-04-26 03:00:00
15.07947286,-19.14578247,LA12,2010-04-26,03:20:52 AM,03:20:00,Hot-Wet,2010-04-26 03:20:00
15.07954,-19.14576823,LA12,2010-04-26,03:40:52 AM,03:40:00,Hot-Wet,2010-04-26 03:40:00
15.07950948,-19.14575806,LA12,2010-04-26,04:00:52 AM,04:00:00,Hot-Wet,2010-04-26 04:00:00
15.07947489,-19.14581095,LA12,2010-04-26,04:20:52 AM,04:20:00,Hot-Wet,2010-04-26 04:20:00
15.07946472,-19.14581095,LA12,2010-04-26,04:40:52 AM,04:40:00,Hot-Wet,2010-04-26 04:40:00
15.07866007,-19.14487305,LA12,2010-04-26,05:00:52 AM,05:00:00,Hot-Wet,2010-04-26 05:00:00
15.07644145,-19.14097697,LA12,2010-04-26,05:20:52 AM,05:20:00,Hot-Wet,2010-04-26 05:20:00
15.07402547,-19.14072673,LA12,2010-04-26,05:40:52 AM,05:40:00,Hot-Wet,2010-04-26 05:40:00
15.0701416,-19.14040527,LA12,2010-04-26,06:00:52 AM,06:00:00,Hot-Wet,2010-04-26 06:00:00
15.06532898,-19.13793945,LA12,2010-04-26,06:20:52 AM,06:20:00,Hot-Wet,2010-04-26 06:20:00
15.05967712,-19.1314799,LA12,2010-04-26,06:40:52 AM,06:40:00,Hot-Wet,2010-04-26 06:40:00
15.05111491,-19.13115234,LA12,2010-04-26,07:00:52 AM,07:00:00,Hot-Wet,2010-04-26 07:00:00
15.04331258,-19.1270813,LA12,2010-04-26,07:20:52 AM,07:20:00,Hot-Wet,2010-04-26 07:20:00
15.03395894,-19.12891439,LA12,2010-04-26,07:40:52 AM,07:40:00,Hot-Wet,2010-04-26 07:40:00
15.02379761,-19.12866007,LA12,2010-04-26,08:00:52 AM,08:00:00,Hot-Wet,2010-04-26 08:00:00
15.01891479,-19.13117879,LA12,2010-04-26,08:20:52 AM,08:20:00,Hot-Wet,2010-04-26 08:20:00
15.01732178,-19.12871908,LA12,2010-04-26,08:40:52 AM,08:40:00,Hot-Wet,2010-04-26 08:40:00
15.01545715,-19.12749227,LA12,2010-04-26,09:00:52 AM,09:00:00,Hot-Wet,2010-04-26 09:00:00
15.01362305,-19.12767537,LA12,2010-04-26,09:20:52 AM,09:20:00,Hot-Wet,2010-04-26 09:20:00
15.01170553,-19.12928467,LA12,2010-04-26,09:40:52 AM,09:40:00,Hot-Wet,2010-04-26 09:40:00
15.01124471,-19.12920736,LA12,2010-04-26,10:00:52 AM,10:00:00,Hot-Wet,2010-04-26 10:00:00
15.01080119,-19.12997843,LA12,2010-04-26,10:20:52 AM,10:20:00,Hot-Wet,2010-04-26 10:20:00
15.01077576,-19.1299703,LA12,2010-04-26,10:40:52 AM,10:40:00,Hot-Wet,2010-04-26 10:40:00
15.01080322,-19.12999471,LA12,2010-04-26,11:00:52 AM,11:00:00,Hot-Wet,2010-04-26 11:00:00
15.01090393,-19.13003337,LA12,2010-04-26,11:20:52 AM,11:20:00,Hot-Wet,2010-04-26 11:20:00
15.01111348,-19.12993774,LA12,2010-04-26,11:40:52 AM,11:40:00,Hot-Wet,2010-04-26 11:40:00
15.01133626,-19.12986247,LA12,2010-04-26,12:00:52 PM,12:00:00,Hot-Wet,2010-04-26 12:00:00
15.01293335,-19.13004557,LA12,2010-04-26,12:20:53 PM,12:20:00,Hot-Wet,2010-04-26 12:20:00
15.01401774,-19.1305481,LA12,2010-04-26,12:40:52 PM,12:40:00,Hot-Wet,2010-04-26 12:40:00
15.01566569,-19.13233643,LA12,2010-04-26,01:00:52 PM,13:00:00,Hot-Wet,2010-04-26 13:00:00
15.01348877,-19.134493,LA12,2010-04-26,01:20:52 PM,13:20:00,Hot-Wet,2010-04-26 13:20:00
15.0136556,-19.13644206,LA12,2010-04-26,01:40:52 PM,13:40:00,Hot-Wet,2010-04-26 13:40:00
15.01234029,-19.1382609,LA12,2010-04-26,02:00:52 PM,14:00:00,Hot-Wet,2010-04-26 14:00:00
15.0099528,-19.14269002,LA12,2010-04-26,02:20:52 PM,14:20:00,Hot-Wet,2010-04-26 14:20:00
15.00886536,-19.14378052,LA12,2010-04-26,02:40:52 PM,14:40:00,Hot-Wet,2010-04-26 14:40:00
15.00783895,-19.14448039,LA12,2010-04-26,03:00:52 PM,15:00:00,Hot-Wet,2010-04-26 15:00:00
15.00723267,-19.14605916,LA12,2010-04-26,03:20:52 PM,15:20:00,Hot-Wet,2010-04-26 15:20:00
15.00693563,-19.14928589,LA12,2010-04-26,03:40:52 PM,15:40:00,Hot-Wet,2010-04-26 15:40:00
15.00759888,-19.15124512,LA12,2010-04-26,04:00:52 PM,16:00:00,Hot-Wet,2010-04-26 16:00:00
15.00838725,-19.15302327,LA12,2010-04-26,04:20:52 PM,16:20:00,Hot-Wet,2010-04-26 16:20:00
15.00832113,-19.15446574,LA12,2010-04-26,04:40:52 PM,16:40:00,Hot-Wet,2010-04-26 16:40:00
15.00894674,-19.15558472,LA12,2010-04-26,05:00:52 PM,17:00:00,Hot-Wet,2010-04-26 17:00:00
15.01010742,-19.15708211,LA12,2010-04-26,05:20:52 PM,17:20:00,Hot-Wet,2010-04-26 17:20:00
15.00951029,-19.15869954,LA12,2010-04-26,05:40:52 PM,17:40:00,Hot-Wet,2010-04-26 17:40:00
15.00963643,-19.16300456,LA12,2010-04-26,06:00:52 PM,18:00:00,Hot-Wet,2010-04-26 18:00:00
15.00972799,-19.16335653,LA12,2010-04-26,06:20:52 PM,18:20:00,Hot-Wet,2010-04-26 18:20:00
15.01150513,-19.16777344,LA12,2010-04-26,06:40:53 PM,18:40:00,Hot-Wet,2010-04-26 18:40:00
15.01091817,-19.17197266,LA12,2010-04-26,07:00:52 PM,19:00:00,Hot-Wet,2010-04-26 19:00:00
15.01102295,-19.17329305,LA12,2010-04-26,07:20:52 PM,19:20:00,Hot-Wet,2010-04-26 19:20:00
15.00919088,-19.1768453,LA12,2010-04-26,07:40:52 PM,19:40:00,Hot-Wet,2010-04-26 19:40:00
15.00696818,-19.17902629,LA12,2010-04-26,08:00:52 PM,20:00:00,Hot-Wet,2010-04-26 20:00:00
15.00760701,-19.17940063,LA12,2010-04-26,08:20:52 PM,20:20:00,Hot-Wet,2010-04-26 20:20:00
15.01021322,-19.17858276,LA12,2010-04-26,08:40:52 PM,20:40:00,Hot-Wet,2010-04-26 20:40:00
15.01100362,-19.17870483,LA12,2010-04-26,09:00:52 PM,21:00:00,Hot-Wet,2010-04-26 21:00:00
15.01022746,-19.17882894,LA12,2010-04-26,09:20:52 PM,21:20:00,Hot-Wet,2010-04-26 21:20:00
15.00990295,-19.1787089,LA12,2010-04-26,09:40:52 PM,21:40:00,Hot-Wet,2010-04-26 21:40:00
15.00948486,-19.18053182,LA12,2010-04-26,10:00:52 PM,22:00:00,Hot-Wet,2010-04-26 22:00:00
15.01047668,-19.18186442,LA12,2010-04-26,10:20:52 PM,22:20:00,Hot-Wet,2010-04-26 22:20:00
15.0109731,-19.18238118,LA12,2010-04-26,10:40:52 PM,22:40:00,Hot-Wet,2010-04-26 22:40:00
15.01086426,-19.18232625,LA12,2010-04-26,11:00:52 PM,23:00:00,Hot-Wet,2010-04-26 23:00:00
15.0104126,-19.18263143,LA12,2010-04-26,11:20:52 PM,23:20:00,Hot-Wet,2010-04-26 23:20:00
15.01016947,-19.18429769,LA12,2010-04-26,11:40:52 PM,23:40:00,Hot-Wet,2010-04-26 23:40:00
15.00949097,-19.18431396,LA12,2010-04-27,12:00:52 AM,00:00:00,Hot-Wet,2010-04-27 00:00:00
15.00741781,-19.18583577,LA12,2010-04-27,12:20:52 AM,00:20:00,Hot-Wet,2010-04-27 00:20:00
15.00579427,-19.18672282,LA12,2010-04-27,12:40:52 AM,00:40:00,Hot-Wet,2010-04-27 00:40:00
15.00528971,-19.18819377,LA12,2010-04-27,01:00:52 AM,01:00:00,Hot-Wet,2010-04-27 01:00:00
15.00472717,-19.18932902,LA12,2010-04-27,01:20:52 AM,01:20:00,Hot-Wet,2010-04-27 01:20:00
15.00461934,-19.18933716,LA12,2010-04-27,01:40:52 AM,01:40:00,Hot-Wet,2010-04-27 01:40:00
15.0046346,-19.18933716,LA12,2010-04-27,02:00:52 AM,02:00:00,Hot-Wet,2010-04-27 02:00:00
15.00462341,-19.18931681,LA12,2010-04-27,02:20:52 AM,02:20:00,Hot-Wet,2010-04-27 02:20:00
15.00463155,-19.1893514,LA12,2010-04-27,02:40:52 AM,02:40:00,Hot-Wet,2010-04-27 02:40:00
15.00459595,-19.18934326,LA12,2010-04-27,03:00:52 AM,03:00:00,Hot-Wet,2010-04-27 03:00:00
15.00460815,-19.18932699,LA12,2010-04-27,03:20:52 AM,03:20:00,Hot-Wet,2010-04-27 03:20:00
15.00458374,-19.18934123,LA12,2010-04-27,03:40:52 AM,03:40:00,Hot-Wet,2010-04-27 03:40:00
15.00461019,-19.18932495,LA12,2010-04-27,04:00:52 AM,04:00:00,Hot-Wet,2010-04-27 04:00:00
15.00459188,-19.18935343,LA12,2010-04-27,04:20:52 AM,04:20:00,Hot-Wet,2010-04-27 04:20:00
15.00420125,-19.18951009,LA12,2010-04-27,04:40:52 AM,04:40:00,Hot-Wet,2010-04-27 04:40:00
15.00360006,-19.18953654,LA12,2010-04-27,05:00:52 AM,05:00:00,Hot-Wet,2010-04-27 05:00:00
15.00309041,-19.18959961,LA12,2010-04-27,05:20:52 AM,05:20:00,Hot-Wet,2010-04-27 05:20:00
15.00012817,-19.18750814,LA12,2010-04-27,05:40:52 AM,05:40:00,Hot-Wet,2010-04-27 05:40:00
14.99770915,-19.18591309,LA12,2010-04-27,06:00:52 AM,06:00:00,Hot-Wet,2010-04-27 06:00:00
14.99447327,-19.18171183,LA12,2010-04-27,06:20:52 AM,06:20:00,Hot-Wet,2010-04-27 06:20:00
14.99144694,-19.17620443,LA12,2010-04-27,06:40:52 AM,06:40:00,Hot-Wet,2010-04-27 06:40:00
14.99070435,-19.17509969,LA12,2010-04-27,07:00:52 AM,07:00:00,Hot-Wet,2010-04-27 07:00:00
14.98924357,-19.17103475,LA12,2010-04-27,07:20:52 AM,07:20:00,Hot-Wet,2010-04-27 07:20:00
14.9877065,-19.16838175,LA12,2010-04-27,07:40:52 AM,07:40:00,Hot-Wet,2010-04-27 07:40:00
14.98609314,-19.16390584,LA12,2010-04-27,08:00:52 AM,08:00:00,Hot-Wet,2010-04-27 08:00:00
14.98540243,-19.15952352,LA12,2010-04-27,08:20:52 AM,08:20:00,Hot-Wet,2010-04-27 08:20:00
14.9871877,-19.15330607,LA12,2010-04-27,08:40:52 AM,08:40:00,Hot-Wet,2010-04-27 08:40:00
14.98809408,-19.15265096,LA12,2010-04-27,09:00:52 AM,09:00:00,Hot-Wet,2010-04-27 09:00:00
14.98910116,-19.1480896,LA12,2010-04-27,09:20:52 AM,09:20:00,Hot-Wet,2010-04-27 09:20:00
14.99298197,-19.14490153,LA12,2010-04-27,09:40:52 AM,09:40:00,Hot-Wet,2010-04-27 09:40:00
14.99715373,-19.14407349,LA12,2010-04-27,10:00:52 AM,10:00:00,Hot-Wet,2010-04-27 10:00:00
14.99945577,-19.14369507,LA12,2010-04-27,10:20:52 AM,10:20:00,Hot-Wet,2010-04-27 10:20:00
14.99907633,-19.14260864,LA12,2010-04-27,10:40:52 AM,10:40:00,Hot-Wet,2010-04-27 10:40:00
14.99657694,-19.13917847,LA12,2010-04-27,11:00:52 AM,11:00:00,Hot-Wet,2010-04-27 11:00:00
14.99578959,-19.13925171,LA12,2010-04-27,11:20:52 AM,11:20:00,Hot-Wet,2010-04-27 11:20:00
14.99526062,-19.13964844,LA12,2010-04-27,11:40:52 AM,11:40:00,Hot-Wet,2010-04-27 11:40:00
14.99400126,-19.14029541,LA12,2010-04-27,12:00:52 PM,12:00:00,Hot-Wet,2010-04-27 12:00:00
14.99354858,-19.14055176,LA12,2010-04-27,12:20:52 PM,12:20:00,Hot-Wet,2010-04-27 12:20:00
14.99362488,-19.14113973,LA12,2010-04-27,12:40:52 PM,12:40:00,Hot-Wet,2010-04-27 12:40:00
14.99379272,-19.14154256,LA12,2010-04-27,01:00:52 PM,13:00:00,Hot-Wet,2010-04-27 13:00:00
14.99379679,-19.14152832,LA12,2010-04-27,01:20:52 PM,13:20:00,Hot-Wet,2010-04-27 13:20:00
14.99419556,-19.14277751,LA12,2010-04-27,01:40:52 PM,13:40:00,Hot-Wet,2010-04-27 13:40:00
14.99662476,-19.14376831,LA12,2010-04-27,02:00:52 PM,14:00:00,Hot-Wet,2010-04-27 14:00:00
14.9969869,-19.14429728,LA12,2010-04-27,02:20:52 PM,14:20:00,Hot-Wet,2010-04-27 14:20:00
14.99771016,-19.14492798,LA12,2010-04-27,02:40:52 PM,14:40:00,Hot-Wet,2010-04-27 14:40:00
15.00239461,-19.14819539,LA12,2010-04-27,03:00:52 PM,15:00:00,Hot-Wet,2010-04-27 15:00:00
15.00499166,-19.15298462,LA12,2010-04-27,03:20:52 PM,15:20:00,Hot-Wet,2010-04-27 15:20:00
15.00889486,-19.16019287,LA12,2010-04-27,03:40:52 PM,15:40:00,Hot-Wet,2010-04-27 15:40:00
15.01263529,-19.16678874,LA12,2010-04-27,04:00:52 PM,16:00:00,Hot-Wet,2010-04-27 16:00:00
15.01561788,-19.17343953,LA12,2010-04-27,04:20:52 PM,16:20:00,Hot-Wet,2010-04-27 16:20:00
15.01682841,-19.18106486,LA12,2010-04-27,04:40:52 PM,16:40:00,Hot-Wet,2010-04-27 16:40:00
15.01916097,-19.18659261,LA12,2010-04-27,05:00:52 PM,17:00:00,Hot-Wet,2010-04-27 17:00:00
15.02094523,-19.19095662,LA12,2010-04-27,05:20:52 PM,17:20:00,Hot-Wet,2010-04-27 17:20:00
15.02658081,-19.19859416,LA12,2010-04-27,05:40:52 PM,17:40:00,Hot-Wet,2010-04-27 17:40:00
15.02886454,-19.20460205,LA12,2010-04-27,06:00:52 PM,18:00:00,Hot-Wet,2010-04-27 18:00:00
15.02973124,-19.20555216,LA12,2010-04-27,06:20:52 PM,18:20:00,Hot-Wet,2010-04-27 18:20:00
15.0320933,-19.20660197,LA12,2010-04-27,06:40:52 PM,18:40:00,Hot-Wet,2010-04-27 18:40:00
15.03452657,-19.20650228,LA12,2010-04-27,07:00:52 PM,19:00:00,Hot-Wet,2010-04-27 19:00:00
15.03465271,-19.20643107,LA12,2010-04-27,07:20:52 PM,19:20:00,Hot-Wet,2010-04-27 19:20:00
15.03449402,-19.20616048,LA12,2010-04-27,07:40:52 PM,19:40:00,Hot-Wet,2010-04-27 19:40:00
15.03448385,-19.20585734,LA12,2010-04-27,08:00:52 PM,20:00:00,Hot-Wet,2010-04-27 20:00:00
15.03421427,-19.20566203,LA12,2010-04-27,08:20:52 PM,20:20:00,Hot-Wet,2010-04-27 20:20:00
15.03395894,-19.20571289,LA12,2010-04-27,08:40:52 PM,20:40:00,Hot-Wet,2010-04-27 20:40:00
15.0344045,-19.20540568,LA12,2010-04-27,09:00:52 PM,21:00:00,Hot-Wet,2010-04-27 21:00:00
15.03496195,-19.20499268,LA12,2010-04-27,09:20:52 PM,21:20:00,Hot-Wet,2010-04-27 21:20:00
15.03651021,-19.20523275,LA12,2010-04-27,09:40:52 PM,21:40:00,Hot-Wet,2010-04-27 21:40:00
15.03696798,-19.20596517,LA12,2010-04-27,10:00:52 PM,22:00:00,Hot-Wet,2010-04-27 22:00:00
15.03756917,-19.20653483,LA12,2010-04-27,10:20:52 PM,22:20:00,Hot-Wet,2010-04-27 22:20:00
15.03818156,-19.20692139,LA12,2010-04-27,10:40:52 PM,22:40:00,Hot-Wet,2010-04-27 22:40:00
15.03857625,-19.20620728,LA12,2010-04-27,11:00:52 PM,23:00:00,Hot-Wet,2010-04-27 23:00:00
15.0387797,-19.20529582,LA12,2010-04-27,11:20:52 PM,23:20:00,Hot-Wet,2010-04-27 23:20:00
15.03912964,-19.20425212,LA12,2010-04-27,11:40:52 PM,23:40:00,Hot-Wet,2010-04-27 23:40:00
15.03911947,-19.20425212,LA12,2010-04-28,12:00:52 AM,00:00:00,Hot-Wet,2010-04-28 00:00:00
15.03888346,-19.20317586,LA12,2010-04-28,12:20:52 AM,00:20:00,Hot-Wet,2010-04-28 00:20:00
15.03831889,-19.20291138,LA12,2010-04-28,12:40:52 AM,00:40:00,Hot-Wet,2010-04-28 00:40:00
15.0383138,-19.2028951,LA12,2010-04-28,01:00:52 AM,01:00:00,Hot-Wet,2010-04-28 01:00:00
15.03833516,-19.202889,LA12,2010-04-28,01:20:52 AM,01:20:00,Hot-Wet,2010-04-28 01:20:00
15.03831075,-19.20288086,LA12,2010-04-28,01:40:52 AM,01:40:00,Hot-Wet,2010-04-28 01:40:00
15.03831991,-19.20292358,LA12,2010-04-28,02:00:52 AM,02:00:00,Hot-Wet,2010-04-28 02:00:00
15.03830668,-19.20290731,LA12,2010-04-28,02:20:52 AM,02:20:00,Hot-Wet,2010-04-28 02:20:00
15.03831889,-19.20292358,LA12,2010-04-28,02:40:53 AM,02:40:00,Hot-Wet,2010-04-28 02:40:00
15.03831177,-19.20291341,LA12,2010-04-28,03:00:52 AM,03:00:00,Hot-Wet,2010-04-28 03:00:00
15.03830261,-19.20292562,LA12,2010-04-28,03:20:52 AM,03:20:00,Hot-Wet,2010-04-28 03:20:00
15.03830872,-19.20290527,LA12,2010-04-28,03:40:52 AM,03:40:00,Hot-Wet,2010-04-28 03:40:00
15.03828939,-19.20286458,LA12,2010-04-28,04:00:52 AM,04:00:00,Hot-Wet,2010-04-28 04:00:00
15.03820699,-19.20263468,LA12,2010-04-28,04:20:52 AM,04:20:00,Hot-Wet,2010-04-28 04:20:00
15.03809306,-19.20125529,LA12,2010-04-28,04:41:02 AM,04:41:00,Hot-Wet,2010-04-28 04:41:00
15.03631388,-19.19926351,LA12,2010-04-28,05:00:52 AM,05:00:00,Hot-Wet,2010-04-28 05:00:00
15.03689575,-19.19696859,LA12,2010-04-28,05:20:52 AM,05:20:00,Hot-Wet,2010-04-28 05:20:00
15.03631999,-19.1920756,LA12,2010-04-28,05:40:52 AM,05:40:00,Hot-Wet,2010-04-28 05:40:00
15.03542277,-19.18905029,LA12,2010-04-28,06:00:52 AM,06:00:00,Hot-Wet,2010-04-28 06:00:00
15.03531698,-19.18862712,LA12,2010-04-28,06:20:52 AM,06:20:00,Hot-Wet,2010-04-28 06:20:00
15.0352061,-19.18845622,LA12,2010-04-28,06:40:52 AM,06:40:00,Hot-Wet,2010-04-28 06:40:00
15.03522237,-19.18844198,LA12,2010-04-28,07:00:52 AM,07:00:00,Hot-Wet,2010-04-28 07:00:00
15.03525289,-19.18842773,LA12,2010-04-28,07:20:52 AM,07:20:00,Hot-Wet,2010-04-28 07:20:00
15.03495585,-19.18765259,LA12,2010-04-28,07:40:52 AM,07:40:00,Hot-Wet,2010-04-28 07:40:00
15.03478902,-19.18371582,LA12,2010-04-28,08:00:52 AM,08:00:00,Hot-Wet,2010-04-28 08:00:00
15.03712056,-19.17990519,LA12,2010-04-28,08:20:52 AM,08:20:00,Hot-Wet,2010-04-28 08:20:00
15.0350474,-19.17825114,LA12,2010-04-28,08:40:52 AM,08:40:00,Hot-Wet,2010-04-28 08:40:00
15.03269145,-19.17567546,LA12,2010-04-28,09:00:52 AM,09:00:00,Hot-Wet,2010-04-28 09:00:00
15.03238322,-19.17512207,LA12,2010-04-28,09:20:52 AM,09:20:00,Hot-Wet,2010-04-28 09:20:00
15.03023682,-19.17395833,LA12,2010-04-28,09:40:52 AM,09:40:00,Hot-Wet,2010-04-28 09:40:00
15.02888184,-19.17286174,LA12,2010-04-28,10:00:52 AM,10:00:00,Hot-Wet,2010-04-28 10:00:00
15.02552287,-19.16848755,LA12,2010-04-28,10:20:52 AM,10:20:00,Hot-Wet,2010-04-28 10:20:00
15.01971741,-19.16248983,LA12,2010-04-28,10:40:52 AM,10:40:00,Hot-Wet,2010-04-28 10:40:00
15.01742045,-19.16150716,LA12,2010-04-28,11:00:52 AM,11:00:00,Hot-Wet,2010-04-28 11:00:00
15.01669312,-19.16197713,LA12,2010-04-28,11:20:52 AM,11:20:00,Hot-Wet,2010-04-28 11:20:00
15.01875,-19.16431885,LA12,2010-04-28,11:40:52 AM,11:40:00,Hot-Wet,2010-04-28 11:40:00
15.01896667,-19.1652832,LA12,2010-04-28,12:00:52 PM,12:00:00,Hot-Wet,2010-04-28 12:00:00
15.01854858,-19.16437785,LA12,2010-04-28,12:20:53 PM,12:20:00,Hot-Wet,2010-04-28 12:20:00
15.01923523,-19.16306763,LA12,2010-04-28,12:40:52 PM,12:40:00,Hot-Wet,2010-04-28 12:40:00
15.01581828,-19.15536499,LA12,2010-04-28,01:00:52 PM,13:00:00,Hot-Wet,2010-04-28 13:00:00
15.01598002,-19.1457255,LA12,2010-04-28,01:20:52 PM,13:20:00,Hot-Wet,2010-04-28 13:20:00
15.0152476,-19.13777873,LA12,2010-04-28,01:40:52 PM,13:40:00,Hot-Wet,2010-04-28 13:40:00
15.01890462,-19.13156942,LA12,2010-04-28,02:00:52 PM,14:00:00,Hot-Wet,2010-04-28 14:00:00
15.01930644,-19.13135783,LA12,2010-04-28,02:20:52 PM,14:20:00,Hot-Wet,2010-04-28 14:20:00
15.01832174,-19.13318888,LA12,2010-04-28,02:40:52 PM,14:40:00,Hot-Wet,2010-04-28 14:40:00
15.01874695,-19.13354289,LA12,2010-04-28,03:00:52 PM,15:00:00,Hot-Wet,2010-04-28 15:00:00
15.021462,-19.13774414,LA12,2010-04-28,03:20:52 PM,15:20:00,Hot-Wet,2010-04-28 15:20:00
15.02052409,-19.1400472,LA12,2010-04-28,03:40:53 PM,15:40:00,Hot-Wet,2010-04-28 15:40:00
15.02162679,-19.14329427,LA12,2010-04-28,04:00:52 PM,16:00:00,Hot-Wet,2010-04-28 16:00:00
15.02149353,-19.14851888,LA12,2010-04-28,04:20:52 PM,16:20:00,Hot-Wet,2010-04-28 16:20:00
15.02297363,-19.15372925,LA12,2010-04-28,04:40:52 PM,16:40:00,Hot-Wet,2010-04-28 16:40:00
15.02458903,-19.16071167,LA12,2010-04-28,05:00:52 PM,17:00:00,Hot-Wet,2010-04-28 17:00:00
15.02692464,-19.1682902,LA12,2010-04-28,05:20:52 PM,17:20:00,Hot-Wet,2010-04-28 17:20:00
15.02859802,-19.17437134,LA12,2010-04-28,05:40:52 PM,17:40:00,Hot-Wet,2010-04-28 17:40:00
15.027889,-19.17911784,LA12,2010-04-28,06:00:52 PM,18:00:00,Hot-Wet,2010-04-28 18:00:00
15.02835185,-19.18558146,LA12,2010-04-28,06:20:52 PM,18:20:00,Hot-Wet,2010-04-28 18:20:00
15.03235677,-19.19179688,LA12,2010-04-28,06:40:52 PM,18:40:00,Hot-Wet,2010-04-28 18:40:00
15.03633626,-19.19970703,LA12,2010-04-28,07:00:52 PM,19:00:00,Hot-Wet,2010-04-28 19:00:00
15.03678182,-19.20201619,LA12,2010-04-28,07:20:52 PM,19:20:00,Hot-Wet,2010-04-28 19:20:00
15.03893127,-19.20331828,LA12,2010-04-28,07:40:52 PM,19:40:00,Hot-Wet,2010-04-28 19:40:00
15.04021912,-19.20415039,LA12,2010-04-28,08:00:52 PM,20:00:00,Hot-Wet,2010-04-28 20:00:00
15.0404541,-19.20422363,LA12,2010-04-28,08:20:52 PM,20:20:00,Hot-Wet,2010-04-28 20:20:00
15.04067179,-19.20447795,LA12,2010-04-28,08:40:52 PM,20:40:00,Hot-Wet,2010-04-28 20:40:00
15.04111633,-19.2043457,LA12,2010-04-28,09:00:52 PM,21:00:00,Hot-Wet,2010-04-28 21:00:00
15.04196574,-19.2052063,LA12,2010-04-28,09:20:52 PM,21:20:00,Hot-Wet,2010-04-28 21:20:00
15.04218038,-19.20526123,LA12,2010-04-28,09:40:52 PM,21:40:00,Hot-Wet,2010-04-28 21:40:00
15.04269002,-19.20543416,LA12,2010-04-28,10:00:52 PM,22:00:00,Hot-Wet,2010-04-28 22:00:00
15.04359131,-19.20581665,LA12,2010-04-28,10:20:52 PM,22:20:00,Hot-Wet,2010-04-28 22:20:00
15.04429423,-19.20525309,LA12,2010-04-28,10:40:52 PM,22:40:00,Hot-Wet,2010-04-28 22:40:00
15.04454041,-19.20516357,LA12,2010-04-28,11:00:52 PM,23:00:00,Hot-Wet,2010-04-28 23:00:00
15.04554545,-19.20602417,LA12,2010-04-28,11:20:52 PM,23:20:00,Hot-Wet,2010-04-28 23:20:00
15.04554647,-19.20598958,LA12,2010-04-28,11:40:53 PM,23:40:00,Hot-Wet,2010-04-28 23:40:00
15.04579061,-19.20563354,LA12,2010-04-29,12:00:52 AM,00:00:00,Hot-Wet,2010-04-29 00:00:00
15.04608968,-19.2056132,LA12,2010-04-29,12:20:52 AM,00:20:00,Hot-Wet,2010-04-29 00:20:00
15.04627686,-19.20438029,LA12,2010-04-29,12:40:52 AM,00:40:00,Hot-Wet,2010-04-29 00:40:00
15.0463328,-19.2043396,LA12,2010-04-29,01:00:52 AM,01:00:00,Hot-Wet,2010-04-29 01:00:00
15.04633382,-19.20435384,LA12,2010-04-29,01:20:52 AM,01:20:00,Hot-Wet,2010-04-29 01:20:00
15.04635111,-19.20432536,LA12,2010-04-29,01:40:52 AM,01:40:00,Hot-Wet,2010-04-29 01:40:00
15.04599508,-19.20348714,LA12,2010-04-29,02:00:52 AM,02:00:00,Hot-Wet,2010-04-29 02:00:00
15.04667257,-19.20244344,LA12,2010-04-29,02:20:52 AM,02:20:00,Hot-Wet,2010-04-29 02:20:00
15.04694417,-19.20239868,LA12,2010-04-29,02:40:52 AM,02:40:00,Hot-Wet,2010-04-29 02:40:00
15.04693095,-19.20240275,LA12,2010-04-29,03:00:52 AM,03:00:00,Hot-Wet,2010-04-29 03:00:00
15.0469401,-19.20240275,LA12,2010-04-29,03:20:58 AM,03:20:00,Hot-Wet,2010-04-29 03:20:00
15.0469401,-19.20242106,LA12,2010-04-29,03:40:52 AM,03:40:00,Hot-Wet,2010-04-29 03:40:00
15.04693197,-19.20240885,LA12,2010-04-29,04:00:52 AM,04:00:00,Hot-Wet,2010-04-29 04:00:00
15.04704285,-19.20246175,LA12,2010-04-29,04:20:52 AM,04:20:00,Hot-Wet,2010-04-29 04:20:00
15.04560242,-19.20315348,LA12,2010-04-29,04:40:52 AM,04:40:00,Hot-Wet,2010-04-29 04:40:00
15.04471029,-19.20206299,LA12,2010-04-29,05:00:52 AM,05:00:00,Hot-Wet,2010-04-29 05:00:00
15.04396973,-19.19766439,LA12,2010-04-29,05:20:52 AM,05:20:00,Hot-Wet,2010-04-29 05:20:00
15.0429952,-19.19322306,LA12,2010-04-29,05:40:52 AM,05:40:00,Hot-Wet,2010-04-29 05:40:00
15.04156087,-19.19016724,LA12,2010-04-29,06:00:52 AM,06:00:00,Hot-Wet,2010-04-29 06:00:00
15.04093933,-19.19001261,LA12,2010-04-29,06:20:52 AM,06:20:00,Hot-Wet,2010-04-29 06:20:00
15.03995667,-19.18897298,LA12,2010-04-29,06:40:52 AM,06:40:00,Hot-Wet,2010-04-29 06:40:00
15.0397878,-19.18785197,LA12,2010-04-29,07:00:52 AM,07:00:00,Hot-Wet,2010-04-29 07:00:00
15.03962911,-19.1868042,LA12,2010-04-29,07:20:52 AM,07:20:00,Hot-Wet,2010-04-29 07:20:00
15.03835042,-19.18123983,LA12,2010-04-29,07:40:52 AM,07:40:00,Hot-Wet,2010-04-29 07:40:00
15.03851725,-19.17648315,LA12,2010-04-29,08:00:52 AM,08:00:00,Hot-Wet,2010-04-29 08:00:00
15.03584493,-19.16988932,LA12,2010-04-29,08:20:52 AM,08:20:00,Hot-Wet,2010-04-29 08:20:00
15.03135071,-19.16531169,LA12,2010-04-29,08:40:52 AM,08:40:00,Hot-Wet,2010-04-29 08:40:00
15.02684428,-19.16007487,LA12,2010-04-29,09:00:52 AM,09:00:00,Hot-Wet,2010-04-29 09:00:00
15.01967265,-19.15593058,LA12,2010-04-29,09:20:52 AM,09:20:00,Hot-Wet,2010-04-29 09:20:00
15.01673381,-19.14647013,LA12,2010-04-29,09:40:52 AM,09:40:00,Hot-Wet,2010-04-29 09:40:00
15.01561991,-19.1398763,LA12,2010-04-29,10:00:52 AM,10:00:00,Hot-Wet,2010-04-29 10:00:00
15.01651815,-19.13607381,LA12,2010-04-29,10:20:52 AM,10:20:00,Hot-Wet,2010-04-29 10:20:00
15.01747131,-19.13513997,LA12,2010-04-29,10:40:52 AM,10:40:00,Hot-Wet,2010-04-29 10:40:00
15.01888123,-19.13150024,LA12,2010-04-29,11:00:52 AM,11:00:00,Hot-Wet,2010-04-29 11:00:00
15.01888428,-19.13149211,LA12,2010-04-29,11:20:52 AM,11:20:00,Hot-Wet,2010-04-29 11:20:00
15.01902771,-19.13138835,LA12,2010-04-29,11:40:52 AM,11:40:00,Hot-Wet,2010-04-29 11:40:00
15.01902873,-19.13117676,LA12,2010-04-29,12:00:52 PM,12:00:00,Hot-Wet,2010-04-29 12:00:00
15.01901855,-19.13120728,LA12,2010-04-29,12:20:52 PM,12:20:00,Hot-Wet,2010-04-29 12:20:00
15.01882731,-19.1351888,LA12,2010-04-29,12:40:52 PM,12:40:00,Hot-Wet,2010-04-29 12:40:00
15.01735026,-19.14007365,LA12,2010-04-29,01:00:52 PM,13:00:00,Hot-Wet,2010-04-29 13:00:00
15.01600444,-19.14079386,LA12,2010-04-29,01:20:52 PM,13:20:00,Hot-Wet,2010-04-29 13:20:00
15.01130371,-19.13631592,LA12,2010-04-29,01:40:52 PM,13:40:00,Hot-Wet,2010-04-29 13:40:00
15.01107585,-19.13367716,LA12,2010-04-29,02:00:52 PM,14:00:00,Hot-Wet,2010-04-29 14:00:00
15.01408183,-19.13059082,LA12,2010-04-29,02:20:52 PM,14:20:00,Hot-Wet,2010-04-29 14:20:00
15.01983541,-19.13201701,LA12,2010-04-29,02:40:52 PM,14:40:00,Hot-Wet,2010-04-29 14:40:00
15.02065837,-19.14002889,LA12,2010-04-29,03:00:52 PM,15:00:00,Hot-Wet,2010-04-29 15:00:00
15.02158813,-19.14188843,LA12,2010-04-29,03:20:52 PM,15:20:00,Hot-Wet,2010-04-29 15:20:00
15.02024638,-19.14570109,LA12,2010-04-29,03:40:52 PM,15:40:00,Hot-Wet,2010-04-29 15:40:00
15.01883036,-19.15222982,LA12,2010-04-29,04:00:52 PM,16:00:00,Hot-Wet,2010-04-29 16:00:00
15.02061564,-19.16013184,LA12,2010-04-29,04:20:52 PM,16:20:00,Hot-Wet,2010-04-29 16:20:00
15.02327576,-19.16314697,LA12,2010-04-29,04:40:52 PM,16:40:00,Hot-Wet,2010-04-29 16:40:00
15.02445374,-19.16755981,LA12,2010-04-29,05:00:52 PM,17:00:00,Hot-Wet,2010-04-29 17:00:00
15.02618103,-19.17426758,LA12,2010-04-29,05:20:52 PM,17:20:00,Hot-Wet,2010-04-29 17:20:00
15.02737223,-19.17669881,LA12,2010-04-29,05:40:52 PM,17:40:00,Hot-Wet,2010-04-29 17:40:00
15.02848104,-19.17817179,LA12,2010-04-29,06:00:52 PM,18:00:00,Hot-Wet,2010-04-29 18:00:00
15.03488668,-19.18650513,LA12,2010-04-29,06:20:52 PM,18:20:00,Hot-Wet,2010-04-29 18:20:00
15.04107564,-19.19724325,LA12,2010-04-29,06:40:52 PM,18:40:00,Hot-Wet,2010-04-29 18:40:00
15.04358317,-19.20083822,LA12,2010-04-29,07:00:52 PM,19:00:00,Hot-Wet,2010-04-29 19:00:00
15.04329325,-19.20300496,LA12,2010-04-29,07:20:53 PM,19:20:00,Hot-Wet,2010-04-29 19:20:00
15.04289754,-19.203184,LA12,2010-04-29,07:40:52 PM,19:40:00,Hot-Wet,2010-04-29 19:40:00
15.04427185,-19.20455119,LA12,2010-04-29,08:00:52 PM,20:00:00,Hot-Wet,2010-04-29 20:00:00
15.04465739,-19.2045105,LA12,2010-04-29,08:20:52 PM,20:20:00,Hot-Wet,2010-04-29 20:20:00
15.04499715,-19.2044576,LA12,2010-04-29,08:40:52 PM,20:40:00,Hot-Wet,2010-04-29 20:40:00
15.04494019,-19.2049825,LA12,2010-04-29,09:00:52 PM,21:00:00,Hot-Wet,2010-04-29 21:00:00
15.0440684,-19.2052653,LA12,2010-04-29,09:20:52 PM,21:20:00,Hot-Wet,2010-04-29 21:20:00
15.04347839,-19.20512695,LA12,2010-04-29,09:40:52 PM,21:40:00,Hot-Wet,2010-04-29 21:40:00
15.04290873,-19.20469767,LA12,2010-04-29,10:00:52 PM,22:00:00,Hot-Wet,2010-04-29 22:00:00
15.04405111,-19.20571493,LA12,2010-04-29,10:20:52 PM,22:20:00,Hot-Wet,2010-04-29 22:20:00
15.04561768,-19.20659383,LA12,2010-04-29,10:40:52 PM,22:40:00,Hot-Wet,2010-04-29 22:40:00
15.04678853,-19.20702108,LA12,2010-04-29,11:00:52 PM,23:00:00,Hot-Wet,2010-04-29 23:00:00
15.04732259,-19.20698649,LA12,2010-04-29,11:20:52 PM,23:20:00,Hot-Wet,2010-04-29 23:20:00
15.04756978,-19.20692749,LA12,2010-04-29,11:40:52 PM,23:40:00,Hot-Wet,2010-04-29 23:40:00
15.04811503,-19.20590007,LA12,2010-04-30,12:00:52 AM,00:00:00,Hot-Wet,2010-04-30 00:00:00
15.0480896,-19.20591227,LA12,2010-04-30,12:20:52 AM,00:20:00,Hot-Wet,2010-04-30 00:20:00
15.04908854,-19.20514323,LA12,2010-04-30,12:41:02 AM,00:41:00,Hot-Wet,2010-04-30 00:41:00
15.04952087,-19.20465291,LA12,2010-04-30,01:00:52 AM,01:00:00,Hot-Wet,2010-04-30 01:00:00
15.05014547,-19.20482381,LA12,2010-04-30,01:20:52 AM,01:20:00,Hot-Wet,2010-04-30 01:20:00
15.05014547,-19.20481364,LA12,2010-04-30,01:40:52 AM,01:40:00,Hot-Wet,2010-04-30 01:40:00
15.05014445,-19.2048055,LA12,2010-04-30,02:00:52 AM,02:00:00,Hot-Wet,2010-04-30 02:00:00
15.05014852,-19.20481771,LA12,2010-04-30,02:20:52 AM,02:20:00,Hot-Wet,2010-04-30 02:20:00
15.05088094,-19.20172933,LA12,2010-04-30,02:40:52 AM,02:40:00,Hot-Wet,2010-04-30 02:40:00
15.05095317,-19.20174357,LA12,2010-04-30,03:00:52 AM,03:00:00,Hot-Wet,2010-04-30 03:00:00
15.05095927,-19.20172323,LA12,2010-04-30,03:20:52 AM,03:20:00,Hot-Wet,2010-04-30 03:20:00
15.05096944,-19.20172119,LA12,2010-04-30,03:40:52 AM,03:40:00,Hot-Wet,2010-04-30 03:40:00
15.05103149,-19.19984334,LA12,2010-04-30,04:00:52 AM,04:00:00,Hot-Wet,2010-04-30 04:00:00
15.05171712,-19.19964803,LA12,2010-04-30,04:20:52 AM,04:20:00,Hot-Wet,2010-04-30 04:20:00
15.05127157,-19.1987854,LA12,2010-04-30,04:40:52 AM,04:40:00,Hot-Wet,2010-04-30 04:40:00
15.04941508,-19.19351196,LA12,2010-04-30,05:00:52 AM,05:00:00,Hot-Wet,2010-04-30 05:00:00
15.0458608,-19.1907369,LA12,2010-04-30,05:20:52 AM,05:20:00,Hot-Wet,2010-04-30 05:20:00
15.04695333,-19.18920492,LA12,2010-04-30,05:40:52 AM,05:40:00,Hot-Wet,2010-04-30 05:40:00
15.04695638,-19.18920695,LA12,2010-04-30,06:00:52 AM,06:00:00,Hot-Wet,2010-04-30 06:00:00
15.0460378,-19.19011027,LA12,2010-04-30,06:20:52 AM,06:20:00,Hot-Wet,2010-04-30 06:20:00
15.04505412,-19.19184367,LA12,2010-04-30,06:40:52 AM,06:40:00,Hot-Wet,2010-04-30 06:40:00
15.04504801,-19.19356486,LA12,2010-04-30,07:00:52 AM,07:00:00,Hot-Wet,2010-04-30 07:00:00
15.04268188,-19.19430135,LA12,2010-04-30,07:20:52 AM,07:20:00,Hot-Wet,2010-04-30 07:20:00
15.04205729,-19.19451294,LA12,2010-04-30,07:40:52 AM,07:40:00,Hot-Wet,2010-04-30 07:40:00
15.04185994,-19.19454346,LA12,2010-04-30,08:00:52 AM,08:00:00,Hot-Wet,2010-04-30 08:00:00
15.0418457,-19.19453939,LA12,2010-04-30,08:20:52 AM,08:20:00,Hot-Wet,2010-04-30 08:20:00
15.04151001,-19.19417725,LA12,2010-04-30,08:40:52 AM,08:40:00,Hot-Wet,2010-04-30 08:40:00
15.04277242,-19.19330851,LA12,2010-04-30,09:00:52 AM,09:00:00,Hot-Wet,2010-04-30 09:00:00
15.04629211,-19.19522909,LA12,2010-04-30,09:20:52 AM,09:20:00,Hot-Wet,2010-04-30 09:20:00
15.04691366,-19.19648031,LA12,2010-04-30,09:40:52 AM,09:40:00,Hot-Wet,2010-04-30 09:40:00
15.04732259,-19.19776815,LA12,2010-04-30,10:00:52 AM,10:00:00,Hot-Wet,2010-04-30 10:00:00
15.04851379,-19.19908854,LA12,2010-04-30,10:20:52 AM,10:20:00,Hot-Wet,2010-04-30 10:20:00
15.04883118,-19.19924113,LA12,2010-04-30,10:40:52 AM,10:40:00,Hot-Wet,2010-04-30 10:40:00
15.05111186,-19.19687093,LA12,2010-04-30,11:00:52 AM,11:00:00,Hot-Wet,2010-04-30 11:00:00
15.05118103,-19.19683838,LA12,2010-04-30,11:20:52 AM,11:20:00,Hot-Wet,2010-04-30 11:20:00
15.05118205,-19.19685872,LA12,2010-04-30,11:40:52 AM,11:40:00,Hot-Wet,2010-04-30 11:40:00
15.05095825,-19.19696452,LA12,2010-04-30,12:00:52 PM,12:00:00,Hot-Wet,2010-04-30 12:00:00
15.05095723,-19.19696859,LA12,2010-04-30,12:20:52 PM,12:20:00,Hot-Wet,2010-04-30 12:20:00
15.05099894,-19.19664307,LA12,2010-04-30,12:40:52 PM,12:40:00,Hot-Wet,2010-04-30 12:40:00
15.0507843,-19.19615275,LA12,2010-04-30,01:00:52 PM,13:00:00,Hot-Wet,2010-04-30 13:00:00
15.05077209,-19.19614461,LA12,2010-04-30,01:20:52 PM,13:20:00,Hot-Wet,2010-04-30 13:20:00
15.05111694,-19.19524333,LA12,2010-04-30,01:40:52 PM,13:40:00,Hot-Wet,2010-04-30 13:40:00
15.05197652,-19.19546916,LA12,2010-04-30,02:00:52 PM,14:00:00,Hot-Wet,2010-04-30 14:00:00
15.05332235,-19.1981547,LA12,2010-04-30,02:20:52 PM,14:20:00,Hot-Wet,2010-04-30 14:20:00
15.05370585,-19.19900716,LA12,2010-04-30,02:40:52 PM,14:40:00,Hot-Wet,2010-04-30 14:40:00
15.05447795,-19.19989217,LA12,2010-04-30,03:00:52 PM,15:00:00,Hot-Wet,2010-04-30 15:00:00
15.05436096,-19.20003459,LA12,2010-04-30,03:20:52 PM,15:20:00,Hot-Wet,2010-04-30 15:20:00
15.05374146,-19.20186157,LA12,2010-04-30,03:40:52 PM,15:40:00,Hot-Wet,2010-04-30 15:40:00
15.05382182,-19.20354207,LA12,2010-04-30,04:00:53 PM,16:00:00,Hot-Wet,2010-04-30 16:00:00
15.0535848,-19.20523682,LA12,2010-04-30,04:20:52 PM,16:20:00,Hot-Wet,2010-04-30 16:20:00
15.05217896,-19.20741781,LA12,2010-04-30,04:40:52 PM,16:40:00,Hot-Wet,2010-04-30 16:40:00
15.04776306,-19.2075826,LA12,2010-04-30,05:00:52 PM,17:00:00,Hot-Wet,2010-04-30 17:00:00
15.043986,-19.20765381,LA12,2010-04-30,05:20:52 PM,17:20:00,Hot-Wet,2010-04-30 17:20:00
15.0414327,-19.20797933,LA12,2010-04-30,05:40:52 PM,17:40:00,Hot-Wet,2010-04-30 17:40:00
15.04035034,-19.20803019,LA12,2010-04-30,06:00:52 PM,18:00:00,Hot-Wet,2010-04-30 18:00:00
15.03846537,-19.20714315,LA12,2010-04-30,06:20:52 PM,18:20:00,Hot-Wet,2010-04-30 18:20:00
15.03826192,-19.20685018,LA12,2010-04-30,06:40:52 PM,18:40:00,Hot-Wet,2010-04-30 18:40:00
15.03667806,-19.20705566,LA12,2010-04-30,07:00:52 PM,19:00:00,Hot-Wet,2010-04-30 19:00:00
15.03271993,-19.20837199,LA12,2010-04-30,07:20:52 PM,19:20:00,Hot-Wet,2010-04-30 19:20:00
15.02426046,-19.20997314,LA12,2010-04-30,07:40:52 PM,19:40:00,Hot-Wet,2010-04-30 19:40:00
15.01689962,-19.21148682,LA12,2010-04-30,08:00:52 PM,20:00:00,Hot-Wet,2010-04-30 20:00:00
15.01158346,-19.21254069,LA12,2010-04-30,08:20:52 PM,20:20:00,Hot-Wet,2010-04-30 20:20:00
15.0070048,-19.21342163,LA12,2010-04-30,08:40:52 PM,20:40:00,Hot-Wet,2010-04-30 20:40:00
15.00009054,-19.21485392,LA12,2010-04-30,09:00:52 PM,21:00:00,Hot-Wet,2010-04-30 21:00:00
14.99520569,-19.21609497,LA12,2010-04-30,09:20:52 PM,21:20:00,Hot-Wet,2010-04-30 21:20:00
14.99340719,-19.21664632,LA12,2010-04-30,09:40:52 PM,21:40:00,Hot-Wet,2010-04-30 21:40:00
14.99086507,-19.21735026,LA12,2010-04-30,10:00:52 PM,22:00:00,Hot-Wet,2010-04-30 22:00:00
14.98833618,-19.21637166,LA12,2010-04-30,10:20:52 PM,22:20:00,Hot-Wet,2010-04-30 22:20:00
14.98723348,-19.2151062,LA12,2010-04-30,10:40:52 PM,22:40:00,Hot-Wet,2010-04-30 22:40:00
14.98564962,-19.21231079,LA12,2010-04-30,11:00:52 PM,23:00:00,Hot-Wet,2010-04-30 23:00:00
14.98250427,-19.21043091,LA12,2010-04-30,11:20:52 PM,23:20:00,Hot-Wet,2010-04-30 23:20:00
14.98300578,-19.20427653,LA12,2010-04-30,11:40:52 PM,23:40:00,Hot-Wet,2010-04-30 23:40:00
